-2.532e-02
-3.171e-02
-3.726e-02
-4.070e-02
-4.239e-02
-4.093e-02
-3.774e-02
-3.333e-02
-3.336e-02
-3.129e-02
-2.947e-02
-2.664e-02
-2.471e-02
-2.618e-02
-2.523e-02
-2.260e-02
-2.141e-02
-2.004e-02
-1.865e-02
-1.797e-02
-1.936e-02
-1.865e-02
-1.882e-02
-1.617e-02
-1.317e-02
-1.227e-02
-1.348e-02
-1.285e-02
-1.298e-02
-1.425e-02
-1.641e-02
-1.672e-02
-1.682e-02
-1.787e-02
-1.905e-02
-2.132e-02
-2.214e-02
-2.366e-02
-2.380e-02
-2.627e-02
-2.817e-02
-2.806e-02
-2.956e-02
-2.938e-02
-2.704e-02
-2.651e-02
-2.833e-02
-2.765e-02
-2.722e-02
-2.924e-02
-3.164e-02
-3.245e-02
-3.365e-02
-3.295e-02
-3.237e-02
-3.182e-02
-3.292e-02
-3.165e-02
-2.920e-02
-2.983e-02
-2.890e-02
-2.738e-02
-2.781e-02
-2.595e-02
-2.877e-02
-3.004e-02
-3.004e-02
-2.806e-02
-2.797e-02
-2.758e-02
-2.971e-02
-3.062e-02
-2.831e-02
-2.868e-02
-3.466e-02
-3.589e-02
-3.989e-02
-3.907e-02
-3.906e-02
-3.828e-02
-3.786e-02
-3.486e-02
-3.560e-02
-3.871e-02
-3.989e-02
-3.678e-02
-3.357e-02
-3.078e-02
-2.943e-02
-2.738e-02
-2.746e-02
-2.689e-02
-2.870e-02
-2.796e-02
-2.658e-02
-3.052e-02
-3.824e-02
-4.416e-02
-4.629e-02
-4.239e-02
-3.970e-02
-3.686e-02
-2.960e-02
-2.718e-02
-2.787e-02
-2.807e-02
-2.495e-02
-2.474e-02
-2.671e-02
-2.631e-02
-2.610e-02
-2.609e-02
-2.687e-02
-2.716e-02
-2.650e-02
-2.365e-02
-2.311e-02
-2.482e-02
-2.567e-02
-2.774e-02
-2.827e-02
-2.612e-02
-2.507e-02
-2.379e-02
-2.213e-02
-2.140e-02
-2.211e-02
-2.343e-02
-2.265e-02
-2.152e-02
-1.982e-02
-2.117e-02
-1.967e-02
-2.008e-02
-2.151e-02
-2.235e-02
-2.152e-02
-2.200e-02
-2.272e-02
-2.195e-02
-2.161e-02
-2.195e-02
-2.330e-02
-2.225e-02
-2.304e-02
-2.165e-02
-2.366e-02
-2.545e-02
-2.541e-02
-2.341e-02
-2.089e-02
-1.854e-02
-1.958e-02
-2.103e-02
-2.085e-02
-2.288e-02
-2.245e-02
-2.422e-02
-2.563e-02
-2.596e-02
-2.694e-02
-2.613e-02
-2.562e-02
-2.506e-02
-2.496e-02
-2.382e-02
-2.692e-02
-2.692e-02
-2.801e-02
-2.730e-02
-2.619e-02
-2.557e-02
-2.362e-02
-2.406e-02
-2.581e-02
-2.549e-02
-2.372e-02
-2.501e-02
-2.293e-02
-2.330e-02
-2.535e-02
-2.587e-02
-2.345e-02
-2.363e-02
-2.626e-02
-2.600e-02
-2.476e-02
-2.484e-02
-2.297e-02
-2.165e-02
-2.262e-02
-2.332e-02
-2.358e-02
-2.373e-02
-2.349e-02
-2.309e-02
-2.357e-02
-2.302e-02
-1.950e-02
-2.200e-02
-3.084e-02
-3.505e-02
-3.452e-02
-3.425e-02
-3.315e-02
-3.125e-02
-2.633e-02
-2.346e-02
-2.382e-02
-2.553e-02
-2.855e-02
-3.315e-02
-3.824e-02
-3.992e-02
-4.097e-02
-3.945e-02
-3.583e-02
-3.439e-02
-3.340e-02
-3.280e-02
-3.367e-02
-3.391e-02
-3.505e-02
-3.655e-02
-3.384e-02
-3.364e-02
-3.423e-02
-3.325e-02
-3.192e-02
-3.299e-02
-3.394e-02
-3.434e-02
-3.274e-02
-3.320e-02
-3.700e-02
-3.593e-02
-3.572e-02
-3.335e-02
-3.179e-02
-2.747e-02
-2.467e-02
-2.510e-02
-2.404e-02
-2.434e-02
-2.217e-02
-2.098e-02
-2.149e-02
-2.216e-02
-2.881e-02
-3.092e-02
-3.047e-02
-3.024e-02
-2.738e-02
-2.648e-02
-2.623e-02
-2.629e-02
-2.439e-02
-2.619e-02
-2.510e-02
-2.463e-02
-2.534e-02
-2.611e-02
-2.722e-02
-2.701e-02
-2.964e-02
-3.007e-02
-3.077e-02
-3.454e-02
-3.778e-02
-3.741e-02
-3.483e-02
-3.684e-02
-3.722e-02
-3.662e-02
-3.482e-02
-3.466e-02
-3.441e-02
-3.356e-02
-3.509e-02
-3.642e-02
-3.555e-02
-3.836e-02
-3.906e-02
-4.042e-02
-4.036e-02
-3.988e-02
-4.001e-02
-4.043e-02
-3.973e-02
-4.170e-02
-4.240e-02
-4.308e-02
-4.427e-02
-4.809e-02
-5.106e-02
-5.328e-02
-5.346e-02
-5.274e-02
-5.447e-02
-5.462e-02
-5.751e-02
-5.745e-02
-5.634e-02
-5.542e-02
-5.354e-02
-4.950e-02
-4.527e-02
-3.853e-02
-3.241e-02
-2.995e-02
-2.795e-02
-3.021e-02
-3.050e-02
-2.973e-02
-3.016e-02
-2.880e-02
-3.233e-02
-4.136e-02
-4.884e-02
-5.102e-02
-5.238e-02
-5.040e-02
-4.619e-02
-4.565e-02
-4.912e-02
-5.117e-02
-5.369e-02
-5.369e-02
-5.335e-02
-5.261e-02
-4.811e-02
-4.764e-02
-4.854e-02
-5.219e-02
-5.294e-02
-5.048e-02
-4.884e-02
-4.500e-02
-4.355e-02
-3.640e-02
-3.240e-02
-3.083e-02
-3.230e-02
-3.305e-02
-3.123e-02
-2.613e-02
-2.431e-02
-2.368e-02
-2.355e-02
-2.466e-02
-2.348e-02
-2.109e-02
-1.931e-02
-1.914e-02
-2.109e-02
-2.227e-02
-2.423e-02
-2.515e-02
-2.699e-02
-2.608e-02
-2.329e-02
-2.407e-02
-2.630e-02
-2.915e-02
-2.902e-02
-3.052e-02
-2.988e-02
-3.077e-02
-3.467e-02
-3.545e-02
-3.897e-02
-3.821e-02
-3.835e-02
-3.856e-02
-3.665e-02
-3.331e-02
-3.011e-02
-2.726e-02
-2.948e-02
-3.067e-02
-3.066e-02
-3.142e-02
-3.100e-02
-3.509e-02
-3.771e-02
-3.797e-02
-3.596e-02
-3.293e-02
-2.736e-02
-2.574e-02
-2.805e-02
-2.963e-02
-3.111e-02
-3.515e-02
-4.209e-02
-4.446e-02
-4.570e-02
-4.392e-02
-3.875e-02
-3.299e-02
-3.265e-02
-3.244e-02
-3.222e-02
-2.951e-02
-2.656e-02
-2.473e-02
-2.341e-02
-2.755e-02
-2.744e-02
-2.873e-02
-2.961e-02
-3.225e-02
-3.122e-02
-3.241e-02
-3.376e-02
-3.378e-02
-3.247e-02
-3.052e-02
-2.923e-02
-2.839e-02
-2.593e-02
-2.706e-02
-2.407e-02
-2.471e-02
-2.443e-02
-2.462e-02
-2.493e-02
-2.472e-02
-2.376e-02
-2.156e-02
-2.061e-02
-1.962e-02
-2.085e-02
-2.225e-02
-2.462e-02
-2.560e-02
-2.505e-02
-2.330e-02
-2.114e-02
-2.110e-02
-2.206e-02
-2.142e-02
-2.392e-02
-2.495e-02
-2.453e-02
-2.691e-02
-2.798e-02
-3.113e-02
-3.504e-02
-3.526e-02
-3.846e-02
-3.543e-02
-3.609e-02
-3.733e-02
-3.546e-02
-3.231e-02
-3.277e-02
-3.208e-02
-3.223e-02
-3.459e-02
-3.557e-02
-3.578e-02
-3.515e-02
-3.589e-02
-3.479e-02
-3.521e-02
-3.296e-02
-3.274e-02
-3.274e-02
-3.399e-02
-3.555e-02
-3.370e-02
-3.287e-02
-3.377e-02
-3.308e-02
-3.179e-02
-3.162e-02
-3.049e-02
-3.074e-02
-2.972e-02
-3.118e-02
-3.044e-02
-2.945e-02
-3.229e-02
-3.412e-02
-3.617e-02
-3.933e-02
-3.648e-02
-3.390e-02
-3.424e-02
-3.273e-02
-3.124e-02
-3.359e-02
-3.211e-02
-3.127e-02
-3.220e-02
-3.136e-02
-3.359e-02
-3.317e-02
-3.116e-02
-3.050e-02
-3.085e-02
-3.038e-02
-3.121e-02
-3.116e-02
-3.351e-02
-3.607e-02
-3.758e-02
-3.658e-02
-3.670e-02
-3.819e-02
-3.433e-02
-3.482e-02
-3.540e-02
-3.340e-02
-3.303e-02
-3.426e-02
-3.348e-02
-3.450e-02
-3.501e-02
-3.584e-02
-3.617e-02
-3.684e-02
-3.782e-02
-4.042e-02
-4.023e-02
-4.086e-02
-3.824e-02
-3.416e-02
-3.329e-02
-3.303e-02
-3.138e-02
-3.180e-02
-2.972e-02
-3.200e-02
-3.258e-02
-3.234e-02
-3.027e-02
-2.977e-02
-2.903e-02
-2.916e-02
-2.981e-02
-3.091e-02
-3.200e-02
-3.215e-02
-2.971e-02
-2.521e-02
-2.462e-02
-2.683e-02
-2.985e-02
-3.004e-02
-2.874e-02
-2.951e-02
-3.110e-02
-2.836e-02
-2.886e-02
-2.920e-02
-2.879e-02
-2.967e-02
-2.920e-02
-2.802e-02
-2.855e-02
-2.790e-02
-2.747e-02
-2.922e-02
-2.733e-02
-2.762e-02
-2.701e-02
-2.333e-02
-2.176e-02
-2.138e-02
-2.134e-02
-2.135e-02
-2.195e-02
-2.089e-02
-1.953e-02
-1.961e-02
-2.263e-02
-2.479e-02
-2.626e-02
-2.527e-02
-2.542e-02
-2.773e-02
-3.025e-02
-3.071e-02
-2.953e-02
-3.247e-02
-3.529e-02
-3.618e-02
-3.515e-02
-3.266e-02
-3.524e-02
-3.348e-02
-3.254e-02
-3.067e-02
-3.010e-02
-2.689e-02
-2.386e-02
-2.432e-02
-2.613e-02
-2.500e-02
-2.629e-02
-2.403e-02
-2.625e-02
-2.803e-02
-3.019e-02
-3.328e-02
-3.435e-02
-3.358e-02
-3.265e-02
-2.776e-02
-2.487e-02
-2.577e-02
-2.674e-02
-2.605e-02
-2.468e-02
-2.633e-02
-2.563e-02
-2.572e-02
-2.687e-02
-2.735e-02
-2.425e-02
-2.626e-02
-2.737e-02
-2.529e-02
-2.585e-02
-2.561e-02
-2.843e-02
-3.142e-02
-3.006e-02
-3.050e-02
-3.391e-02
-3.300e-02
-3.277e-02
-3.099e-02
-3.118e-02
-3.007e-02
-3.074e-02
-2.910e-02
-2.910e-02
-2.952e-02
-3.160e-02
-3.025e-02
-3.018e-02
-2.692e-02
-2.807e-02
-2.699e-02
-2.731e-02
-2.827e-02
-2.693e-02
-2.455e-02
-2.429e-02
-2.480e-02
-2.268e-02
-2.607e-02
-2.632e-02
-2.791e-02
-2.869e-02
-2.748e-02
-2.677e-02
-2.608e-02
-2.664e-02
-2.457e-02
-2.514e-02
-2.647e-02
-2.449e-02
-2.299e-02
-1.989e-02
-1.830e-02
-1.713e-02
-1.611e-02
-1.681e-02
-1.727e-02
-1.815e-02
-2.006e-02
-2.609e-02
-3.138e-02
-3.195e-02
-3.184e-02
-2.864e-02
-2.663e-02
-2.504e-02
-2.750e-02
-3.064e-02
-3.163e-02
-3.183e-02
-3.159e-02
-3.011e-02
-3.152e-02
-3.220e-02
-3.229e-02
-3.213e-02
-3.625e-02
-4.150e-02
-4.367e-02
-4.392e-02
-4.215e-02
-3.972e-02
-3.980e-02
-4.082e-02
-4.073e-02
-3.979e-02
-3.919e-02
-4.009e-02
-3.800e-02
-3.500e-02
-3.136e-02
-3.424e-02
-3.575e-02
-3.352e-02
-3.031e-02
-2.901e-02
-2.866e-02
-2.846e-02
-2.622e-02
-2.662e-02
-2.901e-02
-2.902e-02
-3.158e-02
-3.291e-02
-3.412e-02
-3.563e-02
-3.708e-02
-3.563e-02
-3.450e-02
-3.342e-02
-3.271e-02
-2.920e-02
-2.924e-02
-2.763e-02
-2.627e-02
-2.633e-02
-2.772e-02
-2.580e-02
-2.636e-02
-2.649e-02
-2.483e-02
-2.382e-02
-2.390e-02
-2.377e-02
-2.234e-02
-2.092e-02
-2.306e-02
-2.081e-02
-1.899e-02
-1.849e-02
-2.160e-02
-2.095e-02
-2.114e-02
-2.130e-02
-2.125e-02
-1.916e-02
-2.152e-02
-2.145e-02
-2.262e-02
-2.139e-02
-2.021e-02
-1.981e-02
-2.141e-02
-2.174e-02
-2.169e-02
-2.219e-02
-1.928e-02
-1.732e-02
-1.901e-02
-2.008e-02
-1.959e-02
-1.876e-02
-2.042e-02
-2.154e-02
-2.135e-02
-2.098e-02
-2.398e-02
-2.459e-02
-2.628e-02
-2.605e-02
-2.507e-02
-2.479e-02
-2.620e-02
-2.764e-02
-2.965e-02
-2.789e-02
-2.689e-02
-2.397e-02
-2.495e-02
-2.336e-02
-2.293e-02
-2.085e-02
-2.159e-02
-2.084e-02
-2.114e-02
-2.140e-02
-2.170e-02
-2.128e-02
-2.326e-02
-2.528e-02
-2.669e-02
-2.566e-02
-2.385e-02
-2.492e-02
-2.525e-02
-3.072e-02
-3.273e-02
-3.326e-02
-3.434e-02
-3.544e-02
-3.395e-02
-3.163e-02
-2.821e-02
-2.625e-02
-2.864e-02
-3.022e-02
-3.087e-02
-2.908e-02
-2.909e-02
-2.929e-02
-3.114e-02
-3.385e-02
-3.536e-02
-3.362e-02
-3.299e-02
-3.306e-02
-3.184e-02
-3.108e-02
-2.913e-02
-2.851e-02
-3.014e-02
-3.108e-02
-3.075e-02
-3.223e-02
-3.176e-02
-2.992e-02
-2.642e-02
-2.518e-02
-2.634e-02
-2.639e-02
-2.386e-02
-2.111e-02
-2.189e-02
-2.256e-02
-2.294e-02
-2.285e-02
-2.190e-02
-2.138e-02
-2.236e-02
-2.423e-02
-2.320e-02
-1.982e-02
-2.182e-02
-2.202e-02
-2.181e-02
-2.260e-02
-2.337e-02
-2.452e-02
-2.603e-02
-3.084e-02
-3.344e-02
-3.164e-02
-3.205e-02
-3.240e-02
-3.448e-02
-3.542e-02
-3.804e-02
-3.839e-02
-3.950e-02
-4.477e-02
-4.503e-02
-4.219e-02
-3.925e-02
-4.139e-02
-4.106e-02
-4.257e-02
-4.465e-02
-4.296e-02
-4.336e-02
-4.285e-02
-4.632e-02
-5.058e-02
-5.160e-02
-5.382e-02
-5.561e-02
-5.536e-02
-5.116e-02
-4.508e-02
-3.502e-02
-2.948e-02
-2.938e-02
-2.669e-02
-2.721e-02
-2.326e-02
-2.123e-02
-2.058e-02
-2.062e-02
-1.816e-02
-1.781e-02
-1.862e-02
-2.025e-02
-2.123e-02
-2.156e-02
-2.330e-02
-2.180e-02
-2.184e-02
-2.612e-02
-2.743e-02
-2.693e-02
-2.706e-02
-2.794e-02
-2.966e-02
-2.872e-02
-2.836e-02
-2.763e-02
-2.565e-02
-2.290e-02
-2.184e-02
-2.210e-02
-2.162e-02
-2.251e-02
-2.242e-02
-2.070e-02
-2.287e-02
-2.445e-02
-2.278e-02
-2.375e-02
-2.472e-02
-2.494e-02
-2.675e-02
-2.703e-02
-2.673e-02
-2.672e-02
-2.731e-02
-2.771e-02
-2.770e-02
-2.954e-02
-2.869e-02
-2.811e-02
-2.677e-02
-2.906e-02
-2.878e-02
-2.827e-02
-2.862e-02
-2.714e-02
-2.593e-02
-2.772e-02
-2.795e-02
-2.932e-02
-3.048e-02
-3.518e-02
-4.087e-02
-4.160e-02
-4.274e-02
-4.404e-02
-4.919e-02
-5.073e-02
-5.356e-02
-5.152e-02
-5.015e-02
-4.934e-02
-5.033e-02
-5.079e-02
-4.964e-02
-4.966e-02
-4.861e-02
-4.905e-02
-5.041e-02
-4.926e-02
-4.988e-02
-5.135e-02
-5.104e-02
-5.222e-02
-5.304e-02
-5.396e-02
-5.413e-02
-5.141e-02
-4.857e-02
-4.355e-02
-3.830e-02
-3.533e-02
-3.022e-02
-2.885e-02
-2.754e-02
-2.567e-02
-2.407e-02
-2.197e-02
-2.207e-02
-2.181e-02
-2.173e-02
-2.274e-02
-2.008e-02
-2.519e-02
-2.617e-02
-2.759e-02
-2.753e-02
-2.790e-02
-2.615e-02
-2.811e-02
-2.777e-02
-2.643e-02
-2.831e-02
-2.913e-02
-2.876e-02
-2.715e-02
-2.596e-02
-2.637e-02
-2.571e-02
-2.761e-02
-2.716e-02
-2.640e-02
-2.810e-02
-2.941e-02
-3.234e-02
-3.273e-02
-3.795e-02
-3.581e-02
-3.559e-02
-3.484e-02
-3.173e-02
-2.961e-02
-3.066e-02
-2.930e-02
-2.856e-02
-2.311e-02
-2.086e-02
-1.724e-02
-1.150e-02
