4.003e-02
4.755e-02
4.906e-02
4.505e-02
4.339e-02
2.955e-02
4.465e-03
-1.296e-02
-2.213e-02
-2.756e-02
-3.641e-02
-4.020e-02
-3.891e-02
-3.234e-02
-3.396e-02
-2.833e-02
-2.501e-02
-2.930e-02
-2.612e-02
-2.527e-02
-3.281e-02
-2.783e-02
-2.727e-02
-3.014e-02
-2.344e-02
-2.372e-02
-2.941e-02
-3.051e-02
-3.051e-02
-2.299e-02
-2.258e-02
-3.209e-02
-3.410e-02
-3.290e-02
-2.990e-02
-3.113e-02
-2.242e-02
-1.619e-02
-1.644e-02
-1.502e-02
-8.767e-03
-4.444e-03
-3.389e-03
-1.128e-02
-3.798e-03
-2.594e-03
-9.713e-03
-1.537e-02
-1.488e-02
-1.908e-02
-2.083e-02
-1.614e-02
-1.261e-02
-9.273e-03
-4.351e-03
-5.730e-03
-8.348e-03
-8.550e-03
-4.172e-03
1.912e-03
-8.092e-03
-1.814e-02
-1.681e-02
-1.693e-02
-2.626e-02
-2.566e-02
-2.852e-02
-2.900e-02
-3.588e-02
-3.696e-02
-2.909e-02
-2.015e-02
-4.307e-03
3.094e-03
3.095e-02
4.291e-02
5.069e-02
4.559e-02
5.243e-02
5.612e-02
5.597e-02
5.654e-02
5.453e-02
5.185e-02
4.918e-02
3.949e-02
8.439e-03
-9.731e-03
-1.653e-02
-1.891e-02
-1.786e-02
-1.481e-02
-1.196e-02
-3.516e-03
-2.950e-03
1.001e-02
3.096e-02
5.871e-02
6.824e-02
6.474e-02
5.902e-02
4.744e-02
3.486e-02
2.486e-02
1.599e-02
1.092e-02
7.711e-03
5.107e-03
2.640e-03
5.998e-03
-1.023e-03
-6.113e-03
-9.805e-03
-1.205e-02
-1.017e-02
-8.397e-03
-4.892e-03
-6.528e-03
-1.859e-02
-2.068e-02
-2.914e-02
-3.029e-02
-3.665e-02
-4.317e-02
-3.661e-02
-2.580e-02
-1.961e-02
-1.326e-02
-1.477e-02
-1.742e-02
-2.664e-02
-3.431e-02
-3.847e-02
-4.699e-02
-4.295e-02
-4.421e-02
-4.364e-02
-4.038e-02
-3.739e-02
-4.069e-02
-3.962e-02
-3.179e-02
-2.649e-02
-3.326e-02
-3.959e-02
-3.725e-02
-3.237e-02
-2.726e-02
-3.119e-02
-3.517e-02
-4.036e-02
-3.562e-02
-3.712e-02
-3.621e-02
-4.469e-02
-3.592e-02
-3.923e-02
-3.701e-02
-4.618e-02
-4.473e-02
-4.715e-02
-3.570e-02
-3.387e-02
-2.901e-02
-2.566e-02
-2.643e-02
-3.126e-02
-3.398e-02
-4.257e-02
-3.285e-02
-3.618e-02
-3.883e-02
-4.350e-02
-4.651e-02
-4.558e-02
-4.232e-02
-4.334e-02
-3.754e-02
-4.007e-02
-3.695e-02
-3.348e-02
-3.856e-02
-3.902e-02
-3.812e-02
-4.482e-02
-4.718e-02
-5.229e-02
-4.911e-02
-4.671e-02
-4.694e-02
-4.388e-02
-3.689e-02
-3.881e-02
-4.988e-02
-4.289e-02
-3.642e-02
-3.787e-02
-3.497e-02
-2.113e-02
-1.904e-02
-1.413e-02
-1.400e-02
-1.471e-02
-5.897e-03
-1.848e-02
-1.630e-02
-1.691e-02
-1.279e-02
-3.618e-03
3.863e-03
4.207e-03
1.701e-02
2.069e-02
2.150e-02
2.307e-02
1.338e-02
7.486e-03
3.138e-03
8.235e-03
7.513e-03
1.169e-03
-6.630e-05
-2.938e-03
9.956e-04
1.572e-03
3.316e-05
1.086e-03
1.751e-03
1.107e-02
2.984e-02
4.247e-02
3.742e-02
2.906e-02
2.272e-02
1.353e-02
-3.354e-04
-8.202e-04
-5.355e-03
-1.040e-02
-1.293e-02
-1.626e-02
-1.143e-02
-1.587e-02
-1.492e-02
-2.253e-02
-2.212e-02
-1.458e-02
-1.723e-02
-1.420e-02
-1.773e-02
-1.360e-02
-1.022e-02
-3.928e-03
-6.212e-03
-8.039e-03
-5.537e-03
-4.627e-03
-8.038e-03
-6.774e-03
-1.302e-02
-2.274e-02
-2.841e-02
-2.153e-02
-2.841e-02
-2.347e-02
-2.200e-02
-1.264e-02
-1.040e-02
-9.765e-03
-4.105e-03
-6.143e-03
-4.578e-03
-4.752e-04
1.738e-02
2.671e-02
2.206e-02
1.279e-02
5.322e-03
8.840e-03
6.402e-03
1.136e-02
9.006e-03
1.743e-02
2.299e-02
2.989e-02
3.267e-02
2.977e-02
2.076e-02
1.248e-02
2.532e-02
3.120e-02
3.455e-02
4.494e-02
5.684e-02
6.939e-02
6.788e-02
5.965e-02
6.142e-02
6.969e-02
7.634e-02
7.267e-02
7.176e-02
7.228e-02
6.714e-02
5.627e-02
4.358e-02
3.256e-02
-4.054e-03
-1.729e-02
-2.499e-02
-2.302e-02
-2.308e-02
-2.192e-02
-2.293e-02
-2.137e-02
-8.290e-03
3.703e-03
2.358e-02
4.893e-02
5.861e-02
6.572e-02
6.857e-02
6.203e-02
5.951e-02
7.570e-02
7.194e-02
7.572e-02
7.302e-02
7.518e-02
6.811e-02
5.726e-02
5.232e-02
4.949e-02
5.796e-02
5.885e-02
6.008e-02
4.576e-02
1.434e-02
1.144e-02
2.662e-02
2.619e-02
2.784e-02
1.658e-02
2.281e-03
-1.108e-02
-1.453e-02
-1.875e-02
-2.604e-02
-2.444e-02
-2.617e-02
-2.349e-02
-2.198e-02
-1.707e-02
-1.350e-02
-1.826e-02
-1.905e-02
-1.806e-02
-2.195e-02
-1.985e-02
-1.963e-02
-1.871e-02
-4.699e-03
6.348e-04
1.009e-02
1.003e-02
1.817e-02
1.919e-02
1.803e-02
2.222e-02
2.487e-02
4.473e-02
5.075e-02
4.769e-02
4.013e-02
3.292e-02
2.818e-02
1.154e-02
1.245e-02
1.572e-02
1.883e-02
1.221e-02
2.148e-02
2.345e-02
2.776e-02
2.853e-02
2.912e-02
2.691e-02
2.059e-02
1.254e-02
8.105e-03
9.888e-03
2.886e-03
1.011e-02
2.048e-02
5.211e-02
6.170e-02
6.867e-02
4.796e-02
1.127e-02
-6.966e-03
-1.135e-02
-1.150e-02
-1.324e-02
-2.258e-02
-3.055e-02
-2.449e-02
-2.613e-02
-2.498e-02
-2.613e-02
-2.711e-02
-2.006e-02
-2.595e-02
-2.986e-02
-3.070e-02
-1.966e-02
-1.488e-02
-2.003e-02
-1.419e-02
-1.765e-02
-1.230e-02
-1.740e-02
-2.182e-02
-2.992e-02
-3.263e-02
-2.845e-02
-2.701e-02
-2.847e-02
-2.422e-02
-2.270e-02
-2.569e-02
-2.360e-02
-2.422e-02
-1.941e-02
-1.660e-02
-1.551e-02
-1.490e-02
-2.278e-02
-2.741e-02
-2.060e-02
-1.401e-02
-1.092e-02
-1.354e-02
-1.773e-02
-1.244e-02
-1.001e-02
-7.940e-03
-1.219e-03
2.444e-03
-1.257e-04
-1.283e-02
-1.197e-02
-4.695e-03
-1.250e-03
2.273e-03
-5.018e-03
-1.293e-02
-1.906e-02
-2.546e-02
-2.633e-02
-2.232e-02
-1.788e-02
-1.988e-02
-2.002e-02
-2.114e-02
-8.838e-03
-2.644e-03
-4.729e-03
-3.003e-03
-9.174e-03
-1.812e-02
-2.296e-02
-2.087e-02
-2.355e-02
-2.307e-02
-2.933e-02
-2.809e-02
-2.653e-02
-2.378e-02
-2.340e-02
-2.224e-02
-2.143e-02
-2.232e-02
-2.557e-02
-2.824e-02
-2.127e-02
-2.328e-02
-2.147e-02
-1.696e-02
-2.577e-02
-2.670e-02
-3.195e-02
-2.435e-02
-2.319e-02
-2.250e-02
-2.527e-02
-2.885e-02
-2.639e-02
-4.105e-02
-4.231e-02
-3.845e-02
-2.911e-02
-2.464e-02
-2.159e-02
-2.490e-02
-2.539e-02
-1.720e-02
-1.942e-02
-2.008e-02
-2.095e-02
-2.317e-02
-2.526e-02
-2.267e-02
-1.690e-02
-1.451e-02
-2.576e-02
-2.190e-02
-2.665e-02
-1.670e-02
-2.226e-02
-2.163e-02
-1.862e-02
-2.465e-02
-2.091e-02
-2.106e-02
-1.522e-02
-4.727e-03
-4.651e-03
-1.417e-02
-2.060e-03
-2.089e-03
-6.514e-03
-4.189e-03
-3.859e-03
-3.896e-03
2.263e-03
-1.574e-02
-2.289e-02
-1.706e-02
-1.701e-02
-1.717e-02
-9.907e-03
-6.301e-03
-4.985e-03
-6.209e-03
-1.675e-02
-2.374e-02
-2.286e-02
-2.691e-02
-2.595e-02
-2.552e-02
-2.667e-02
-2.718e-02
-2.318e-02
-3.503e-02
-4.788e-02
-5.047e-02
-4.872e-02
-4.696e-02
-4.865e-02
-5.388e-02
-5.037e-02
-4.339e-02
-5.059e-02
-5.453e-02
-4.465e-02
-4.752e-02
-4.999e-02
-4.386e-02
-4.511e-02
-4.171e-02
-3.627e-02
-3.546e-02
-3.138e-02
-2.702e-02
-2.742e-02
-2.902e-02
-2.556e-02
-2.624e-02
-2.798e-02
-2.008e-02
-3.711e-02
-3.479e-02
-4.128e-02
-3.675e-02
-3.315e-02
-2.978e-02
-3.087e-02
-2.361e-02
-2.786e-02
-2.382e-02
-2.840e-02
-2.420e-02
-2.416e-02
-2.259e-02
-1.507e-02
-1.046e-02
-1.107e-02
-1.592e-02
-7.161e-03
-9.003e-03
-8.602e-03
-9.529e-03
-1.451e-02
-1.326e-02
-9.378e-03
-7.368e-03
-5.476e-03
-8.424e-03
-7.432e-03
-7.502e-03
-1.091e-03
1.883e-03
6.598e-03
-1.786e-03
7.024e-04
-4.252e-03
-4.132e-03
-2.442e-03
3.175e-03
-4.363e-03
-5.774e-03
-3.616e-03
-3.338e-03
1.856e-03
6.739e-04
-3.773e-03
-9.575e-03
-3.023e-03
-9.401e-03
-3.258e-03
-4.904e-03
-4.557e-03
-1.346e-02
-1.497e-02
-2.922e-03
-8.870e-03
-9.292e-03
1.219e-03
2.492e-03
3.249e-03
2.859e-03
-5.206e-03
-3.464e-03
-6.399e-03
-2.900e-03
-5.758e-03
-2.569e-03
6.279e-04
5.284e-03
9.921e-03
-1.476e-03
6.643e-03
7.065e-03
-3.082e-03
-1.638e-02
-2.156e-02
-2.618e-02
-3.040e-02
-3.166e-02
-2.191e-02
-1.853e-02
-9.457e-03
-4.939e-03
-7.774e-03
-1.873e-02
-2.406e-02
-1.982e-02
-2.176e-02
-2.091e-02
-2.604e-02
-2.282e-02
-2.017e-02
-2.040e-02
-1.277e-02
-1.386e-02
-1.131e-02
-9.661e-03
1.861e-03
6.177e-03
1.494e-02
3.362e-03
2.448e-03
-1.102e-02
-1.374e-02
-2.090e-02
-2.646e-02
-3.370e-02
-3.558e-02
-2.176e-02
-1.689e-02
-1.070e-02
-8.336e-04
1.451e-02
3.718e-02
5.105e-02
5.306e-02
4.873e-02
5.073e-02
5.051e-02
3.943e-02
2.346e-02
1.153e-02
1.152e-02
2.696e-02
3.505e-02
4.783e-02
3.675e-02
3.214e-02
1.569e-02
6.615e-03
-3.186e-03
-6.220e-03
-8.887e-04
5.834e-03
1.479e-03
-1.002e-03
2.657e-03
2.056e-03
-7.403e-03
-4.926e-03
-3.296e-03
-4.691e-03
-7.562e-03
-8.582e-03
-9.005e-03
-1.280e-02
-1.801e-02
-2.281e-02
-2.059e-02
-1.550e-02
-2.426e-02
-4.087e-02
-4.115e-02
-4.817e-02
-4.590e-02
-4.067e-02
-3.477e-02
-3.888e-02
-4.025e-02
-4.545e-02
-4.254e-02
-4.422e-02
-4.842e-02
-4.379e-02
-4.747e-02
-5.072e-02
-4.428e-02
-3.822e-02
-4.078e-02
-3.968e-02
-3.610e-02
-3.340e-02
-2.934e-02
-3.227e-02
-3.008e-02
-3.454e-02
-2.700e-02
-3.018e-02
-3.164e-02
-2.900e-02
-3.084e-02
-3.119e-02
-3.181e-02
-3.481e-02
-3.020e-02
-3.156e-02
-3.275e-02
-3.416e-02
-2.909e-02
-3.406e-02
-3.108e-02
-3.506e-02
-4.188e-02
-4.373e-02
-4.512e-02
-4.479e-02
-3.511e-02
-4.134e-02
-4.480e-02
-4.865e-02
-4.565e-02
-4.395e-02
-4.369e-02
-4.091e-02
-3.686e-02
-3.816e-02
-4.138e-02
-4.272e-02
-4.035e-02
-3.696e-02
-3.942e-02
-4.101e-02
-4.308e-02
-3.988e-02
-4.616e-02
-3.871e-02
-3.779e-02
-4.213e-02
-4.698e-02
-3.853e-02
-2.846e-02
-2.593e-02
-1.800e-02
-1.164e-02
-1.409e-02
-1.586e-02
-1.311e-02
-1.318e-02
-1.046e-02
-3.459e-03
-3.553e-03
1.028e-03
2.956e-03
-7.198e-03
-1.303e-02
-1.770e-02
-4.118e-03
-7.951e-03
-8.221e-03
-6.485e-03
-4.717e-03
1.131e-03
-2.152e-03
1.318e-04
-5.527e-04
-3.945e-03
1.046e-03
-1.298e-03
-6.118e-03
-6.690e-03
-6.155e-03
-5.623e-03
-9.693e-03
-1.298e-02
-2.245e-02
-2.983e-02
-2.780e-02
-3.355e-02
-3.665e-02
-3.725e-02
-4.749e-02
-5.516e-02
-5.214e-02
-4.602e-02
-4.953e-02
-4.432e-02
-4.700e-02
-4.652e-02
-5.310e-02
-4.785e-02
-4.800e-02
-4.650e-02
-4.817e-02
-4.611e-02
-4.038e-02
-3.972e-02
-2.405e-02
1.466e-03
8.834e-03
9.731e-03
1.265e-02
1.570e-02
2.015e-02
2.714e-02
1.135e-02
-1.484e-03
-3.806e-03
6.399e-04
2.592e-02
4.109e-02
5.046e-02
5.849e-02
6.383e-02
6.181e-02
5.171e-02
5.594e-02
6.003e-02
6.745e-02
6.560e-02
7.284e-02
7.203e-02
6.504e-02
5.638e-02
4.291e-02
2.839e-02
5.647e-03
-4.648e-03
-1.254e-02
-1.536e-02
-1.923e-02
-2.001e-02
-2.028e-02
-1.533e-02
-1.467e-02
-1.480e-02
-1.659e-02
-1.552e-02
-1.798e-02
-1.905e-02
-2.168e-02
-2.303e-02
-2.288e-02
-1.589e-02
-1.587e-02
-9.145e-03
-3.988e-03
-8.633e-03
-1.388e-02
-1.767e-02
-2.269e-02
-2.624e-02
-3.560e-02
-4.670e-02
-4.623e-02
-4.625e-02
-4.812e-02
-3.748e-02
-3.481e-02
-3.299e-02
-3.252e-02
-3.449e-02
-3.019e-02
-3.561e-02
-3.129e-02
-3.026e-02
-3.208e-02
-3.410e-02
-3.095e-02
-2.194e-02
-1.184e-02
-1.154e-02
-5.008e-03
-3.021e-03
-8.061e-03
5.860e-04
4.272e-03
5.924e-03
4.428e-03
1.838e-04
1.843e-03
2.141e-03
1.438e-03
4.610e-03
2.946e-03
3.637e-04
2.502e-03
7.818e-03
2.829e-02
5.008e-02
5.875e-02
7.252e-02
7.101e-02
7.520e-02
7.460e-02
7.462e-02
8.259e-02
7.258e-02
7.155e-02
6.662e-02
7.318e-02
7.621e-02
7.886e-02
7.662e-02
6.850e-02
7.150e-02
8.119e-02
8.550e-02
8.101e-02
7.776e-02
8.230e-02
8.646e-02
9.058e-02
8.161e-02
7.380e-02
4.704e-02
4.062e-02
2.913e-02
2.712e-02
1.670e-02
1.846e-02
1.619e-02
2.065e-02
1.750e-02
1.292e-02
1.168e-02
2.172e-02
1.382e-02
1.504e-02
6.881e-03
5.163e-03
1.205e-02
1.192e-02
1.670e-02
1.735e-02
1.594e-02
1.230e-02
1.530e-02
1.639e-02
8.307e-03
1.556e-02
8.228e-03
6.641e-03
1.485e-02
1.706e-02
1.278e-02
1.189e-02
9.128e-03
4.920e-03
-7.927e-03
-1.024e-02
-7.644e-03
-1.212e-03
9.116e-03
1.299e-02
1.505e-02
2.180e-02
2.496e-02
2.208e-02
1.856e-02
1.627e-02
1.222e-02
3.467e-03
-5.701e-03
2.248e-03
