2.693
2.495
2.775
2.275
2.768
2.571
2.684
2.368
2.304
2.579
2.508
2.476
3.109
3.055
3.081
2.867
2.690
3.073
3.181
3.155
3.029
2.972
3.105
2.921
2.883
3.507
3.473
2.998
3.042
3.544
3.286
3.321
3.637
3.196
3.090
3.726
3.527
3.355
3.838
3.794
3.454
3.357
3.630
3.808
3.847
3.632
3.625
4.022
3.999
4.289
4.363
4.190
4.051
3.775
4.013
3.781
4.366
4.469
4.473
4.509
4.519
4.177
4.112
4.549
4.342
4.455
4.569
4.508
4.727
4.770
4.402
4.963
4.986
4.841
4.475
4.533
5.022
4.914
4.669
4.464
4.586
5.181
4.627
4.555
4.666
5.145
4.955
5.094
5.218
5.205
5.057
4.804
4.835
5.014
4.872
4.998
4.993
5.336
4.855
4.986
5.427
5.366
5.477
5.370
4.980
5.121
5.347
5.571
5.561
5.039
5.381
5.245
5.387
5.606
5.664
5.689
5.577
5.298
5.369
5.190
5.775
5.921
5.558
5.856
5.452
5.798
5.882
5.847
5.938
5.444
5.524
5.913
5.870
5.815
5.917
5.996
5.585
5.426
6.070
5.341
5.489
5.610
6.002
5.950
5.967
5.840
5.583
5.874
6.000
5.669
5.726
5.973
5.789
5.554
5.521
5.623
5.867
5.689
6.103
5.820
6.116
6.140
6.258
6.032
5.704
6.170
6.123
5.660
5.956
5.878
6.074
6.173
5.779
5.972
6.187
6.257
5.717
6.025
6.378
5.779
6.309
6.319
6.179
6.166
6.365
6.046
6.319
6.402
6.181
6.308
6.309
6.194
6.435
6.339
5.916
6.365
6.393
6.252
6.260
6.343
6.135
6.459
6.249
5.906
6.469
6.340
5.950
6.507
6.197
6.451
5.912
6.429
6.442
6.075
6.034
6.191
6.512
6.325
6.469
6.417
6.578
6.053
6.573
6.093
6.202
6.546
6.029
5.926
6.650
6.148
6.521
6.511
6.421
6.623
6.478
6.573
6.628
6.079
6.578
6.174
6.154
6.565
6.637
6.355
6.481
6.117
6.092
6.593
6.557
6.698
6.580
6.556
6.273
6.673
6.349
6.531
6.639
6.152
6.601
6.608
6.622
6.734
6.376
6.736
6.704
6.663
6.645
6.649
6.544
6.656
6.098
6.641
6.615
6.617
6.455
6.683
6.239
6.702
6.188
6.720
6.406
6.738
6.624
6.614
6.276
6.673
6.686
6.271
6.293
6.403
6.698
6.469
6.799
6.215
6.647
6.364
6.628
6.250
6.300
6.459
6.642
6.762
6.575
6.845
6.758
6.848
6.846
6.439
6.697
6.282
6.687
6.818
6.750
6.707
6.723
6.718
6.369
6.291
6.760
6.713
6.777
6.919
6.725
6.831
6.903
6.687
6.520
6.962
6.797
6.852
6.382
6.933
6.781
6.521
6.403
6.760
6.799
6.394
6.860
6.872
6.840
6.433
6.854
6.851
6.948
6.842
6.616
6.830
6.706
6.852
6.525
6.889
6.896
6.379
6.427
6.851
6.968
6.781
6.681
6.905
6.901
6.902
7.033
6.416
6.902
6.929
6.530
6.806
6.530
6.884
6.491
7.016
6.931
6.610
7.000
6.886
6.468
6.832
6.475
6.927
6.532
6.880
7.067
6.561
6.443
6.902
6.913
6.969
6.767
6.868
6.837
6.815
6.847
6.375
6.901
6.522
6.927
6.910
6.904
6.898
7.022
6.734
6.590
6.828
6.619
6.931
6.838
6.934
6.613
6.852
6.521
6.489
6.451
6.744
6.552
6.591
6.828
7.061
6.843
6.992
6.444
7.008
6.994
7.030
6.681
7.016
6.982
7.085
7.116
6.966
6.955
6.494
6.416
6.994
7.013
7.001
7.004
6.539
7.061
6.979
6.458
6.568
7.100
7.037
6.533
6.998
6.483
6.983
6.601
6.667
6.618
6.937
6.872
7.052
6.665
6.830
6.451
6.992
7.068
7.084
6.483
7.061
6.985
6.554
7.100
6.891
6.959
6.540
6.635
6.668
6.974
6.832
6.904
7.067
6.731
7.109
7.042
6.658
7.074
6.952
7.038
6.966
7.232
6.889
6.967
7.161
7.049
6.958
6.965
7.064
7.009
6.653
6.517
7.071
6.988
6.702
6.584
7.046
6.866
7.149
7.019
6.582
7.002
7.042
6.919
6.916
6.986
7.046
7.044
6.719
7.098
6.685
6.810
7.175
7.190
6.966
7.102
7.099
6.755
7.081
6.514
6.748
7.082
6.986
6.659
6.616
7.094
7.099
6.580
7.056
7.229
7.145
6.826
6.766
7.090
7.086
7.225
7.087
7.070
7.054
7.075
6.845
6.767
6.852
6.942
7.114
6.589
7.016
7.171
6.704
6.485
7.003
6.592
7.009
7.134
6.706
7.170
6.825
6.714
7.057
7.027
6.781
7.156
6.660
7.133
7.108
7.018
6.970
7.150
7.136
6.766
7.174
6.573
6.652
6.800
6.584
6.955
6.791
6.632
7.016
6.841
6.562
7.079
6.785
7.081
7.162
7.162
7.069
7.071
7.039
6.703
7.060
6.975
7.048
7.161
7.164
7.154
7.103
7.207
7.021
7.079
6.934
6.880
6.673
7.094
6.999
6.841
6.735
6.838
6.786
7.040
7.087
6.600
7.104
6.779
7.199
7.017
6.587
7.156
7.171
7.127
7.092
6.874
6.905
7.214
6.643
7.276
7.137
7.100
7.155
7.165
7.189
6.840
7.096
7.003
7.195
7.240
6.761
6.859
6.857
6.980
7.208
7.146
7.172
6.891
7.252
6.738
7.195
7.077
7.237
7.299
7.185
7.260
7.119
7.060
6.897
7.078
6.605
6.751
6.833
7.190
6.960
7.102
7.150
6.757
6.764
7.104
6.851
7.005
7.078
6.671
7.179
6.754
6.766
6.970
7.177
7.193
7.221
7.210
6.792
7.222
7.201
7.168
7.304
7.224
7.221
6.718
7.253
6.988
7.403
7.230
7.197
7.083
7.171
7.183
7.169
7.098
7.172
7.255
7.216
6.667
7.142
7.115
6.760
7.311
6.987
7.173
6.993
7.140
6.733
6.787
6.817
7.167
7.270
7.059
6.916
7.139
7.169
7.157
7.234
7.028
7.010
7.247
7.197
6.927
7.185
7.217
6.927
7.144
6.827
7.199
7.224
7.098
6.946
6.742
7.233
7.174
7.201
7.244
7.219
6.956
6.748
7.076
7.187
6.984
7.207
6.771
7.081
6.804
7.256
7.010
7.106
7.146
7.226
6.919
6.837
6.730
6.741
7.318
6.849
6.780
6.867
6.955
7.117
7.215
6.925
7.186
6.863
7.104
6.783
7.168
7.236
7.242
6.997
7.116
7.185
7.182
7.227
7.187
6.815
6.742
6.810
7.184
7.267
6.645
7.205
7.132
6.888
7.220
7.262
7.239
7.218
7.175
6.954
6.997
7.272
6.999
7.333
6.910
7.105
7.228
7.260
6.840
7.205
6.827
6.859
7.236
7.030
6.648
7.175
6.772
6.765
7.118
7.399
7.223
7.135
7.260
7.190
7.141
7.291
7.259
6.939
7.196
7.244
6.863
7.215
6.792
6.748
6.994
6.796
6.855
7.289
6.669
7.257
6.611
7.051
6.758
7.026
7.450
7.302
6.756
7.230
6.768
7.233
7.202
6.870
6.815
7.233
7.311
7.288
6.780
7.165
6.805
7.214
7.200
6.857
6.980
7.299
7.055
7.072
7.126
7.281
7.374
6.982
6.757
7.289
7.239
7.246
7.288
6.709
7.422
7.172
7.134
7.254
7.292
7.217
7.180
6.888
7.243
7.228
6.911
6.858
7.059
7.283
7.171
7.191
6.796
7.259
7.008
7.094
7.219
7.310
7.305
7.229
7.081
7.247
7.269
7.215
7.311
7.233
7.211
7.220
7.105
7.216
7.260
7.229
6.826
7.265
7.268
6.727
7.273
6.919
7.021
7.252
7.247
6.824
7.262
7.209
7.267
6.877
7.217
7.459
6.864
6.904
6.922
7.216
7.279
7.271
6.852
6.718
7.276
6.995
7.158
7.254
7.398
6.927
7.251
7.373
6.894
7.211
7.283
7.032
6.829
7.202
6.892
6.960
7.153
7.300
7.295
7.280
7.320
6.776
6.927
6.873
7.369
6.981
6.984
7.316
7.211
7.355
7.082
7.273
6.874
6.800
7.325
7.242
7.299
6.835
7.254
6.794
7.125
6.903
7.320
7.209
6.963
7.222
7.282
7.169
7.310
7.359
6.851
7.281
6.868
7.144
7.086
7.254
7.067
7.062
6.890
6.929
7.348
7.326
6.983
7.183
6.988
6.818
6.915
6.820
7.233
6.982
6.785
6.826
7.056
7.212
6.697
7.338
6.768
7.390
7.322
7.324
7.267
7.309
6.971
7.209
7.314
6.914
7.172
7.271
6.948
7.245
7.327
6.735
7.235
7.259
