4.013
4.037
4.061
4.085
4.110
4.134
4.158
4.182
4.207
4.231
4.256
4.280
4.305
4.329
4.354
4.378
4.403
4.428
4.452
4.477
4.502
4.526
4.551
4.576
4.601
4.626
4.651
4.675
4.700
4.725
4.750
4.775
4.800
4.825
4.850
4.875
4.900
4.925
4.950
4.975
5.000
5.025
5.050
5.075
5.100
5.125
5.150
5.175
5.200
5.225
5.250
5.275
5.300
5.325
5.349
5.374
5.399
5.424
5.449
5.474
5.498
5.523
5.548
5.572
5.597
5.622
5.646
5.671
5.695
5.720
5.744
5.769
5.793
5.818
5.842
5.866
5.890
5.915
5.939
5.963
5.987
6.011
6.035
6.059
6.083
6.106
6.130
6.154
6.177
6.201
6.225
6.248
6.271
6.295
6.318
6.341
6.365
6.388
6.411
6.434
6.457
6.479
6.502
6.525
6.548
6.570
6.593
6.615
6.637
6.660
6.682
6.704
6.726
6.748
6.770
6.792
6.814
6.835
6.857
6.878
6.900
6.921
6.942
6.964
6.985
7.006
7.027
7.047
7.068
7.089
7.109
7.130
7.150
7.171
7.191
7.211
7.231
7.251
7.271
7.291
7.311
7.330
7.350
7.369
7.389
7.408
7.427
7.446
7.465
7.484
7.503
7.521
7.540
7.558
7.577
7.595
7.613
7.631
7.649
7.667
7.685
7.703
7.721
7.738
7.756
7.773
7.790
7.807
7.824
7.841
7.858
7.875
7.892
7.908
7.925
7.941
7.958
7.974
7.990
8.006
8.022
8.038
8.053
8.069
8.085
8.100
8.115
8.131
8.146
8.161
8.176
8.191
8.205
8.220
8.235
8.249
8.264
8.278
8.292
8.306
8.320
8.334
8.348
8.362
8.375
8.389
8.402
8.416
8.429
8.442
8.455
8.468
8.481
8.494
8.507
8.520
8.532
8.545
8.557
8.569
8.581
8.594
8.606
8.618
8.629
8.641
8.653
8.665
8.676
8.688
8.699
8.710
8.721
8.732
8.744
8.754
8.765
8.776
8.787
8.797
8.808
8.818
8.829
8.839
8.849
8.859
8.870
8.880
8.889
8.899
8.909
8.919
8.928
8.938
8.947
8.957
8.966
8.975
8.984
8.993
9.002
9.011
9.020
9.029
9.038
9.047
9.055
9.064
9.072
9.080
9.089
9.097
9.105
9.113
9.121
9.129
9.137
9.145
9.153
9.161
9.168
9.176
9.183
9.191
9.198
9.206
9.213
9.220
9.227
9.234
9.241
9.248
9.255
9.262
9.269
9.276
9.282
9.289
9.296
9.302
9.309
9.315
9.321
9.328
9.334
9.340
9.346
9.352
9.358
9.364
9.370
9.376
9.382
9.388
9.393
9.399
9.405
9.410
9.416
9.421
9.427
9.432
9.437
9.443
9.448
9.453
9.458
9.463
9.468
9.473
9.478
9.483
9.488
9.493
9.498
9.503
9.507
9.512
9.517
9.521
9.526
9.530
9.535
9.539
9.543
9.548
9.552
9.556
9.561
9.565
9.569
9.573
9.577
9.581
9.585
9.589
9.593
9.597
9.601
9.605
9.608
9.612
9.616
9.619
9.623
9.627
9.630
9.634
9.637
9.641
9.644
9.648
9.651
9.654
9.658
9.661
9.664
9.668
9.671
9.674
9.677
9.680
9.683
9.686
9.689
9.692
9.695
9.698
9.701
9.704
9.707
9.710
9.713
9.715
9.718
9.721
9.723
9.726
9.729
9.731
9.734
9.737
9.739
9.742
9.744
9.747
9.749
9.752
9.754
9.756
9.759
9.761
9.763
9.766
9.768
9.770
9.772
9.775
9.777
9.779
9.781
9.783
9.785
9.788
9.790
9.792
9.794
9.796
9.798
9.800
9.802
9.804
9.805
9.807
9.809
9.811
9.813
9.815
9.817
9.818
9.820
9.822
9.824
9.825
9.827
9.829
9.830
9.832
9.834
9.835
9.837
9.839
9.840
9.842
9.843
9.845
9.846
9.848
9.849
9.851
9.852
9.854
9.855
9.857
9.858
9.859
9.861
9.862
9.863
9.865
9.866
9.867
9.869
9.870
9.871
9.873
9.874
9.875
9.876
9.878
9.879
9.880
9.881
9.882
9.883
9.885
9.886
9.887
9.888
9.889
9.890
9.891
9.892
9.893
9.894
9.895
9.896
9.897
9.898
9.899
9.900
9.901
9.902
9.903
9.904
9.905
9.906
9.907
9.908
9.909
9.910
9.911
9.912
9.913
9.913
9.914
9.915
9.916
9.917
9.918
9.918
9.919
9.920
9.921
9.922
9.922
9.923
9.924
9.925
9.925
9.926
9.927
9.928
9.928
9.929
9.930
9.930
9.931
9.932
9.932
9.933
9.934
9.934
9.935
9.936
9.936
9.937
9.938
9.938
9.939
9.939
9.940
9.941
9.941
9.942
9.942
9.943
9.943
9.944
9.945
9.945
9.946
9.946
9.947
9.947
9.948
9.948
9.949
9.949
9.950
9.950
9.951
9.951
9.952
9.952
9.953
9.953
9.954
9.954
9.955
9.955
9.955
9.956
9.956
9.957
9.957
9.958
9.958
9.958
9.959
9.959
9.960
9.960
9.960
9.961
9.961
9.962
9.962
9.962
9.963
9.963
9.964
9.964
9.964
9.965
9.965
9.965
9.966
9.966
9.966
9.967
9.967
9.967
9.968
9.968
9.968
9.969
9.969
9.969
9.970
9.970
9.970
9.970
9.971
9.971
9.971
9.972
9.972
9.972
9.972
9.973
9.973
9.973
9.973
9.974
9.974
9.974
9.975
9.975
9.975
9.975
9.976
9.976
9.976
9.976
9.976
9.977
9.977
9.977
9.977
9.978
9.978
9.978
9.978
9.978
9.979
9.979
9.979
9.979
9.980
9.980
9.980
9.980
9.980
9.981
9.981
9.981
9.981
9.981
9.981
9.982
9.982
9.982
9.982
9.982
9.983
9.983
9.983
9.983
9.983
9.983
9.984
9.984
9.984
9.984
9.984
9.984
9.985
9.985
9.985
9.985
9.985
9.985
9.985
9.986
9.986
9.986
9.986
9.986
9.986
9.986
9.987
9.987
9.987
9.987
9.987
9.987
9.987
9.987
9.988
9.988
9.988
9.988
9.988
9.988
9.988
9.988
9.989
9.989
9.989
9.989
9.989
9.989
9.989
9.989
9.989
9.990
9.990
9.990
9.990
9.990
9.990
9.990
9.990
9.990
9.990
9.991
9.991
9.991
9.991
9.991
9.991
9.991
9.991
9.991
9.991
9.991
9.992
9.992
9.992
9.992
9.992
9.992
9.992
9.992
9.992
9.992
9.992
9.992
9.992
9.993
9.993
9.993
9.993
9.993
9.993
9.993
9.993
9.993
9.993
9.993
9.993
9.993
9.993
9.994
9.994
9.994
9.994
9.994
9.994
9.994
9.994
9.994
9.994
9.994
9.994
9.994
9.994
9.994
9.994
9.994
9.995
9.995
9.995
9.995
9.995
9.995
9.995
9.995
9.995
9.995
9.995
9.995
9.995
9.995
9.995
9.995
9.995
9.995
9.995
9.995
9.996
9.996
9.996
9.996
9.996
9.996
9.996
9.996
9.996
9.996
9.996
9.996
9.996
9.996
9.996
9.996
9.996
9.996
9.996
9.996
9.996
9.996
9.996
9.996
9.996
9.997
9.997
9.997
9.997
9.997
9.997
9.997
9.997
9.997
9.997
9.997
9.997
9.997
9.997
9.997
9.997
9.997
9.997
9.997
9.997
9.997
9.997
9.997
9.997
9.997
9.997
9.997
9.997
9.997
9.997
9.997
9.997
9.997
9.997
9.998
9.998
9.998
9.998
9.998
9.998
9.998
9.998
9.998
9.998
9.998
9.998
9.998
9.998
9.998
9.998
9.998
9.998
9.998
9.998
9.998
9.998
9.998
9.998
9.998
9.998
9.998
9.998
9.998
9.998
9.998
9.998
9.998
9.998
9.998
9.998
9.998
9.998
9.998
9.998
9.998
9.998
9.998
9.998
9.998
9.998
9.998
9.998
9.998
9.998
9.998
9.999
9.999
9.999
9.999
9.999
9.999
9.999
9.999
9.999
9.999
9.999
9.999
9.999
9.999
9.999
9.999
9.999
9.999
9.999
9.999
9.999
9.999
9.999
9.999
9.999
9.999
9.999
9.999
9.999
9.999
9.999
9.999
9.999
9.999
9.999
9.999
9.999
9.999
9.999
9.999
9.999
9.999
9.999
9.999
9.999
9.999
9.999
9.999
9.999
9.999
9.999
9.999
9.999
9.999
9.999
9.999
9.999
9.999
9.999
9.999
9.999
9.999
9.999
9.999
9.999
9.999
9.999
9.999
9.999
9.999
9.999
9.999
9.999
9.999
9.999
9.999
9.999
9.999
9.999
9.999
9.999
9.999
9.999
9.999
9.999
9.999
9.999
9.999
9.999
9.999
9.999
9.999
9.999
9.999
9.999
9.999
9.999
9.999
9.999
9.999
9.999
9.999
9.999
