1.967
1.986
2.000
2.023
2.042
2.070
2.092
2.101
2.134
2.149
2.164
2.185
2.217
2.239
2.253
2.276
2.296
2.332
2.351
2.373
2.396
2.413
2.439
2.469
2.486
2.511
2.531
2.560
2.582
2.620
2.635
2.663
2.688
2.706
2.722
2.752
2.783
2.808
2.835
2.849
2.878
2.905
2.932
2.952
2.970
2.999
3.025
3.050
3.075
3.097
3.115
3.139
3.157
3.185
3.212
3.230
3.249
3.287
3.308
3.326
3.356
3.366
3.386
3.412
3.426
3.451
3.472
3.487
3.521
3.535
3.558
3.584
3.587
3.621
3.641
3.662
3.679
3.694
3.711
3.739
3.750
3.759
3.786
3.801
3.820
3.826
3.854
3.863
3.877
3.899
3.917
3.935
3.944
3.968
3.970
3.984
4.009
4.018
4.038
4.047
4.051
4.069
4.082
4.095
4.103
4.127
4.140
4.154
4.168
4.173
4.182
4.205
4.211
4.221
4.236
4.247
4.247
4.264
4.267
4.288
4.293
4.309
4.308
4.326
4.345
4.344
4.351
4.358
4.371
4.389
4.397
4.404
4.415
4.428
4.437
4.441
4.449
4.461
4.461
4.465
4.475
4.485
4.490
4.506
4.515
4.514
4.525
4.540
4.538
4.548
4.565
4.560
4.564
4.580
4.586
4.594
4.602
4.594
4.605
4.623
4.625
4.628
4.643
4.640
4.647
4.649
4.663
4.664
4.662
4.674
4.683
4.689
4.691
4.706
4.712
4.706
4.711
4.720
4.728
4.735
4.739
4.742
4.739
4.743
4.751
4.764
4.767
4.774
4.769
4.780
4.786
4.789
4.791
4.806
4.808
4.819
4.805
4.816
4.830
4.828
4.832
4.833
4.829
4.838
4.847
4.845
4.850
4.849
4.871
4.869
4.864
4.873
4.877
4.878
4.878
4.897
4.896
4.892
4.900
4.901
4.899
4.911
4.914
4.924
4.926
4.925
4.922
4.928
4.936
4.946
4.940
4.940
4.941
4.957
4.952
4.954
4.970
4.968
4.964
4.965
4.976
4.969
4.983
4.978
4.989
4.993
4.989
4.997
5.006
4.998
5.006
4.996
5.012
5.000
5.013
5.023
5.022
5.023
5.027
5.031
5.025
5.028
5.027
5.033
5.032
5.053
5.040
5.043
5.045
5.055
5.049
5.058
5.062
5.063
5.068
5.060
5.069
5.064
5.077
5.083
5.082
5.078
5.082
5.092
5.090
5.095
5.090
5.092
5.093
5.095
5.098
5.107
5.094
5.101
5.109
5.107
5.117
5.114
5.119
5.115
5.116
5.124
5.123
5.121
5.126
5.122
5.135
5.131
5.135
5.146
5.139
5.132
5.141
5.149
5.138
5.155
5.156
5.152
5.152
5.160
5.156
5.162
5.163
5.167
5.166
5.155
5.158
5.178
5.176
5.168
5.178
5.180
5.180
5.178
5.184
5.185
5.177
5.184
5.179
5.185
5.192
5.194
5.187
5.190
5.198
5.198
5.192
5.209
5.205
5.197
5.201
5.196
5.217
5.210
5.213
5.201
5.212
5.214
5.221
5.217
5.221
5.215
5.221
5.219
5.222
5.217
5.227
5.234
5.231
5.236
5.233
5.237
5.241
5.233
5.243
5.234
5.231
5.232
5.235
5.238
5.238
5.237
5.248
5.246
5.248
5.253
5.253
5.256
5.256
5.251
5.254
5.247
5.259
5.252
5.265
5.267
5.260
5.266
5.264
5.262
5.260
5.272
5.263
5.268
5.276
5.264
5.271
5.274
5.267
5.272
5.276
5.284
5.271
5.283
5.273
5.283
5.293
5.282
5.289
5.283
5.288
5.294
5.280
5.286
5.296
5.281
5.291
5.298
5.296
5.298
5.301
5.298
5.298
5.294
5.296
5.306
5.299
5.306
5.300
5.297
5.302
5.297
5.300
5.304
5.300
5.307
5.306
5.309
5.308
5.311
5.310
5.319
5.317
5.309
5.319
5.318
5.319
5.314
5.328
5.322
5.317
5.321
5.317
5.318
5.326
5.327
5.328
5.322
5.322
5.329
5.325
5.331
5.335
5.333
5.324
5.339
5.326
5.330
5.336
5.332
5.337
5.329
5.342
5.336
5.336
5.346
5.345
5.342
5.343
5.345
5.334
5.342
5.349
5.340
5.354
5.348
5.354
5.348
5.348
5.349
5.352
5.344
5.350
5.358
5.354
5.355
5.349
5.351
5.358
5.353
5.354
5.356
5.362
5.358
5.351
5.357
5.362
5.356
5.357
5.365
5.362
5.357
5.363
5.365
5.374
5.359
5.369
5.368
5.370
5.363
5.365
5.373
5.375
5.365
5.365
5.368
5.373
5.370
5.373
5.360
5.376
5.374
5.369
5.381
5.376
5.372
5.367
5.377
5.374
5.375
5.383
5.378
5.382
5.382
5.383
5.387
5.375
5.388
5.381
5.382
5.377
5.390
5.393
5.390
5.385
5.387
5.381
5.383
5.381
5.386
5.387
5.385
5.391
5.382
5.397
5.394
5.393
5.397
5.395
5.390
5.379
5.399
5.393
5.393
5.398
5.393
5.404
5.389
5.391
5.392
5.395
5.387
5.394
5.389
5.392
5.402
5.401
5.408
5.398
5.403
5.396
5.405
5.404
5.402
5.398
5.405
5.402
5.402
5.414
5.407
5.415
5.406
5.413
5.401
5.408
5.406
5.407
5.412
5.404
5.404
5.403
5.415
5.415
5.409
5.404
5.418
5.404
5.418
5.415
5.408
5.407
5.406
5.406
5.408
5.414
5.413
5.418
5.416
5.420
5.406
5.415
5.416
5.422
5.422
5.414
5.426
5.412
5.425
5.414
5.423
5.409
5.424
5.421
5.422
5.419
5.421
5.418
5.414
5.430
5.420
5.422
5.426
5.429
5.430
5.420
5.419
5.422
5.432
5.426
5.428
5.420
5.424
5.422
5.434
5.427
5.434
5.426
5.423
5.435
5.424
5.434
5.422
5.433
5.432
5.437
5.433
5.428
5.433
5.440
5.427
5.434
5.433
5.437
5.430
5.442
5.433
5.430
5.437
5.424
5.443
5.434
5.438
5.429
5.441
5.439
5.428
5.443
5.440
5.443
5.437
5.438
5.444
5.444
5.447
5.443
5.435
5.440
5.445
5.444
5.440
5.435
5.439
5.447
5.450
5.436
5.434
5.435
5.438
5.440
5.450
5.436
5.452
5.445
5.437
5.452
5.444
5.441
5.454
5.450
5.446
5.439
5.444
5.451
5.442
5.455
5.451
5.440
5.444
5.443
5.445
5.451
5.452
5.448
5.442
5.451
5.456
5.444
5.452
5.452
5.453
5.450
5.443
5.455
5.448
5.455
5.448
5.457
5.460
5.456
5.447
5.450
5.455
5.461
5.462
5.451
5.456
5.449
5.456
5.450
5.456
5.451
5.458
5.451
5.448
5.452
5.465
5.450
5.457
5.457
5.453
5.450
5.464
5.466
5.463
5.465
5.461
5.464
5.451
5.468
5.453
5.469
5.466
5.459
5.452
5.455
5.457
5.465
5.463
5.466
5.463
5.470
5.455
5.455
5.469
5.453
5.455
5.463
5.464
5.456
5.469
5.463
5.457
5.461
5.459
5.461
5.469
5.469
5.470
5.470
5.472
5.462
5.462
5.472
5.474
5.474
5.469
5.462
5.464
5.473
5.464
5.461
5.461
5.461
5.471
5.475
5.466
5.468
5.463
5.471
5.463
5.469
5.466
5.474
5.470
5.475
5.481
5.465
5.473
5.464
5.476
5.468
5.473
5.463
5.466
5.467
5.474
5.468
5.473
5.475
5.472
5.465
5.469
5.464
5.465
5.481
5.469
5.476
5.473
5.482
5.467
5.466
5.465
5.481
5.478
5.481
5.477
5.479
5.479
5.473
5.477
5.474
5.474
5.482
5.469
5.476
5.479
5.474
5.481
5.472
5.478
5.483
5.486
5.476
5.473
5.480
5.483
5.484
5.474
5.483
5.479
5.471
5.485
5.477
5.486
5.479
5.480
5.488
5.478
5.480
5.479
5.481
5.479
5.482
5.481
5.471
5.487
5.474
5.476
5.481
5.475
5.477
5.487
5.485
5.489
5.488
5.483
5.472
5.490
5.483
5.488
5.482
5.479
5.493
5.475
5.480
5.484
5.492
5.477
5.477
5.483
5.495
5.488
5.477
5.493
5.481
5.483
5.480
5.496
5.488
5.494
5.485
5.476
5.490
5.489
5.494
5.495
5.488
5.481
5.487
5.487
5.485
5.492
5.488
5.489
5.485
5.494
5.486
5.481
5.485
5.484
5.490
5.489
5.484
5.498
5.488
5.492
5.486
5.493
5.491
5.484
5.484
5.496
5.490
5.485
5.490
5.487
5.483
5.493
5.482
5.497
5.482
5.492
5.481
5.495
5.494
5.485
5.497
5.495
5.498
5.492
5.488
5.492
5.493
5.489
5.487
5.493
5.487
5.490
5.488
5.497
5.492
5.483
5.498
5.496
