1.751
1.761
1.771
1.781
1.791
1.801
1.811
1.820
1.830
1.840
1.850
1.860
1.870
1.880
1.890
1.900
1.910
1.920
1.930
1.940
1.950
1.960
1.970
1.980
1.990
2.000
2.010
2.020
2.030
2.040
2.050
2.060
2.070
2.080
2.090
2.100
2.110
2.120
2.130
2.140
2.150
2.160
2.170
2.180
2.189
2.199
2.209
2.219
2.229
2.239
2.249
2.259
2.268
2.278
2.288
2.298
2.308
2.317
2.327
2.337
2.346
2.356
2.366
2.375
2.385
2.395
2.404
2.414
2.423
2.433
2.443
2.452
2.462
2.471
2.480
2.490
2.499
2.509
2.518
2.527
2.537
2.546
2.555
2.564
2.573
2.583
2.592
2.601
2.610
2.619
2.628
2.637
2.646
2.655
2.664
2.673
2.682
2.690
2.699
2.708
2.717
2.725
2.734
2.743
2.751
2.760
2.768
2.777
2.785
2.794
2.802
2.811
2.819
2.827
2.836
2.844
2.852
2.860
2.868
2.876
2.884
2.892
2.900
2.908
2.916
2.924
2.932
2.940
2.948
2.955
2.963
2.971
2.978
2.986
2.994
3.001
3.009
3.016
3.023
3.031
3.038
3.045
3.053
3.060
3.067
3.074
3.081
3.088
3.095
3.102
3.109
3.116
3.123
3.130
3.137
3.143
3.150
3.157
3.163
3.170
3.177
3.183
3.190
3.196
3.202
3.209
3.215
3.221
3.228
3.234
3.240
3.246
3.252
3.258
3.264
3.270
3.276
3.282
3.288
3.294
3.300
3.305
3.311
3.317
3.322
3.328
3.334
3.339
3.345
3.350
3.356
3.361
3.366
3.372
3.377
3.382
3.387
3.393
3.398
3.403
3.408
3.413
3.418
3.423
3.428
3.433
3.437
3.442
3.447
3.452
3.457
3.461
3.466
3.470
3.475
3.480
3.484
3.489
3.493
3.497
3.502
3.506
3.510
3.515
3.519
3.523
3.527
3.532
3.536
3.540
3.544
3.548
3.552
3.556
3.560
3.564
3.567
3.571
3.575
3.579
3.583
3.586
3.590
3.594
3.597
3.601
3.605
3.608
3.612
3.615
3.619
3.622
3.625
3.629
3.632
3.636
3.639
3.642
3.645
3.649
3.652
3.655
3.658
3.661
3.664
3.667
3.670
3.673
3.676
3.679
3.682
3.685
3.688
3.691
3.694
3.697
3.699
3.702
3.705
3.708
3.710
3.713
3.716
3.718
3.721
3.723
3.726
3.729
3.731
3.734
3.736
3.738
3.741
3.743
3.746
3.748
3.750
3.753
3.755
3.757
3.760
3.762
3.764
3.766
3.769
3.771
3.773
3.775
3.777
3.779
3.781
3.783
3.785
3.787
3.789
3.791
3.793
3.795
3.797
3.799
3.801
3.803
3.805
3.807
3.808
3.810
3.812
3.814
3.816
3.817
3.819
3.821
3.823
3.824
3.826
3.828
3.829
3.831
3.832
3.834
3.836
3.837
3.839
3.840
3.842
3.843
3.845
3.846
3.848
3.849
3.851
3.852
3.854
3.855
3.856
3.858
3.859
3.860
3.862
3.863
3.864
3.866
3.867
3.868
3.870
3.871
3.872
3.873
3.875
3.876
3.877
3.878
3.879
3.880
3.882
3.883
3.884
3.885
3.886
3.887
3.888
3.889
3.890
3.892
3.893
3.894
3.895
3.896
3.897
3.898
3.899
3.900
3.901
3.902
3.903
3.903
3.904
3.905
3.906
3.907
3.908
3.909
3.910
3.911
3.912
3.912
3.913
3.914
3.915
3.916
3.917
3.917
3.918
3.919
3.920
3.921
3.921
3.922
3.923
3.924
3.924
3.925
3.926
3.927
3.927
3.928
3.929
3.929
3.930
3.931
3.932
3.932
3.933
3.933
3.934
3.935
3.935
3.936
3.937
3.937
3.938
3.939
3.939
3.940
3.940
3.941
3.941
3.942
3.943
3.943
3.944
3.944
3.945
3.945
3.946
3.946
3.947
3.947
3.948
3.949
3.949
3.950
3.950
3.951
3.951
3.951
3.952
3.952
3.953
3.953
3.954
3.954
3.955
3.955
3.956
3.956
3.956
3.957
3.957
3.958
3.958
3.959
3.959
3.959
3.960
3.960
3.961
3.961
3.961
3.962
3.962
3.962
3.963
3.963
3.964
3.964
3.964
3.965
3.965
3.965
3.966
3.966
3.966
3.967
3.967
3.967
3.968
3.968
3.968
3.969
3.969
3.969
3.970
3.970
3.970
3.970
3.971
3.971
3.971
3.972
3.972
3.972
3.972
3.973
3.973
3.973
3.973
3.974
3.974
3.974
3.975
3.975
3.975
3.975
3.976
3.976
3.976
3.976
3.976
3.977
3.977
3.977
3.977
3.978
3.978
3.978
3.978
3.978
3.979
3.979
3.979
3.979
3.980
3.980
3.980
3.980
3.980
3.981
3.981
3.981
3.981
3.981
3.981
3.982
3.982
3.982
3.982
3.982
3.983
3.983
3.983
3.983
3.983
3.983
3.984
3.984
3.984
3.984
3.984
3.984
3.985
3.985
3.985
3.985
3.985
3.985
3.985
3.986
3.986
3.986
3.986
3.986
3.986
3.986
3.987
3.987
3.987
3.987
3.987
3.987
3.987
3.987
3.988
3.988
3.988
3.988
3.988
3.988
3.988
3.988
3.989
3.989
3.989
3.989
3.989
3.989
3.989
3.989
3.989
3.989
3.990
3.990
3.990
3.990
3.990
3.990
3.990
3.990
3.990
3.990
3.991
3.991
3.991
3.991
3.991
3.991
3.991
3.991
3.991
3.991
3.991
3.992
3.992
3.992
3.992
3.992
3.992
3.992
3.992
3.992
3.992
3.992
3.992
3.993
3.993
3.993
3.993
3.993
3.993
3.993
3.993
3.993
3.993
3.993
3.993
3.993
3.993
3.993
3.994
3.994
3.994
3.994
3.994
3.994
3.994
3.994
3.994
3.994
3.994
3.994
3.994
3.994
3.994
3.994
3.995
3.995
3.995
3.995
3.995
3.995
3.995
3.995
3.995
3.995
3.995
3.995
3.995
3.995
3.995
3.995
3.995
3.995
3.995
3.995
3.996
3.996
3.996
3.996
3.996
3.996
3.996
3.996
3.996
3.996
3.996
3.996
3.996
3.996
3.996
3.996
3.996
3.996
3.996
3.996
3.996
3.996
3.996
3.996
3.996
3.996
3.997
3.997
3.997
3.997
3.997
3.997
3.997
3.997
3.997
3.997
3.997
3.997
3.997
3.997
3.997
3.997
3.997
3.997
3.997
3.997
3.997
3.997
3.997
3.997
3.997
3.997
3.997
3.997
3.997
3.997
3.997
3.997
3.997
3.998
3.998
3.998
3.998
3.998
3.998
3.998
3.998
3.998
3.998
3.998
3.998
3.998
3.998
3.998
3.998
3.998
3.998
3.998
3.998
3.998
3.998
3.998
3.998
3.998
3.998
3.998
3.998
3.998
3.998
3.998
3.998
3.998
3.998
3.998
3.998
3.998
3.998
3.998
3.998
3.998
3.998
3.998
3.998
3.998
3.998
3.998
3.998
3.998
3.998
3.998
3.999
3.999
3.999
3.999
3.999
3.999
3.999
3.999
3.999
3.999
3.999
3.999
3.999
3.999
3.999
3.999
3.999
3.999
3.999
3.999
3.999
3.999
3.999
3.999
3.999
3.999
3.999
3.999
3.999
3.999
3.999
3.999
3.999
3.999
3.999
3.999
3.999
3.999
3.999
3.999
3.999
3.999
3.999
3.999
3.999
3.999
3.999
3.999
3.999
3.999
3.999
3.999
3.999
3.999
3.999
3.999
3.999
3.999
3.999
3.999
3.999
3.999
3.999
3.999
3.999
3.999
3.999
3.999
3.999
3.999
3.999
3.999
3.999
3.999
3.999
3.999
3.999
3.999
3.999
3.999
3.999
3.999
3.999
3.999
3.999
3.999
3.999
3.999
3.999
3.999
3.999
3.999
3.999
3.999
3.999
3.999
3.999
3.999
3.999
3.999
3.999
3.999
3.999
3.999
3.999
3.999
3.999
3.999
3.999
3.999
4.000
4.000
4.000
4.000
4.000
4.000
4.000
4.000
4.000
4.000
4.000
4.000
4.000
4.000
4.000
4.000
4.000
4.000
4.000
4.000
4.000
4.000
4.000
4.000
4.000
4.000
4.000
4.000
4.000
4.000
4.000
4.000
4.000
4.000
4.000
4.000
4.000
4.000
4.000
4.000
4.000
4.000
4.000
4.000
4.000
4.000
4.000
4.000
4.000
4.000
4.000
4.000
4.000
4.000
4.000
4.000
4.000
4.000
4.000
4.000
4.000
4.000
4.000
4.000
4.000
4.000
4.000
4.000
4.000
4.000
4.000
4.000
4.000
4.000
4.000
4.000
4.000
4.000
4.000
4.000
4.000
4.000
4.000
4.000
4.000
4.000
4.000
4.000
4.000
4.000
4.000
4.000
4.000
4.000
4.000
4.000
4.000
4.000
4.000
4.000
