1.543
1.556
1.561
1.584
1.597
1.622
1.639
1.640
1.673
1.684
1.693
1.707
1.735
1.758
1.764
1.780
1.797
1.831
1.847
1.862
1.878
1.891
1.916
1.935
1.946
1.972
1.988
2.012
2.021
2.060
2.073
2.095
2.112
2.126
2.136
2.156
2.185
2.211
2.234
2.239
2.261
2.289
2.316
2.328
2.330
2.361
2.387
2.402
2.420
2.440
2.451
2.472
2.487
2.509
2.534
2.548
2.560
2.591
2.612
2.630
2.651
2.658
2.671
2.695
2.702
2.725
2.739
2.751
2.783
2.795
2.811
2.834
2.832
2.864
2.882
2.898
2.910
2.922
2.934
2.963
2.969
2.974
2.998
3.011
3.024
3.022
3.053
3.055
3.064
3.088
3.102
3.117
3.122
3.145
3.137
3.149
3.178
3.183
3.196
3.202
3.207
3.219
3.226
3.240
3.243
3.267
3.275
3.290
3.304
3.305
3.309
3.335
3.331
3.341
3.352
3.361
3.358
3.372
3.374
3.395
3.398
3.413
3.404
3.424
3.444
3.436
3.442
3.446
3.456
3.478
3.485
3.485
3.498
3.513
3.512
3.516
3.522
3.531
3.526
3.530
3.539
3.544
3.547
3.571
3.573
3.570
3.577
3.595
3.589
3.598
3.613
3.605
3.607
3.623
3.631
3.633
3.646
3.628
3.641
3.663
3.655
3.661
3.672
3.669
3.677
3.673
3.688
3.689
3.683
3.694
3.702
3.709
3.704
3.726
3.728
3.719
3.723
3.732
3.736
3.744
3.749
3.748
3.742
3.745
3.752
3.768
3.769
3.777
3.766
3.780
3.782
3.785
3.783
3.801
3.803
3.815
3.791
3.803
3.819
3.816
3.816
3.820
3.809
3.819
3.831
3.825
3.832
3.827
3.853
3.848
3.835
3.848
3.853
3.850
3.850
3.873
3.868
3.862
3.870
3.870
3.865
3.879
3.885
3.890
3.891
3.887
3.885
3.889
3.897
3.910
3.900
3.897
3.901
3.917
3.907
3.912
3.927
3.926
3.920
3.921
3.935
3.919
3.935
3.927
3.943
3.944
3.941
3.950
3.954
3.943
3.953
3.937
3.956
3.942
3.955
3.967
3.967
3.967
3.972
3.973
3.961
3.963
3.967
3.971
3.968
3.989
3.975
3.976
3.980
3.994
3.980
3.990
3.997
3.997
4.006
3.991
3.997
3.990
4.007
4.015
4.011
4.009
4.008
4.022
4.017
4.024
4.016
4.015
4.016
4.019
4.021
4.034
4.012
4.023
4.029
4.026
4.042
4.035
4.042
4.033
4.034
4.042
4.040
4.038
4.045
4.035
4.053
4.044
4.047
4.061
4.054
4.044
4.053
4.064
4.048
4.069
4.065
4.066
4.065
4.074
4.068
4.071
4.073
4.076
4.075
4.061
4.062
4.085
4.085
4.071
4.082
4.087
4.085
4.081
4.092
4.089
4.079
4.088
4.082
4.087
4.097
4.100
4.086
4.090
4.098
4.099
4.089
4.114
4.106
4.095
4.099
4.091
4.118
4.109
4.110
4.096
4.112
4.112
4.117
4.110
4.120
4.108
4.119
4.110
4.116
4.109
4.121
4.130
4.123
4.128
4.125
4.132
4.135
4.124
4.139
4.123
4.117
4.119
4.123
4.123
4.124
4.126
4.136
4.130
4.136
4.144
4.140
4.145
4.142
4.140
4.140
4.127
4.144
4.136
4.151
4.152
4.144
4.155
4.148
4.145
4.142
4.159
4.145
4.154
4.157
4.146
4.153
4.157
4.147
4.151
4.159
4.171
4.151
4.166
4.152
4.168
4.172
4.159
4.170
4.159
4.169
4.171
4.156
4.162
4.178
4.152
4.164
4.176
4.171
4.177
4.180
4.173
4.173
4.172
4.171
4.182
4.174
4.186
4.171
4.168
4.178
4.169
4.172
4.177
4.172
4.177
4.180
4.180
4.177
4.182
4.181
4.195
4.190
4.179
4.190
4.194
4.190
4.185
4.200
4.192
4.185
4.191
4.181
4.188
4.196
4.200
4.201
4.188
4.189
4.200
4.192
4.199
4.203
4.203
4.190
4.211
4.189
4.197
4.204
4.197
4.204
4.191
4.211
4.200
4.201
4.215
4.215
4.207
4.211
4.210
4.194
4.205
4.218
4.200
4.222
4.213
4.218
4.216
4.212
4.211
4.218
4.203
4.211
4.222
4.218
4.218
4.211
4.213
4.222
4.213
4.216
4.218
4.225
4.218
4.210
4.213
4.224
4.215
4.213
4.230
4.221
4.215
4.227
4.225
4.235
4.216
4.230
4.224
4.232
4.219
4.222
4.234
4.237
4.223
4.223
4.228
4.235
4.227
4.231
4.214
4.235
4.232
4.228
4.244
4.230
4.226
4.221
4.232
4.227
4.231
4.239
4.235
4.240
4.241
4.236
4.244
4.229
4.247
4.233
4.236
4.232
4.247
4.251
4.245
4.237
4.244
4.235
4.236
4.232
4.239
4.236
4.235
4.246
4.234
4.252
4.248
4.248
4.253
4.251
4.245
4.233
4.251
4.246
4.243
4.256
4.245
4.263
4.240
4.240
4.242
4.246
4.238
4.241
4.240
4.238
4.258
4.254
4.260
4.247
4.256
4.247
4.257
4.256
4.255
4.248
4.257
4.249
4.254
4.268
4.258
4.267
4.257
4.266
4.247
4.254
4.253
4.258
4.267
4.251
4.251
4.249
4.266
4.269
4.254
4.250
4.269
4.249
4.267
4.263
4.255
4.253
4.251
4.251
4.255
4.262
4.258
4.267
4.265
4.272
4.253
4.260
4.264
4.269
4.269
4.259
4.273
4.257
4.272
4.256
4.270
4.254
4.274
4.267
4.272
4.265
4.266
4.264
4.257
4.277
4.264
4.263
4.272
4.275
4.277
4.265
4.263
4.264
4.278
4.272
4.274
4.261
4.268
4.267
4.281
4.270
4.281
4.271
4.263
4.284
4.267
4.280
4.261
4.276
4.277
4.282
4.273
4.268
4.280
4.286
4.270
4.275
4.278
4.281
4.270
4.290
4.274
4.272
4.279
4.265
4.291
4.278
4.282
4.268
4.285
4.282
4.268
4.285
4.286
4.287
4.279
4.280
4.290
4.291
4.291
4.287
4.275
4.283
4.288
4.286
4.284
4.275
4.284
4.293
4.293
4.269
4.276
4.273
4.276
4.279
4.297
4.276
4.296
4.288
4.271
4.293
4.282
4.276
4.296
4.295
4.287
4.279
4.282
4.295
4.277
4.296
4.291
4.280
4.286
4.283
4.283
4.291
4.292
4.286
4.281
4.290
4.297
4.285
4.292
4.292
4.292
4.290
4.280
4.291
4.287
4.296
4.285
4.300
4.299
4.295
4.284
4.286
4.293
4.299
4.302
4.288
4.294
4.287
4.299
4.288
4.293
4.287
4.294
4.287
4.287
4.288
4.306
4.286
4.293
4.298
4.285
4.286
4.305
4.304
4.303
4.306
4.300
4.301
4.290
4.309
4.289
4.311
4.302
4.295
4.291
4.290
4.292
4.305
4.298
4.304
4.300
4.311
4.289
4.288
4.310
4.286
4.290
4.303
4.300
4.290
4.309
4.298
4.288
4.294
4.292
4.296
4.308
4.307
4.307
4.305
4.312
4.297
4.293
4.308
4.313
4.311
4.306
4.299
4.296
4.311
4.296
4.292
4.296
4.294
4.308
4.309
4.299
4.307
4.299
4.307
4.296
4.303
4.303
4.310
4.303
4.312
4.316
4.299
4.310
4.294
4.313
4.298
4.312
4.295
4.301
4.301
4.312
4.301
4.310
4.308
4.308
4.301
4.305
4.297
4.297
4.317
4.302
4.311
4.304
4.318
4.298
4.297
4.300
4.317
4.315
4.318
4.313
4.313
4.317
4.307
4.315
4.307
4.310
4.316
4.301
4.309
4.315
4.306
4.318
4.305
4.312
4.318
4.323
4.309
4.307
4.314
4.319
4.318
4.305
4.314
4.311
4.300
4.319
4.310
4.322
4.314
4.316
4.322
4.306
4.313
4.312
4.312
4.313
4.315
4.312
4.301
4.320
4.305
4.309
4.311
4.306
4.307
4.322
4.318
4.322
4.323
4.317
4.303
4.328
4.312
4.321
4.312
4.310
4.329
4.308
4.310
4.314
4.326
4.307
4.307
4.313
4.329
4.322
4.305
4.328
4.312
4.312
4.311
4.332
4.320
4.329
4.317
4.307
4.323
4.323
4.326
4.328
4.320
4.312
4.318
4.317
4.315
4.325
4.317
4.322
4.319
4.328
4.317
4.308
4.314
4.314
4.323
4.322
4.311
4.330
4.314
4.325
4.321
4.324
4.322
4.315
4.313
4.325
4.326
4.313
4.321
4.317
4.311
4.322
4.315
4.330
4.310
4.322
4.310
4.327
4.330
4.311
4.332
4.328
4.329
4.321
4.314
4.322
4.323
4.317
4.315
4.324
4.316
4.321
4.317
4.330
4.321
4.310
4.330
4.329
