1.416
1.429
1.432
1.455
1.462
1.486
1.503
1.507
1.533
1.542
1.552
1.564
1.591
1.609
1.613
1.631
1.647
1.677
1.690
1.708
1.719
1.732
1.754
1.775
1.782
1.806
1.815
1.840
1.844
1.883
1.888
1.910
1.930
1.938
1.952
1.968
1.994
2.018
2.036
2.044
2.059
2.083
2.108
2.122
2.122
2.151
2.173
2.191
2.199
2.220
2.233
2.253
2.266
2.283
2.306
2.315
2.325
2.355
2.371
2.389
2.408
2.409
2.425
2.444
2.451
2.471
2.487
2.492
2.521
2.530
2.549
2.568
2.567
2.593
2.610
2.622
2.633
2.645
2.655
2.679
2.681
2.688
2.711
2.718
2.735
2.733
2.757
2.764
2.769
2.787
2.799
2.816
2.815
2.838
2.832
2.842
2.862
2.868
2.881
2.884
2.888
2.903
2.905
2.920
2.918
2.944
2.948
2.958
2.974
2.971
2.976
3.003
2.989
3.003
3.013
3.023
3.020
3.030
3.032
3.049
3.055
3.067
3.058
3.072
3.090
3.089
3.090
3.094
3.103
3.120
3.127
3.124
3.135
3.152
3.146
3.152
3.159
3.167
3.161
3.162
3.172
3.176
3.179
3.203
3.204
3.197
3.203
3.222
3.210
3.224
3.232
3.225
3.231
3.240
3.249
3.255
3.265
3.246
3.258
3.280
3.272
3.274
3.286
3.284
3.290
3.284
3.296
3.302
3.294
3.304
3.307
3.318
3.312
3.333
3.331
3.322
3.323
3.335
3.338
3.344
3.351
3.344
3.342
3.346
3.349
3.362
3.367
3.373
3.361
3.375
3.373
3.379
3.378
3.392
3.396
3.406
3.379
3.396
3.409
3.405
3.403
3.410
3.400
3.407
3.421
3.411
3.415
3.410
3.438
3.433
3.424
3.434
3.437
3.437
3.432
3.452
3.451
3.444
3.452
3.449
3.443
3.460
3.464
3.466
3.467
3.463
3.461
3.468
3.473
3.484
3.476
3.474
3.479
3.495
3.482
3.490
3.500
3.495
3.494
3.493
3.507
3.494
3.508
3.501
3.516
3.511
3.512
3.523
3.523
3.515
3.523
3.511
3.526
3.509
3.527
3.536
3.532
3.537
3.537
3.543
3.527
3.530
3.535
3.541
3.536
3.556
3.540
3.541
3.549
3.560
3.544
3.559
3.567
3.563
3.572
3.554
3.563
3.556
3.568
3.583
3.572
3.567
3.570
3.582
3.580
3.586
3.580
3.575
3.579
3.588
3.588
3.592
3.577
3.585
3.592
3.588
3.605
3.597
3.603
3.589
3.592
3.608
3.604
3.597
3.603
3.595
3.612
3.602
3.608
3.619
3.617
3.607
3.609
3.623
3.609
3.630
3.622
3.629
3.625
3.633
3.625
3.631
3.632
3.635
3.635
3.617
3.622
3.644
3.642
3.632
3.641
3.645
3.642
3.639
3.648
3.644
3.638
3.647
3.643
3.650
3.655
3.662
3.639
3.644
3.654
3.657
3.650
3.668
3.665
3.653
3.654
3.648
3.671
3.669
3.667
3.656
3.664
3.670
3.672
3.665
3.671
3.662
3.675
3.667
3.676
3.670
3.676
3.687
3.677
3.688
3.682
3.689
3.691
3.681
3.695
3.680
3.673
3.679
3.678
3.681
3.679
3.687
3.692
3.688
3.691
3.700
3.695
3.697
3.697
3.696
3.698
3.683
3.702
3.694
3.709
3.710
3.703
3.707
3.704
3.700
3.700
3.714
3.700
3.714
3.711
3.703
3.711
3.714
3.704
3.710
3.714
3.729
3.711
3.724
3.715
3.726
3.726
3.717
3.726
3.717
3.724
3.724
3.712
3.720
3.738
3.711
3.720
3.733
3.728
3.737
3.733
3.730
3.731
3.730
3.730
3.738
3.733
3.741
3.722
3.724
3.737
3.727
3.730
3.734
3.729
3.734
3.736
3.741
3.736
3.737
3.739
3.750
3.745
3.737
3.745
3.752
3.743
3.740
3.755
3.750
3.743
3.749
3.735
3.745
3.756
3.756
3.757
3.752
3.747
3.756
3.753
3.757
3.763
3.762
3.749
3.768
3.746
3.757
3.761
3.757
3.760
3.751
3.766
3.759
3.760
3.776
3.772
3.764
3.770
3.769
3.755
3.764
3.777
3.761
3.782
3.769
3.774
3.772
3.771
3.769
3.776
3.764
3.771
3.784
3.773
3.777
3.773
3.771
3.781
3.771
3.774
3.779
3.783
3.775
3.768
3.776
3.781
3.774
3.769
3.790
3.782
3.775
3.788
3.781
3.799
3.775
3.790
3.787
3.793
3.779
3.785
3.796
3.796
3.782
3.780
3.789
3.796
3.790
3.794
3.775
3.796
3.795
3.787
3.802
3.792
3.791
3.783
3.797
3.788
3.789
3.800
3.796
3.800
3.804
3.799
3.806
3.791
3.807
3.797
3.798
3.793
3.806
3.808
3.802
3.801
3.807
3.796
3.802
3.799
3.797
3.798
3.797
3.806
3.796
3.821
3.809
3.808
3.818
3.812
3.808
3.798
3.809
3.805
3.808
3.819
3.808
3.822
3.804
3.805
3.804
3.806
3.802
3.800
3.804
3.800
3.822
3.814
3.820
3.812
3.815
3.807
3.820
3.817
3.821
3.812
3.821
3.814
3.816
3.830
3.817
3.830
3.817
3.827
3.811
3.820
3.818
3.822
3.831
3.814
3.817
3.810
3.826
3.831
3.821
3.814
3.832
3.812
3.828
3.824
3.815
3.817
3.815
3.818
3.821
3.827
3.822
3.832
3.826
3.836
3.818
3.827
3.828
3.829
3.835
3.823
3.834
3.825
3.833
3.819
3.835
3.823
3.835
3.831
3.839
3.826
3.829
3.828
3.825
3.841
3.828
3.828
3.835
3.842
3.839
3.833
3.828
3.830
3.841
3.837
3.836
3.824
3.836
3.832
3.843
3.832
3.839
3.837
3.835
3.846
3.833
3.845
3.828
3.841
3.844
3.846
3.837
3.831
3.841
3.855
3.834
3.842
3.842
3.845
3.830
3.854
3.835
3.839
3.845
3.834
3.857
3.842
3.845
3.839
3.849
3.848
3.836
3.850
3.853
3.850
3.847
3.851
3.857
3.856
3.855
3.856
3.843
3.843
3.857
3.853
3.854
3.842
3.848
3.857
3.857
3.835
3.843
3.841
3.845
3.846
3.861
3.844
3.862
3.851
3.843
3.859
3.849
3.844
3.863
3.864
3.852
3.848
3.853
3.864
3.849
3.863
3.854
3.852
3.852
3.852
3.851
3.856
3.860
3.848
3.851
3.857
3.857
3.856
3.861
3.859
3.859
3.857
3.849
3.855
3.856
3.859
3.850
3.871
3.864
3.864
3.856
3.853
3.859
3.867
3.867
3.857
3.860
3.856
3.859
3.858
3.861
3.858
3.860
3.854
3.858
3.852
3.872
3.853
3.855
3.861
3.852
3.855
3.873
3.872
3.871
3.874
3.864
3.869
3.856
3.873
3.858
3.874
3.871
3.868
3.859
3.858
3.863
3.873
3.861
3.869
3.867
3.882
3.857
3.857
3.875
3.858
3.858
3.873
3.867
3.857
3.876
3.868
3.854
3.861
3.859
3.864
3.870
3.876
3.875
3.870
3.880
3.866
3.859
3.873
3.880
3.884
3.870
3.870
3.862
3.878
3.869
3.864
3.867
3.865
3.878
3.879
3.865
3.873
3.870
3.873
3.864
3.868
3.874
3.874
3.869
3.877
3.882
3.868
3.879
3.864
3.877
3.868
3.879
3.865
3.864
3.869
3.876
3.868
3.877
3.878
3.877
3.874
3.873
3.867
3.867
3.883
3.874
3.875
3.874
3.888
3.867
3.867
3.873
3.886
3.883
3.881
3.877
3.879
3.885
3.877
3.884
3.876
3.880
3.884
3.870
3.874
3.883
3.871
3.885
3.871
3.884
3.886
3.887
3.875
3.876
3.878
3.890
3.886
3.875
3.884
3.878
3.873
3.889
3.883
3.893
3.882
3.885
3.889
3.875
3.881
3.882
3.884
3.882
3.884
3.881
3.873
3.890
3.874
3.882
3.881
3.875
3.877
3.887
3.889
3.890
3.893
3.888
3.875
3.895
3.884
3.890
3.879
3.880
3.898
3.879
3.883
3.880
3.893
3.877
3.874
3.882
3.898
3.892
3.880
3.897
3.882
3.881
3.879
3.903
3.888
3.899
3.884
3.878
3.888
3.893
3.891
3.897
3.887
3.883
3.891
3.889
3.886
3.896
3.885
3.890
3.881
3.900
3.888
3.881
3.881
3.883
3.896
3.892
3.878
3.903
3.882
3.891
3.891
3.892
3.888
3.886
3.886
3.897
3.895
3.885
3.892
3.887
3.882
3.896
3.884
3.899
3.885
3.890
3.885
3.894
3.894
3.882
3.903
3.898
3.897
3.894
3.888
3.896
3.893
3.882
3.886
3.892
3.886
3.892
3.885
3.902
3.886
3.876
3.902
3.896
