0.2	0.8	0.3
0.2	0.8	0.3
-409.70677 -29.16279 41.25787 
-451.64458 -25.07486 37.74021 
-479.26254 -23.27328 41.11535 
-498.54884 -21.72718 37.04592 
-511.88667 -14.38637 32.00111 
-528.90522 -15.58029 31.38184 
-545.35083 -8.80368 27.35209 
-556.02662 -8.22869 25.17215 
-564.68071 -5.00764 24.50095 
-572.54574 -6.56597 21.57178 
-577.80043 -5.62313 20.46553 
-584.50438 -4.52853 18.22833 
-587.27677 -0.71172 18.99431 
-589.70263 2.18480 18.34328 
-591.41664 2.61131 18.39049 
-595.43529 2.83529 17.01031 
-597.51587 2.78828 15.86874 
-599.65837 5.17955 14.91863 
-601.63612 5.15877 13.85881 
-605.91227 6.63531 12.84787 
-604.74249 2.51040 12.33865 
-604.87212 3.60892 13.28767 
-607.83670 5.86416 14.43436 
-608.73115 6.97494 14.57664 
-610.85157 3.11329 15.59064 
-612.49335 3.00511 13.08280 
-613.71811 2.98700 13.03779 
-613.70971 2.86980 15.56609 
-615.77684 1.00026 15.88797 
-615.16195 3.09645 17.03902 
-615.85887 5.37035 16.71211 
-616.63357 7.10915 15.29554 
-616.13222 7.72165 15.83853 
-617.46068 5.70714 15.21615 
-619.11810 6.78145 16.01527 
-617.76894 7.58875 15.28519 
-617.96881 7.64066 14.83783 
-618.41575 9.64820 13.83132 
-616.58052 11.08924 14.62632 
-617.16681 9.99187 13.20412 
-615.87255 5.79708 13.85122 
-614.01811 9.08009 13.72895 
-614.41069 7.15857 12.75295 
-613.59579 8.89952 12.79201 
-613.04771 5.60700 13.92814 
-613.63646 2.69159 13.56455 
-614.95292 0.96004 13.32096 
-614.17001 -2.65965 13.64444 
-613.99534 -1.53793 13.80621 
-615.54215 3.62293 14.65270 
-617.33536 0.78742 13.76455 
-616.24933 -0.95792 13.05798 
-618.07979 -2.79501 14.64402 
-617.73200 0.44851 15.18122 
-617.86230 0.40234 13.62050 
-617.99351 -1.72603 11.73099 
-618.34057 -4.18908 10.55701 
-618.03557 -6.98433 11.25449 
-615.97628 -6.06399 11.70840 
-617.76007 -4.91973 12.41516 
-619.38338 -5.64508 13.30757 
-618.49158 -2.98811 11.57277 
-618.33241 0.51229 12.11465 
-619.56922 4.22688 12.10297 
-621.02821 4.86096 10.91182 
-621.08192 6.88208 11.57891 
-618.84333 6.24139 9.96964 
-619.00340 7.42776 8.48715 
-618.28138 5.68903 9.03788 
-617.47737 3.96807 10.58583 
-617.98534 2.09397 10.97428 
-617.39567 3.41799 10.25022 
-617.18203 -0.73110 10.56212 
-616.42385 1.43645 10.08686 
-618.04086 -0.27508 10.98844 
-618.69195 -0.11204 11.82584 
-620.38409 1.14049 12.86924 
-619.69611 0.92352 11.24065 
-618.12247 4.79349 11.08168 
-617.55777 5.84382 13.23497 
-616.73203 10.06557 12.63998 
-615.76456 7.23843 13.20347 
-617.28204 4.14794 11.91655 
-615.84019 7.14865 12.19256 
-614.47680 9.95179 12.75396 
-613.34044 8.74442 13.53937 
-612.81548 7.01489 12.32938 
-613.16370 3.91039 13.85947 
-612.66515 5.59305 14.16463 
-611.74163 -0.14317 13.90378 
-612.95867 -0.90901 12.22747 
-614.37283 -0.30891 11.31045 
-613.98172 4.85395 9.57386 
-614.28955 4.89987 9.11873 
-615.55104 3.64329 9.98870 
-614.68821 4.21404 10.82589 
-613.67060 5.53494 10.49454 
-613.90433 7.60749 10.76835 
-614.60659 7.45171 11.19999 
-613.74151 7.66073 11.56592 
