0.6162949588696074
0.3451411298021997
0.2755401432005293
0.20792394305593803
0.1708143961310864
0.18157893716865467
0.1544834627123515
0.11871159469274342
0.09456227705358411
0.08370660585116267
0.058951719234304666
0.05892865216069567
0.033448115431508635
0.02340006186672554
0.021249141399507558
0.04524866501421819
0.027382390332803763
0.023541399386071696
0.018476314385024967
0.050114676317946874
0.016594822725025847
0.00484351527523305
0.030687838480204854
0.010426696633067598
0.031713233135402134
0.020685345677642734
0.015167874237312619
0.007177358992794622
0.029509371930969877
0.012579336495148898
0.007254433695035035
0.010673655739924381
0.006720640044616448
0.018769331507013022
0.022435707282807207
0.01664235708003649
0.0021334634951723505
0.006386434124727595
0.022492259726508736
0.010126576026926659
0.015547336062368002
0.02776470529299326
0.010333983828055308
0.013671545391919662
0.01174325046981967
0.014081575597086879
0.019628741481115198
0.01250746776903088
0.005245449546482784
0.018123233072475927
0.02520797614472234
0.013904441689235377
0.02141641230588658
0.013074323664327267
0.003926776293555847
0.009183470075698353
0.01133812738030913
0.00814719988727666
0.02865287638866281
0.025222962026227282
0.024932272520138923
0.02148940080024254
0.011628236448450496
0.016150010247236425
0.017267138939402085
0.007995176596996063
0.027152132688138972
0.0049802750156655
0.010104729755156304
0.008221688945067963
0.008830398731912612
0.009306657289685685
0.013525479130076136
0.014334628128885732
0.02594105596890742
0.007571200221457884
0.017259594137164123
0.010113621284935913
0.03673382010265155
0.011096705871059175
0.01640078382090755
0.013842476803954668
0.02037156385363214
0.019142644779809214
0.02036034502420995
0.013942291992299806
0.008630594114021638
0.01245670240114723
0.010532016830816433
0.017519020741093554
0.01263371208473797
0.015624566873308435
0.01597913817189285
0.004457821932226247
0.016042990861844457
0.01194256100063305
0.015549902751008603
0.007072557949702923
0.00950418367546116
0.01333360818909362
