1.363
1.265
1.385
1.390
1.399
1.392
1.407
1.371
1.430
1.456
1.438
1.383
1.442
1.438
1.552
1.518
1.486
1.549
1.463
1.484
1.539
1.588
1.628
1.541
1.632
1.560
1.586
1.555
1.572
1.719
1.725
1.670
1.732
1.711
1.657
1.616
1.760
1.752
1.775
1.723
1.726
1.717
1.789
1.782
1.745
1.775
1.819
1.754
1.835
1.929
1.909
1.896
1.929
1.879
1.870
1.816
1.917
1.987
1.954
1.973
1.988
1.936
1.938
2.024
1.982
1.997
1.936
1.992
2.073
2.065
2.070
2.040
2.042
2.125
2.081
2.154
2.071
2.158
2.214
2.169
2.149
2.182
2.189
2.207
2.146
2.123
2.224
2.110
2.120
2.195
2.183
2.103
2.234
2.147
2.249
2.235
2.248
2.286
2.247
2.275
2.145
2.232
2.308
2.194
2.185
2.273
2.216
2.267
2.291
2.286
2.276
2.344
2.168
2.355
2.289
2.317
2.317
2.340
2.339
2.357
2.305
2.334
2.350
2.375
2.330
2.310
2.387
2.359
2.284
2.434
2.420
2.315
2.447
2.545
2.314
2.410
2.408
2.422
2.363
2.388
2.412
2.422
2.396
2.350
2.442
2.437
2.405
2.331
2.393
2.411
2.452
2.471
2.394
2.368
2.439
2.404
2.485
2.428
2.554
2.564
2.500
2.501
2.521
2.450
2.399
2.479
2.515
2.562
2.431
2.593
2.492
2.559
2.559
2.540
2.424
2.507
2.485
2.423
2.540
2.482
2.543
2.470
2.484
2.502
2.485
2.568
2.483
2.639
2.461
2.484
2.693
2.458
2.488
2.590
2.655
2.645
2.553
2.546
2.564
2.534
2.514
2.615
2.655
2.585
2.540
2.618
2.604
2.599
2.670
2.709
2.625
2.621
2.629
2.537
2.605
2.565
2.539
2.554
2.672
2.604
2.614
2.571
2.762
2.630
2.610
2.753
2.627
2.544
2.612
2.616
2.607
2.626
2.664
2.689
2.612
2.653
2.688
2.687
2.575
2.726
2.632
2.606
2.717
2.591
2.674
2.654
2.663
2.687
2.686
2.609
2.739
2.718
2.724
2.663
2.680
2.747
2.714
2.657
2.671
2.728
2.788
2.701
2.683
2.689
2.693
2.710
2.693
2.745
2.719
2.763
2.650
2.704
2.816
2.714
2.757
2.646
2.850
2.770
2.699
2.821
2.689
2.701
2.571
2.723
2.773
2.667
2.841
2.839
2.725
2.793
2.759
2.706
2.637
2.748
2.745
2.795
2.821
2.796
2.752
2.709
2.845
2.772
2.814
2.721
2.728
2.851
2.757
2.833
2.784
2.820
2.734
2.781
2.773
2.697
2.838
2.789
2.843
2.857
2.803
2.759
2.785
2.848
2.809
2.780
2.817
2.790
2.839
2.796
2.803
2.852
2.846
2.880
2.834
2.832
2.887
2.802
2.902
2.751
2.873
2.829
2.779
2.870
2.785
2.756
2.798
2.815
2.799
2.837
2.870
2.827
2.876
2.842
2.805
2.783
2.862
2.823
2.803
2.962
2.865
2.825
2.848
2.801
2.863
2.955
2.897
2.871
2.921
2.889
2.842
2.882
2.815
2.841
2.881
2.844
2.908
2.838
2.837
2.839
2.911
2.825
2.805
2.889
2.919
2.843
2.920
2.948
2.844
2.950
2.868
2.878
2.935
2.867
2.918
2.947
2.903
2.925
2.840
2.801
2.923
2.930
2.787
2.971
2.871
2.973
2.888
2.968
3.017
2.933
2.918
3.038
2.975
2.966
2.959
2.868
2.894
3.008
2.905
2.846
2.925
2.853
3.001
2.905
2.877
2.975
2.934
2.897
2.881
2.876
2.980
2.915
2.882
2.971
2.974
2.991
2.918
2.958
2.919
2.958
2.905
2.957
2.964
2.995
2.950
2.882
2.882
3.053
2.986
2.998
2.883
2.902
2.968
2.940
2.989
2.989
2.902
2.989
3.044
2.961
2.923
2.807
2.908
2.991
2.918
2.991
2.961
2.952
2.990
2.975
2.970
3.009
2.987
2.959
3.064
3.006
2.887
2.954
3.007
2.960
2.999
2.988
2.877
2.884
3.008
2.970
2.961
2.929
2.894
3.049
3.050
2.868
2.941
3.058
2.988
3.066
2.995
2.921
3.032
2.916
2.990
2.917
2.955
3.009
2.941
2.985
2.980
3.023
2.955
2.990
2.965
2.946
2.967
3.011
3.004
3.020
2.967
2.971
3.014
2.941
3.030
3.058
3.013
3.041
2.972
2.977
2.960
2.974
2.962
2.986
3.002
3.051
3.101
3.035
3.010
2.973
3.035
2.973
2.963
3.003
2.960
3.003
3.143
3.030
3.059
3.142
3.084
2.982
2.968
3.039
3.030
3.067
3.053
2.925
3.024
3.084
2.990
2.992
3.019
2.941
2.970
2.981
3.064
3.021
2.979
3.055
3.020
2.990
3.004
2.991
3.073
2.998
2.996
3.014
3.013
2.999
3.083
3.059
2.996
3.090
2.962
3.007
3.022
3.064
3.072
2.997
3.065
3.018
3.007
3.112
3.018
3.039
3.106
3.005
2.989
2.958
3.063
3.006
3.103
3.069
3.070
3.112
3.031
3.021
2.980
3.066
3.015
3.023
3.096
3.089
3.043
3.066
2.993
3.047
3.059
2.951
2.945
3.048
3.089
3.058
3.060
3.011
2.934
3.038
3.049
3.031
3.074
3.043
3.111
3.067
3.082
3.029
3.070
3.082
3.058
3.025
3.079
3.074
3.084
3.094
3.114
3.007
3.059
3.007
3.034
3.076
3.098
3.094
3.038
3.040
3.016
3.068
3.083
3.066
3.080
3.009
3.049
3.035
3.209
3.092
3.142
3.139
3.088
3.133
2.970
3.055
3.057
3.050
3.022
3.049
3.054
3.106
2.965
3.039
3.049
3.054
3.161
3.096
3.092
3.102
3.100
3.008
3.126
3.072
3.153
3.137
3.125
3.051
3.104
3.077
3.156
3.129
3.147
3.131
3.065
3.089
3.067
2.982
3.062
3.097
3.214
3.010
3.051
3.108
3.046
3.071
3.181
3.091
3.028
3.148
3.138
3.118
3.105
3.070
2.966
3.094
3.084
3.087
3.096
3.069
3.104
3.106
3.049
3.035
3.025
3.112
3.079
3.029
3.083
3.099
3.027
3.150
3.025
3.060
3.041
3.142
3.150
3.134
3.098
3.079
3.089
3.124
3.137
3.149
3.184
3.119
3.121
3.108
3.023
3.123
3.128
3.133
3.090
3.064
3.123
3.075
3.121
3.133
3.144
3.182
3.104
3.048
3.056
3.136
3.106
3.222
3.053
3.065
3.288
3.052
3.080
3.160
3.127
3.144
3.106
3.150
3.130
3.134
3.074
3.117
3.099
3.069
3.137
3.073
3.178
3.051
3.011
3.083
3.149
3.169
3.050
3.096
3.115
3.168
3.113
3.160
3.094
3.169
3.158
3.098
3.134
3.058
3.057
3.109
3.259
3.062
3.180
3.164
3.208
3.123
3.101
3.065
3.186
3.130
3.189
3.139
3.127
3.128
3.122
3.187
3.077
3.224
3.090
3.093
3.166
3.086
3.197
3.118
3.231
3.147
3.154
3.256
3.090
3.204
3.174
3.173
3.106
3.142
3.146
3.147
3.152
3.154
3.167
3.138
3.067
3.221
3.174
3.155
3.117
3.168
3.144
3.035
3.184
3.024
3.079
3.125
3.120
3.262
3.080
3.160
3.085
3.154
3.218
3.130
3.125
3.125
3.089
3.053
3.147
3.113
3.150
3.154
3.042
3.154
3.216
3.095
3.168
3.152
3.101
3.166
3.129
3.139
3.132
3.148
3.219
3.164
3.072
3.155
3.163
3.095
3.144
3.202
3.156
3.135
3.189
3.166
3.174
3.137
3.049
3.118
3.091
3.157
3.170
3.235
3.218
3.103
3.234
3.237
3.200
3.181
3.201
3.142
3.168
3.104
3.173
3.087
3.070
3.088
3.108
3.123
3.086
3.191
3.219
3.196
3.140
3.169
3.191
3.130
3.029
3.158
3.123
3.220
3.203
3.196
3.155
3.221
3.181
3.178
3.209
3.215
3.138
3.123
3.163
3.068
3.126
3.150
3.203
3.176
3.255
3.160
3.131
3.145
3.085
3.129
3.131
3.129
3.163
3.178
3.188
3.200
3.110
3.143
3.126
3.120
3.218
3.205
3.169
3.131
3.132
3.149
3.193
3.255
3.235
3.207
3.088
3.158
3.099
3.225
3.192
3.143
3.235
3.211
3.239
3.200
3.146
3.214
3.228
3.209
3.222
3.159
3.189
3.101
3.121
3.187
3.158
3.140
3.214
3.171
3.107
3.209
3.079
3.122
3.163
3.129
3.116
3.084
3.187
3.185
3.230
3.178
3.282
3.197
3.145
3.175
3.100
3.176
3.100
3.160
3.126
3.255
3.187
3.264
3.205
3.154
3.213
3.181
