1.906
1.740
1.950
1.561
1.937
1.794
1.877
1.598
1.573
1.772
1.713
1.686
2.202
2.145
2.165
1.986
1.824
2.161
2.230
2.202
2.122
2.053
2.160
2.016
1.985
2.460
2.434
2.061
2.085
2.497
2.263
2.279
2.557
2.200
2.119
2.609
2.453
2.299
2.687
2.653
2.383
2.313
2.512
2.655
2.663
2.504
2.505
2.795
2.801
3.022
3.056
2.919
2.818
2.598
2.778
2.600
3.056
3.134
3.149
3.146
3.146
2.885
2.834
3.178
3.006
3.092
3.199
3.131
3.334
3.342
3.041
3.495
3.488
3.404
3.092
3.148
3.519
3.429
3.243
3.093
3.169
3.630
3.234
3.160
3.240
3.558
3.456
3.544
3.633
3.636
3.529
3.344
3.341
3.477
3.356
3.458
3.463
3.719
3.367
3.458
3.772
3.725
3.852
3.731
3.434
3.562
3.699
3.897
3.877
3.496
3.761
3.631
3.745
3.902
3.961
3.978
3.894
3.664
3.720
3.591
4.018
4.149
3.839
4.065
3.776
4.043
4.096
4.071
4.152
3.786
3.841
4.138
4.084
4.052
4.147
4.195
3.867
3.774
4.260
3.694
3.793
3.908
4.176
4.139
4.168
4.053
3.856
4.109
4.183
3.934
3.966
4.186
4.003
3.847
3.827
3.903
4.063
3.951
4.249
4.043
4.254
4.272
4.376
4.196
3.954
4.297
4.287
3.918
4.122
4.065
4.200
4.306
4.008
4.158
4.306
4.363
3.962
4.175
4.461
4.006
4.433
4.403
4.293
4.312
4.439
4.208
4.422
4.484
4.289
4.405
4.406
4.297
4.494
4.418
4.094
4.441
4.450
4.346
4.357
4.441
4.268
4.506
4.330
4.084
4.513
4.427
4.126
4.529
4.315
4.496
4.101
4.497
4.501
4.203
4.204
4.304
4.545
4.417
4.531
4.466
4.580
4.193
4.588
4.227
4.308
4.583
4.159
4.102
4.644
4.272
4.571
4.531
4.461
4.651
4.502
4.581
4.623
4.220
4.587
4.265
4.267
4.571
4.637
4.400
4.532
4.237
4.225
4.599
4.572
4.720
4.576
4.573
4.349
4.653
4.409
4.550
4.634
4.282
4.607
4.589
4.624
4.704
4.445
4.712
4.664
4.661
4.634
4.628
4.561
4.635
4.232
4.639
4.626
4.616
4.484
4.669
4.320
4.669
4.293
4.699
4.457
4.680
4.603
4.622
4.369
4.657
4.665
4.352
4.363
4.445
4.669
4.498
4.743
4.303
4.622
4.421
4.611
4.340
4.383
4.483
4.629
4.722
4.589
4.773
4.701
4.787
4.810
4.464
4.660
4.347
4.673
4.737
4.733
4.688
4.678
4.683
4.424
4.352
4.705
4.691
4.717
4.847
4.676
4.779
4.851
4.686
4.506
4.877
4.752
4.773
4.438
4.854
4.749
4.525
4.456
4.713
4.736
4.415
4.777
4.839
4.771
4.486
4.777
4.786
4.898
4.769
4.601
4.756
4.672
4.771
4.533
4.799
4.824
4.430
4.460
4.780
4.895
4.727
4.643
4.805
4.829
4.810
4.934
4.458
4.838
4.824
4.550
4.765
4.535
4.791
4.493
4.913
4.857
4.583
4.890
4.800
4.481
4.752
4.475
4.812
4.532
4.789
4.932
4.556
4.478
4.834
4.834
4.871
4.717
4.781
4.759
4.753
4.782
4.421
4.812
4.550
4.847
4.810
4.801
4.825
4.899
4.672
4.573
4.767
4.600
4.820
4.765
4.829
4.601
4.771
4.531
4.510
4.464
4.714
4.534
4.582
4.755
4.907
4.792
4.897
4.468
4.883
4.875
4.933
4.642
4.904
4.871
4.951
4.988
4.861
4.872
4.497
4.447
4.891
4.885
4.901
4.900
4.548
4.921
4.851
4.479
4.552
4.957
4.900
4.540
4.898
4.490
4.877
4.556
4.634
4.589
4.857
4.780
4.923
4.628
4.781
4.477
4.884
4.949
4.956
4.493
4.938
4.864
4.530
4.967
4.810
4.861
4.524
4.602
4.629
4.862
4.747
4.824
4.929
4.680
5.016
4.918
4.615
4.934
4.838
4.915
4.850
5.088
4.802
4.846
4.997
4.925
4.839
4.857
4.949
4.878
4.624
4.522
4.942
4.874
4.651
4.579
4.924
4.758
5.007
4.884
4.552
4.876
4.904
4.828
4.841
4.868
4.907
4.906
4.658
4.969
4.660
4.746
5.034
5.013
4.883
4.959
4.946
4.685
4.964
4.521
4.681
4.926
4.880
4.639
4.576
4.964
4.966
4.584
4.915
5.042
4.995
4.763
4.694
4.933
4.968
5.038
4.935
4.926
4.919
4.942
4.758
4.688
4.774
4.857
4.956
4.574
4.916
4.992
4.645
4.510
4.866
4.568
4.887
4.978
4.685
5.024
4.741
4.642
4.920
4.894
4.716
5.001
4.620
4.963
4.972
4.908
4.867
4.985
4.982
4.682
5.016
4.570
4.597
4.726
4.575
4.847
4.722
4.597
4.886
4.766
4.573
4.963
4.704
4.939
5.008
4.994
4.934
4.924
4.901
4.644
4.914
4.844
4.936
4.982
5.013
4.998
4.978
5.042
4.888
4.931
4.831
4.787
4.614
4.929
4.883
4.756
4.678
4.760
4.722
4.926
4.950
4.588
4.948
4.714
5.024
4.881
4.561
4.977
5.017
4.980
4.960
4.781
4.787
5.023
4.623
5.093
4.984
4.966
4.995
4.999
5.023
4.755
4.943
4.875
5.049
5.064
4.700
4.757
4.760
4.896
5.048
4.977
5.033
4.774
5.080
4.671
5.026
4.925
5.070
5.103
5.044
5.082
5.001
4.940
4.786
4.942
4.567
4.686
4.761
5.027
4.839
4.964
4.991
4.693
4.707
4.945
4.768
4.868
4.946
4.623
5.006
4.677
4.702
4.863
5.014
5.025
5.020
5.026
4.709
5.037
5.026
4.993
5.102
5.049
5.043
4.676
5.062
4.864
5.174
5.051
5.031
4.951
5.006
5.033
5.004
4.950
5.021
5.040
5.044
4.625
4.987
4.958
4.705
5.125
4.875
5.011
4.878
4.987
4.689
4.703
4.751
4.997
5.108
4.922
4.831
4.986
5.001
4.994
5.063
4.892
4.890
5.067
5.029
4.820
5.005
5.045
4.810
4.958
4.735
5.030
5.045
4.938
4.818
4.694
5.051
5.020
5.030
5.065
5.032
4.875
4.688
4.951
5.004
4.864
5.061
4.708
4.961
4.703
5.053
4.891
4.956
4.986
5.055
4.800
4.754
4.677
4.690
5.111
4.764
4.690
4.753
4.847
4.960
5.037
4.807
5.018
4.777
4.979
4.691
4.999
5.052
5.058
4.903
4.967
5.025
5.048
5.050
5.026
4.735
4.663
4.718
5.002
5.062
4.620
5.032
4.968
4.786
5.049
5.072
5.034
5.048
4.993
4.837
4.865
5.074
4.886
5.123
4.814
4.947
5.056
5.090
4.746
5.025
4.754
4.756
5.058
4.915
4.615
4.999
4.701
4.686
4.979
5.208
5.051
4.982
5.063
5.011
4.968
5.098
5.060
4.837
5.027
5.057
4.774
5.042
4.715
4.664
4.871
4.739
4.750
5.093
4.638
5.084
4.591
4.950
4.696
4.880
5.261
5.125
4.689
5.054
4.694
5.047
5.008
4.772
4.734
5.050
5.124
5.078
4.703
4.995
4.736
5.052
5.021
4.770
4.863
5.118
4.892
4.923
4.959
5.098
5.166
4.847
4.696
5.092
5.045
5.063
5.094
4.656
5.216
4.991
4.964
5.065
5.126
5.038
5.010
4.794
5.059
5.049
4.803
4.742
4.909
5.099
5.006
5.016
4.733
5.059
4.879
4.931
5.053
5.124
5.121
5.039
4.947
5.071
5.072
5.036
5.115
5.052
5.038
5.052
4.941
5.017
5.062
5.046
4.754
5.079
5.085
4.669
5.067
4.817
4.879
5.046
5.049
4.763
5.072
5.019
5.081
4.762
5.044
5.230
4.748
4.792
4.800
5.060
5.083
5.075
4.765
4.659
5.077
4.869
4.987
5.052
5.194
4.846
5.072
5.156
4.781
5.035
5.094
4.899
4.740
5.036
4.771
4.836
5.007
5.084
5.089
5.079
5.115
4.722
4.813
4.784
5.150
4.842
4.843
5.095
5.034
5.137
4.936
5.066
4.784
4.738
5.125
5.060
5.088
4.764
5.053
4.717
4.966
4.806
5.103
5.048
4.847
5.035
5.069
5.027
5.093
5.129
4.760
5.089
4.768
4.984
4.931
5.081
4.916
4.906
4.795
4.832
5.149
5.115
4.870
4.986
4.861
4.726
4.810
4.752
5.045
4.861
4.711
4.740
4.907
5.045
4.659
5.118
4.708
5.168
5.118
5.100
5.102
5.112
4.845
5.034
5.105
4.805
5.014
5.081
4.831
5.058
5.120
4.678
5.050
5.064
