0.5	-0.5	0.5	-0.4	-0.4	-0.1	0.3	0.5	0.4	0.1
0.5	-0.5	0.5	-0.4	-0.4	-0.1	0.3	0.5	0.4	0.1
0.74923 -0.34013 1.19777 -0.10004 -0.60840 -0.14732 -0.05369 0.45606 -0.45987 0.35776 
1.07189 -0.30766 2.03896 0.38277 -0.72761 0.19169 -0.84399 0.04442 -0.97091 0.38173 
1.58277 -0.71775 3.66548 0.92261 0.15197 -2.39290 -1.02861 1.37567 -1.61227 0.16326 
2.11879 -0.96133 4.80578 1.51849 0.78220 -3.28714 -1.89461 1.63634 -1.19854 0.28789 
2.70383 -1.05718 6.02776 2.20506 1.40366 -4.46884 -2.08467 2.32124 -1.67683 -0.25561 
3.27340 -1.13492 7.30584 2.69011 1.57467 -4.94491 -2.33102 3.09034 -2.46054 0.35590 
3.73729 -0.60782 7.76863 3.17500 1.59712 -4.55045 -2.62268 2.90413 -2.35390 -0.08096 
4.36208 -0.57193 8.78856 2.90333 1.32797 -3.41851 -1.38649 2.37102 -3.54918 0.33561 
4.87425 -0.53153 9.89518 3.03963 1.15894 -2.64619 -1.50035 1.99039 -3.63428 0.77870 
5.35171 -0.28149 10.71766 3.28504 0.64875 -1.84183 -2.24672 1.98332 -3.16613 1.25652 
5.85753 -0.19632 11.70589 3.62998 1.00132 -2.57436 -2.39847 2.65387 -3.55062 1.06164 
6.28301 0.00117 12.47963 4.14496 0.91014 -2.27276 -2.28680 2.78499 -4.04206 1.03187 
6.70878 0.30690 13.22182 4.47946 1.21848 -3.07321 -1.87428 3.56635 -4.68011 1.20570 
7.08649 0.34975 14.14964 4.84757 1.28671 -3.39700 -2.07243 4.21726 -4.67286 1.28050 
7.50513 0.20824 15.29396 5.23044 2.09706 -5.37058 -2.08554 5.56795 -4.44410 1.11524 
7.85162 0.39556 16.01668 6.00104 2.05640 -5.01300 -3.06655 5.40706 -4.25013 0.82748 
8.17267 0.65343 16.75346 6.28584 2.01181 -5.38922 -3.18667 5.79368 -4.35148 1.20333 
8.54897 0.48194 17.50599 6.45312 2.11777 -5.12595 -2.63018 5.74567 -4.88699 1.61268 
8.92196 0.41146 18.21756 6.85918 2.09451 -5.20725 -2.91293 6.08102 -5.18612 1.41966 
9.37617 -0.02772 19.39145 6.85986 2.23835 -4.99290 -2.46085 5.83276 -6.14097 1.77932 
9.73881 0.06499 19.88987 7.01013 2.46408 -5.48378 -2.42647 6.25314 -6.07768 2.10511 
10.10970 0.00127 20.52371 7.57079 2.62049 -5.96301 -2.91552 6.78120 -5.38572 2.09534 
10.49620 0.13428 21.01201 7.85372 2.63110 -5.99963 -2.56877 7.03681 -5.81712 2.33967 
10.79889 0.19282 21.62523 8.24094 2.70383 -6.09394 -1.89340 7.20959 -6.95401 2.32692 
11.07823 0.39637 22.14429 8.52214 2.35524 -5.41772 -1.27217 7.00155 -7.77492 2.56129 
11.36036 0.73180 22.27117 8.96158 2.38755 -5.64489 -1.55416 7.43367 -7.30765 2.54059 
11.67550 0.79570 22.89456 9.26057 2.33232 -6.08589 -1.68334 8.04466 -7.39146 2.45706 
11.96510 0.89131 23.26815 9.42481 2.36122 -5.84217 -2.07127 8.09945 -7.12788 2.52697 
12.31673 0.66584 23.97625 9.61714 2.59027 -6.07339 -2.47838 8.39853 -6.56150 2.68243 
12.63345 0.80405 24.37661 9.36705 2.35912 -5.34068 -1.84235 7.92247 -7.16281 3.50285 
12.90189 0.97405 24.82386 9.46875 2.63675 -5.93827 -1.99190 8.46037 -7.17083 3.93323 
13.13995 1.19050 25.46669 9.77803 2.47810 -5.50377 -2.32462 8.19565 -6.70683 3.97061 
13.38723 1.29351 25.98053 9.88099 2.45915 -5.72004 -1.70799 8.49486 -7.39773 4.11699 
13.68935 1.29434 26.59853 10.09123 2.24818 -5.32814 -1.33769 8.59134 -7.95911 4.38597 
14.04141 1.10930 27.25162 10.04063 2.32795 -5.72276 -1.52568 9.02897 -7.75986 4.82326 
14.36363 0.78136 28.30293 10.36814 2.61825 -6.88445 -1.05707 10.03311 -8.24449 4.83914 
14.65844 0.50698 29.03262 10.56215 2.76388 -7.50054 -0.63016 10.69833 -8.20784 4.87922 
14.96294 0.37116 29.65822 10.90442 2.97503 -7.71215 -0.31002 10.88429 -8.74586 4.98751 
15.22591 0.27955 30.18516 11.17912 3.12520 -7.75897 -0.50984 10.95921 -8.39080 4.94008 
15.45850 0.40181 30.43195 11.41069 3.23193 -7.91860 -0.45717 11.17931 -8.34431 5.11985 
15.71920 0.51355 30.87820 11.73458 3.20454 -7.82674 -0.93498 11.14071 -7.45480 5.20931 
16.01551 0.50319 31.27207 11.77541 3.28801 -7.83995 -1.03414 11.36594 -7.16314 5.72271 
16.27542 0.19479 32.17423 11.98535 3.62893 -8.52396 -0.92232 11.61411 -7.69454 5.95792 
16.51742 0.21363 32.50999 12.38794 3.68356 -8.46608 -0.89878 11.63271 -7.74680 5.85898 
16.76865 0.19070 32.93933 12.48496 3.91002 -8.96727 -0.94857 11.96918 -7.58676 6.16825 
17.02218 0.42505 33.04624 12.90034 3.90466 -8.87448 -1.38321 12.08236 -7.16243 5.77129 
17.20764 0.62211 33.45940 13.17495 4.00432 -9.28953 -0.75910 12.35697 -7.98511 5.86235 
17.47356 0.70034 33.77078 13.22848 4.00413 -8.99238 -0.77057 11.97999 -8.00022 6.21112 
17.74601 0.64748 34.33752 13.56759 4.14545 -9.26212 -0.62811 12.25893 -8.45392 6.60578 
17.92284 0.75810 34.90827 14.20877 4.22080 -9.72092 -1.44401 12.81965 -7.90559 6.80467 
18.15136 0.91045 35.16877 14.59184 3.97922 -9.23097 -1.19889 12.79778 -7.90666 6.98098 
18.40378 0.69901 35.81836 14.77236 4.11433 -9.40771 -0.80864 12.85338 -8.57688 7.45319 
18.60412 0.90439 36.05596 14.89513 4.05981 -9.20545 -0.89448 12.97543 -8.49421 7.82456 
18.76803 1.16436 36.44885 14.95252 3.84448 -9.01081 -0.59333 12.98510 -8.57232 8.19299 
19.03341 1.14216 36.96597 15.14502 4.08697 -9.69979 -0.64427 13.38924 -8.85928 8.41784 
19.25116 1.26225 37.16912 15.61947 4.00421 -9.68352 -1.07292 13.47133 -8.26972 8.70166 
19.50279 1.12943 37.58108 16.08173 4.26167 -9.89428 -1.38822 13.47037 -7.91832 8.90285 
19.71736 1.10568 37.98824 16.50886 4.15801 -9.43483 -1.54541 13.21945 -7.92915 8.77284 
19.91757 1.39369 38.09761 16.54633 3.92497 -8.89195 -0.76443 13.07192 -8.11688 9.02758 
20.07412 1.77129 38.01916 17.03411 3.96731 -8.93780 -1.17374 13.08167 -7.92160 9.03496 
20.32283 1.59203 38.56367 17.14046 4.14442 -9.20872 -0.98920 13.19321 -8.16270 9.14163 
20.57493 1.67010 38.72412 17.49675 4.05558 -8.75608 -1.32125 13.06060 -7.87725 9.23672 
20.70344 1.84909 39.42378 17.86087 3.98837 -8.86132 -1.41147 13.18078 -8.55754 9.74164 
20.88609 1.96416 39.77432 18.08157 4.16702 -9.09680 -1.39756 13.41131 -8.89897 9.99276 
21.09837 1.96204 40.18019 18.10252 4.04768 -9.29604 -1.52146 13.89054 -8.60104 10.74138 
21.30755 2.08615 40.42204 18.48053 4.00896 -9.14039 -2.16299 13.83702 -8.00600 10.46189 
21.53870 2.11837 40.65530 18.55573 4.17681 -9.47673 -2.09076 14.13922 -8.21428 10.99969 
21.75745 2.03406 41.01022 18.80872 4.13235 -9.25106 -1.85755 14.18546 -8.03233 11.40212 
21.97707 2.06711 41.21903 19.07299 4.21110 -9.39826 -1.89379 14.47748 -7.77410 11.51277 
22.25008 2.02502 41.52835 19.27398 3.94537 -8.64717 -2.07120 14.17850 -7.42415 11.90397 
22.44490 2.09579 41.97986 19.56904 3.98183 -9.13375 -2.64479 14.75435 -7.27951 11.94058 
22.62562 2.05256 42.29038 19.99507 4.19730 -9.32215 -2.74451 14.89861 -7.27432 11.88843 
22.79961 1.96884 42.87797 20.12783 4.51735 -10.05015 -2.70741 15.37897 -7.46936 12.11987 
23.05831 1.96801 43.20651 20.00247 4.54143 -10.21031 -2.21275 15.57257 -7.69148 12.75680 
23.23699 2.00881 43.57595 20.33232 4.37223 -10.03969 -1.97738 15.56330 -7.57024 12.50263 
23.40691 2.03678 43.97873 20.48253 4.46160 -10.48453 -2.07077 16.00904 -7.57299 12.86651 
23.65299 2.02478 44.45021 20.44838 4.62983 -10.89274 -1.90951 16.07511 -8.30546 13.14005 
23.87572 1.94750 44.90839 20.62493 4.71954 -11.05490 -2.15982 16.20230 -7.86867 13.28501 
24.09617 1.80081 45.49899 20.86351 4.73757 -10.81087 -1.80674 16.00874 -8.41327 13.47558 
24.29172 1.80812 45.86156 21.17936 4.91086 -11.27720 -2.33262 16.32371 -8.03781 13.65454 
24.50640 1.73196 46.43442 21.36205 5.10264 -12.07967 -2.01113 17.04340 -8.65089 13.81084 
24.71515 1.72867 46.83650 21.65944 5.29231 -12.80796 -2.68343 17.74004 -7.97422 13.89102 
24.93277 1.66817 47.24382 21.91785 5.48363 -13.37735 -2.49223 18.22486 -8.01704 13.83101 
25.06363 1.89625 47.56812 22.33688 5.51429 -13.32776 -2.63017 18.00515 -8.68447 13.53394 
25.30860 1.63829 48.08910 22.55966 5.51934 -13.07606 -1.87074 18.04347 -9.09739 13.62674 
25.47655 1.62015 48.75853 22.47794 5.73069 -13.55283 -1.84730 18.13367 -9.25718 13.93770 
25.74397 1.61138 48.93245 22.58497 5.53066 -12.99004 -1.56233 17.92481 -9.15970 13.84283 
25.90382 1.66776 49.42867 22.81264 5.63957 -13.35427 -1.54549 18.33003 -9.48263 14.23781 
26.11215 1.51889 50.10403 22.95054 5.82734 -13.96913 -1.18286 18.77139 -9.74064 14.71386 
26.28872 1.64834 50.25605 23.18245 6.04263 -14.36519 -1.06752 19.13317 -9.55220 14.66464 
26.43555 1.93625 50.53939 23.70423 5.85816 -14.22889 -2.00389 19.00198 -9.23328 14.45893 
26.63779 2.14810 50.64991 23.71917 5.86117 -14.10136 -2.04369 18.99586 -9.28988 14.85657 
26.86340 2.17938 50.92561 23.65104 5.67251 -13.85168 -1.86513 18.94241 -9.52119 15.14637 
27.08785 2.10117 51.16281 23.77212 5.81673 -14.06840 -2.32127 19.28264 -8.89022 15.28325 
27.24688 2.34219 51.22040 24.07631 5.56969 -13.30236 -2.62267 18.82513 -8.88404 15.45457 
27.41482 2.29232 51.67025 24.26645 5.76394 -13.99905 -2.77463 19.40686 -8.54401 15.61057 
27.57196 2.33613 52.11592 24.56794 5.76305 -13.95476 -3.10909 19.46803 -8.30315 15.72125 
27.80556 2.32564 52.39645 24.74215 5.73116 -13.85866 -3.45784 19.49578 -7.75987 16.06882 
28.01780 2.36648 52.52060 24.88702 5.74588 -13.37160 -3.45928 19.21551 -7.55469 16.28214 
28.21110 2.36927 52.77058 25.18885 6.09315 -13.96900 -3.62951 19.46584 -7.50027 16.56323 
