0.8715377970744875
0.7390485519313736
0.6220222192482615
0.5335448251013617
0.47005811553895804
0.4172491339290286
0.37432724510788434
0.3396159589842235
0.32320989283230556
0.29899633506669643
0.2908466608937364
0.269011181259811
0.26076310463644337
0.2523086011478996
0.23525491035322765
0.24080322511617652
0.22333701673848785
0.22289868268564292
0.22196775491914775
0.21618557481687511
0.21167146314969879
0.20629205757056787
0.199075826736754
0.1941178268341106
0.1897508359127232
0.19158059797886348
0.18625229998108125
0.18617448849591928
0.18374494362303287
0.1810530304683852
0.1748436723964273
0.1708095969287719
0.17264987060477943
0.17414763338265432
0.1725985011021969
0.1707624967282285
0.16544675939954995
0.16530361126385257
0.16624209444172736
0.16346556744078
0.15918122811499866
0.1640931111144738
0.15680511969600983
0.15712036216829223
0.15635282905964754
0.16342936620008147
0.15213552851513398
0.15163162834097788
0.14858496102151386
0.1531908893099894
0.15215957857405302
0.1508414104910161
0.14860571358313432
0.14084514826811323
0.15499394542462216
0.1424865194400303
0.14638077910986738
0.1468255013155784
0.14805634337694695
0.1430144773504956
0.145679178084088
0.14685725199267266
0.1368996832632995
0.1403594271631358
0.13794284407839988
0.13548283086152654
0.1415950834386492
0.1345207470916201
0.14589669294725252
0.14211299175757017
0.1370415322475535
0.13765127493816953
0.13356365759420083
0.13727847070777754
0.13469266367979163
0.13365410482593323
0.13941310449382752
0.13635818062097174
0.13272028041947612
0.13353530577654554
0.13136761518984985
0.13000979660863063
0.13974606953302407
0.12646131851618972
0.1388535700383169
0.13027061515222724
0.13280748086325878
0.12809226766904278
0.12717557458163814
0.13689254038307977
0.1286528808228064
0.1338468298459886
0.12950015609542875
0.13586328298523032
0.12627291339553118
0.1234974302072795
0.12151464364160315
0.13016179573598338
0.13029736568833705
0.12911570244428675
