2.706
2.731
2.757
2.783
2.814
2.842
2.872
2.895
2.930
2.956
2.985
3.013
3.045
3.077
3.106
3.137
3.166
3.202
3.235
3.263
3.295
3.325
3.356
3.390
3.420
3.456
3.487
3.521
3.550
3.588
3.624
3.657
3.689
3.721
3.749
3.783
3.821
3.856
3.889
3.919
3.953
3.986
4.022
4.053
4.082
4.117
4.152
4.183
4.217
4.248
4.276
4.308
4.340
4.372
4.407
4.437
4.465
4.499
4.529
4.559
4.590
4.618
4.643
4.676
4.703
4.731
4.759
4.787
4.819
4.847
4.871
4.899
4.920
4.953
4.978
5.005
5.030
5.051
5.077
5.104
5.129
5.149
5.175
5.199
5.219
5.239
5.267
5.284
5.308
5.330
5.356
5.376
5.393
5.417
5.432
5.451
5.477
5.496
5.513
5.530
5.549
5.566
5.585
5.601
5.620
5.640
5.657
5.675
5.692
5.707
5.720
5.743
5.758
5.770
5.786
5.802
5.812
5.830
5.842
5.862
5.871
5.888
5.898
5.917
5.932
5.942
5.953
5.965
5.978
5.999
6.007
6.019
6.033
6.048
6.059
6.068
6.079
6.092
6.097
6.110
6.121
6.133
6.141
6.157
6.165
6.174
6.186
6.199
6.206
6.219
6.230
6.233
6.243
6.256
6.265
6.275
6.284
6.288
6.299
6.314
6.318
6.326
6.337
6.345
6.351
6.359
6.371
6.376
6.382
6.392
6.400
6.408
6.413
6.427
6.436
6.438
6.445
6.452
6.459
6.469
6.477
6.483
6.488
6.492
6.500
6.509
6.516
6.524
6.526
6.535
6.542
6.547
6.553
6.564
6.567
6.574
6.575
6.584
6.592
6.599
6.602
6.608
6.612
6.618
6.627
6.627
6.636
6.639
6.652
6.654
6.653
6.663
6.669
6.672
6.677
6.687
6.690
6.692
6.697
6.704
6.705
6.714
6.718
6.727
6.730
6.733
6.736
6.740
6.746
6.754
6.756
6.758
6.762
6.772
6.772
6.777
6.785
6.790
6.791
6.794
6.803
6.800
6.810
6.807
6.817
6.823
6.822
6.830
6.833
6.833
6.842
6.839
6.849
6.847
6.853
6.860
6.863
6.868
6.871
6.872
6.873
6.876
6.880
6.883
6.887
6.895
6.897
6.897
6.900
6.909
6.908
6.911
6.918
6.919
6.925
6.924
6.929
6.929
6.938
6.941
6.943
6.946
6.947
6.953
6.955
6.959
6.959
6.962
6.963
6.967
6.968
6.975
6.973
6.979
6.982
6.984
6.989
6.992
6.993
6.996
7.000
7.000
7.003
7.004
7.009
7.010
7.014
7.015
7.018
7.025
7.025
7.023
7.030
7.033
7.029
7.039
7.042
7.040
7.043
7.048
7.049
7.052
7.053
7.057
7.057
7.056
7.058
7.066
7.069
7.064
7.070
7.075
7.078
7.077
7.082
7.082
7.081
7.086
7.086
7.087
7.093
7.094
7.095
7.097
7.101
7.101
7.100
7.109
7.108
7.109
7.110
7.111
7.118
7.117
7.120
7.116
7.123
7.124
7.129
7.128
7.132
7.130
7.133
7.135
7.135
7.134
7.142
7.146
7.144
7.147
7.146
7.151
7.154
7.150
7.157
7.154
7.155
7.156
7.158
7.159
7.162
7.162
7.168
7.166
7.171
7.175
7.174
7.177
7.177
7.177
7.179
7.175
7.182
7.181
7.186
7.188
7.187
7.192
7.190
7.193
7.193
7.198
7.195
7.199
7.200
7.199
7.203
7.205
7.204
7.205
7.208
7.212
7.208
7.213
7.211
7.216
7.222
7.215
7.221
7.218
7.223
7.224
7.221
7.223
7.229
7.224
7.230
7.232
7.230
7.233
7.237
7.234
7.238
7.235
7.237
7.243
7.238
7.245
7.243
7.240
7.244
7.242
7.246
7.247
7.247
7.248
7.253
7.251
7.252
7.254
7.254
7.261
7.261
7.257
7.260
7.262
7.264
7.264
7.269
7.265
7.265
7.269
7.266
7.270
7.270
7.274
7.275
7.271
7.274
7.278
7.276
7.279
7.281
7.282
7.280
7.282
7.280
7.281
7.284
7.284
7.287
7.284
7.290
7.289
7.288
7.294
7.294
7.294
7.294
7.296
7.292
7.297
7.299
7.296
7.301
7.301
7.302
7.303
7.303
7.304
7.306
7.302
7.306
7.309
7.309
7.309
7.307
7.310
7.312
7.312
7.313
7.315
7.317
7.316
7.314
7.314
7.317
7.316
7.318
7.322
7.319
7.320
7.321
7.325
7.325
7.323
7.326
7.326
7.328
7.325
7.327
7.331
7.333
7.327
7.332
7.331
7.335
7.332
7.334
7.332
7.339
7.335
7.338
7.340
7.339
7.337
7.335
7.338
7.341
7.342
7.343
7.343
7.346
7.346
7.344
7.347
7.346
7.349
7.346
7.350
7.347
7.353
7.353
7.355
7.351
7.352
7.353
7.352
7.351
7.357
7.353
7.355
7.359
7.355
7.358
7.360
7.360
7.361
7.362
7.362
7.357
7.363
7.364
7.361
7.366
7.362
7.370
7.362
7.364
7.364
7.368
7.364
7.368
7.366
7.369
7.372
7.373
7.372
7.371
7.373
7.373
7.374
7.374
7.375
7.372
7.377
7.375
7.378
7.382
7.381
7.382
7.380
7.384
7.377
7.381
7.380
7.383
7.385
7.380
7.383
7.380
7.388
7.388
7.381
7.383
7.389
7.383
7.390
7.389
7.390
7.388
7.388
7.388
7.389
7.389
7.389
7.392
7.391
7.393
7.389
7.392
7.393
7.396
7.396
7.394
7.398
7.392
7.398
7.396
7.400
7.393
7.401
7.399
7.399
7.400
7.401
7.401
7.398
7.406
7.401
7.401
7.403
7.406
7.407
7.402
7.403
7.402
7.408
7.408
7.408
7.405
7.405
7.405
7.411
7.409
7.414
7.410
7.408
7.413
7.408
7.412
7.408
7.413
7.411
7.417
7.413
7.411
7.416
7.415
7.413
7.414
7.417
7.419
7.414
7.419
7.418
7.416
7.419
7.414
7.421
7.418
7.422
7.417
7.421
7.421
7.419
7.421
7.424
7.425
7.422
7.422
7.425
7.426
7.429
7.426
7.423
7.427
7.427
7.426
7.425
7.426
7.427
7.431
7.431
7.426
7.425
7.426
7.427
7.428
7.432
7.428
7.433
7.433
7.427
7.435
7.429
7.429
7.435
7.433
7.434
7.429
7.432
7.437
7.430
7.438
7.438
7.431
7.437
7.433
7.434
7.437
7.436
7.437
7.433
7.440
7.441
7.437
7.441
7.440
7.441
7.438
7.437
7.442
7.439
7.443
7.441
7.444
7.444
7.445
7.439
7.441
7.445
7.447
7.445
7.444
7.445
7.441
7.448
7.442
7.446
7.444
7.446
7.445
7.443
7.447
7.451
7.445
7.448
7.449
7.446
7.446
7.451
7.451
7.452
7.453
7.450
7.449
7.450
7.455
7.447
7.458
7.455
7.450
7.453
7.453
7.451
7.456
7.455
7.457
7.456
7.459
7.453
7.453
7.457
7.452
7.453
7.456
7.458
7.455
7.460
7.455
7.454
7.458
7.456
7.458
7.461
7.458
7.461
7.462
7.460
7.458
7.457
7.464
7.463
7.462
7.463
7.460
7.462
7.465
7.459
7.459
7.461
7.460
7.463
7.464
7.463
7.467
7.461
7.466
7.462
7.466
7.466
7.467
7.467
7.468
7.471
7.465
7.468
7.465
7.469
7.466
7.470
7.463
7.466
7.467
7.471
7.467
7.471
7.471
7.470
7.467
7.469
7.468
7.466
7.473
7.468
7.472
7.470
7.474
7.468
7.469
7.468
7.474
7.474
7.476
7.474
7.475
7.474
7.474
7.474
7.472
7.474
7.477
7.471
7.476
7.476
7.476
7.477
7.474
7.474
7.479
7.480
7.476
7.475
7.479
7.479
7.481
7.475
7.476
7.479
7.473
7.478
7.474
7.480
7.479
7.482
7.483
7.480
7.479
7.479
7.479
7.482
7.480
7.479
7.476
7.483
7.478
7.478
7.482
7.480
7.481
7.484
7.483
7.486
7.482
7.483
7.480
7.485
7.483
7.483
7.485
7.482
7.487
7.481
7.482
7.485
7.489
7.481
7.484
7.483
7.489
7.489
7.482
7.491
7.485
7.487
7.487
7.489
7.487
7.490
7.488
7.485
7.491
7.490
7.493
7.490
7.491
7.489
7.488
7.489
7.488
7.492
7.490
7.491
7.491
7.494
7.489
7.487
7.490
7.490
7.490
7.492
7.488
7.495
7.489
7.495
7.492
7.494
7.494
7.490
7.490
7.493
7.495
7.491
7.493
7.492
7.490
7.493
7.492
7.496
7.491
7.493
7.490
7.495
7.498
7.491
7.498
7.497
7.498
7.493
7.493
7.495
7.498
7.495
7.495
7.496
7.495
7.496
7.496
7.499
7.497
7.495
7.499
7.501
