8.269
8.309
8.258
8.304
9.938
9.941
9.941
9.976
12.060
12.062
12.114
12.117
14.724
14.726
14.765
14.756
17.932
17.910
17.924
17.911
21.529
21.518
21.527
21.527
25.388
25.388
25.392
25.391
29.312
29.308
29.300
29.288
32.994
32.991
33.005
33.003
36.338
36.347
36.335
36.336
39.204
39.217
39.193
39.218
41.562
41.572
41.569
41.581
43.488
43.473
43.475
43.476
44.977
44.975
44.985
44.986
46.175
46.188
46.173
46.177
47.135
47.133
47.138
47.129
50.301
50.311
50.304
50.303
50.304
50.310
50.304
50.298
50.305
50.307
50.304
50.308
50.304
50.309
50.310
50.300
50.302
50.305
50.307
50.312
50.299
50.300
50.306
50.304
50.297
50.306
50.303
50.307
50.301
50.303
50.300
50.303
50.308
50.311
50.304
50.305
50.310
50.308
50.304
50.302
50.304
50.307
50.310
50.311
50.297
50.304
50.297
50.303
50.308
50.303
50.307
50.300
50.311
50.301
50.302
50.303
50.300
50.308
50.304
50.305
52.041
52.037
52.037
52.048
52.037
52.048
52.049
52.045
52.048
52.046
52.049
52.036
52.046
52.034
52.042
52.043
52.040
52.042
52.048
52.042
52.042
52.047
52.048
52.044
52.046
52.039
52.047
52.045
52.047
52.043
52.042
52.044
52.040
52.039
52.042
52.045
52.046
52.041
52.043
52.042
52.047
52.042
52.048
52.044
52.039
52.041
52.046
52.048
52.044
52.050
52.048
52.047
52.037
52.045
52.048
52.038
52.049
52.046
52.046
52.048
52.378
52.387
52.381
52.382
52.388
52.380
52.380
52.380
52.379
52.381
52.378
52.382
52.379
52.381
52.388
52.389
52.388
52.382
52.386
52.381
52.388
52.384
52.380
52.390
52.385
52.381
52.382
52.391
52.381
52.382
52.387
52.385
52.389
52.389
52.388
52.385
52.383
52.377
52.388
52.387
52.388
52.390
52.381
52.389
52.380
52.388
52.381
52.390
52.387
52.382
52.390
52.385
52.378
52.389
52.389
52.383
52.383
52.386
52.389
52.389
52.471
52.468
52.463
52.467
52.464
52.464
52.469
52.469
52.471
52.466
52.474
52.469
52.469
52.470
52.476
52.466
52.473
52.470
52.474
52.474
52.468
52.476
52.470
52.466
52.476
52.474
52.471
52.463
52.470
52.470
52.464
52.475
52.465
52.468
52.472
52.466
52.468
52.473
52.473
52.469
52.469
52.463
52.465
52.470
52.463
52.467
52.470
52.475
52.472
52.469
52.474
52.474
52.468
52.473
52.464
52.473
52.470
52.465
52.469
52.465
52.499
52.490
52.498
52.495
52.491
52.489
52.498
52.492
52.489
52.487
52.491
52.496
52.497
52.485
52.494
52.499
52.495
52.494
52.493
52.496
52.490
52.493
52.489
52.498
52.490
52.496
52.490
52.490
52.488
52.492
52.498
52.488
52.491
52.494
52.487
52.495
52.499
52.495
52.493
52.492
52.491
52.496
52.495
52.489
52.496
52.491
52.497
52.495
52.493
52.498
52.499
52.495
52.489
52.487
52.485
52.495
52.496
52.492
52.489
52.490
52.495
52.504
52.499
52.502
52.502
52.507
52.506
52.504
52.504
52.500
52.494
52.499
52.505
52.504
52.496
52.499
52.498
52.503
52.500
52.499
52.498
52.501
52.506
52.504
52.498
52.503
52.494
52.505
52.497
52.493
52.492
52.498
52.505
52.507
52.494
52.501
52.505
52.506
52.495
52.499
52.498
52.503
52.500
52.504
52.504
52.497
52.496
52.504
52.501
52.503
52.494
52.501
52.505
52.500
52.497
52.502
52.495
52.500
52.499
52.496
52.502
52.505
52.508
52.500
52.501
52.505
52.497
52.500
52.506
52.509
52.505
52.503
52.495
52.502
52.506
52.496
52.508
52.504
52.506
52.502
52.504
52.500
52.502
52.501
52.506
52.502
52.497
52.504
52.500
52.509
52.501
52.505
52.507
52.507
52.507
52.498
52.496
52.497
52.504
52.504
52.507
52.497
52.503
52.507
52.506
52.506
52.496
52.503
52.502
52.506
52.502
52.497
52.496
52.501
52.506
52.502
52.503
52.501
52.502
52.494
52.501
52.501
52.498
52.503
52.499
52.508
52.504
52.501
52.499
52.508
52.498
52.499
52.500
52.503
52.504
52.502
52.496
52.497
52.508
52.501
52.502
52.508
52.509
52.500
52.500
52.509
52.507
52.511
52.501
52.498
52.498
52.506
52.502
52.505
52.503
52.502
52.495
52.505
52.508
52.506
52.499
52.501
52.506
52.501
52.498
52.504
52.504
52.501
52.504
52.504
52.500
52.501
52.499
52.503
52.495
52.503
52.499
52.510
52.504
52.506
52.499
52.495
52.500
52.500
52.505
52.506
52.503
52.498
52.503
52.507
52.507
52.508
52.499
52.499
52.503
52.499
52.499
52.506
52.497
52.506
52.498
52.496
52.505
52.510
52.500
52.503
52.501
52.503
52.493
52.500
52.502
52.505
52.507
52.501
52.508
52.498
52.504
52.501
52.506
52.504
52.507
52.502
52.502
52.510
52.497
52.500
52.505
52.504
52.500
52.504
52.507
52.505
52.501
52.499
52.510
52.499
52.505
52.507
52.504
52.498
52.508
52.506
52.507
52.507
52.498
52.498
52.503
52.510
52.502
52.500
52.495
52.511
52.497
52.498
52.501
52.503
52.504
52.504
52.507
52.498
52.497
52.508
52.504
52.497
52.507
52.503
52.503
52.502
52.505
52.501
52.508
52.507
52.497
52.508
52.496
52.498
52.497
52.504
52.500
52.507
52.509
52.497
52.495
52.500
52.510
52.495
52.504
52.495
52.505
52.500
52.505
52.506
52.506
52.493
52.501
52.500
52.508
52.507
52.497
52.497
52.505
52.502
52.500
52.498
52.501
52.505
52.509
52.500
52.501
52.504
52.508
52.507
52.499
52.499
52.499
52.509
52.507
52.500
52.507
52.507
52.498
52.506
52.503
52.499
52.502
52.503
52.496
52.501
52.510
52.503
52.501
52.499
52.504
52.502
52.508
52.499
52.506
52.510
52.499
52.503
52.499
52.495
52.506
52.503
52.507
52.505
52.509
52.498
52.502
52.503
52.502
52.511
52.508
52.504
52.507
52.509
52.502
52.502
52.506
52.506
52.502
52.507
52.502
52.505
52.505
52.503
52.500
52.500
52.510
52.500
52.501
52.503
52.509
52.506
52.498
52.499
52.505
52.509
52.506
52.501
52.496
52.504
52.497
52.501
52.508
52.497
52.500
52.499
52.507
52.498
52.498
52.498
52.507
52.506
52.505
52.500
52.501
52.501
52.503
52.503
52.505
52.503
52.496
52.502
52.501
52.500
52.505
52.503
52.498
52.500
52.501
52.505
52.503
52.508
52.511
52.506
52.504
52.499
52.496
52.507
52.496
52.502
52.504
52.500
52.502
52.499
52.504
52.507
52.506
52.501
52.507
52.509
52.505
52.504
52.496
52.501
52.501
52.496
52.502
52.499
52.508
52.506
52.502
52.503
52.503
52.499
52.507
52.499
52.507
52.496
52.505
52.499
52.507
52.503
52.503
52.509
52.508
52.510
52.506
52.500
52.499
52.499
52.507
52.503
52.499
52.500
52.511
52.500
52.506
52.499
52.505
52.499
52.509
52.503
52.508
52.507
52.510
52.502
52.504
52.505
52.507
52.500
52.508
52.494
52.503
52.496
52.504
52.505
52.499
52.512
52.503
52.504
52.502
52.500
52.506
52.508
52.502
52.496
52.507
52.507
52.504
52.500
52.498
52.497
52.507
52.503
52.505
52.497
52.508
52.504
52.506
52.504
52.502
52.499
52.499
52.503
52.497
52.505
52.504
52.497
52.500
52.501
52.505
52.501
52.500
52.504
52.501
52.498
52.499
52.496
52.500
52.504
52.497
52.494
52.504
52.499
52.506
52.500
52.509
52.496
52.499
52.508
52.504
52.504
52.502
52.511
52.503
52.503
52.509
52.495
52.507
52.501
52.500
52.498
52.497
52.503
52.498
52.503
52.502
52.506
52.504
52.507
52.502
52.509
52.501
52.507
52.503
52.496
52.502
52.495
52.508
52.498
52.500
52.502
52.506
52.504
52.506
52.501
52.496
52.496
52.502
52.508
52.496
52.503
52.504
52.505
52.505
52.497
52.501
52.505
52.504
52.500
52.502
52.506
52.510
52.495
52.495
52.502
52.496
52.501
52.503
52.499
52.506
52.499
52.505
52.499
52.497
52.501
52.497
52.500
52.504
52.500
52.500
52.507
52.504
52.507
52.508
52.501
52.503
52.507
52.501
52.509
52.497
52.497
52.504
52.493
52.501
52.499
52.505
52.496
52.503
52.495
52.499
52.497
52.500
52.503
52.504
52.510
52.508
52.506
52.510
52.499
52.503
52.503
52.511
52.499
52.496
52.505
52.499
52.508
52.499
52.501
52.502
52.502
52.507
52.498
52.504
52.501
52.499
52.503
