0.915
0.918
0.912
0.930
0.935
0.957
0.972
0.959
0.987
0.989
0.987
0.994
1.015
1.031
1.030
1.034
1.043
1.073
1.082
1.092
1.097
1.102
1.113
1.126
1.126
1.149
1.160
1.176
1.170
1.210
1.211
1.223
1.230
1.235
1.237
1.246
1.267
1.288
1.303
1.295
1.306
1.333
1.354
1.350
1.341
1.367
1.390
1.394
1.405
1.415
1.410
1.426
1.433
1.448
1.466
1.469
1.474
1.495
1.513
1.529
1.540
1.533
1.537
1.556
1.557
1.567
1.576
1.575
1.606
1.606
1.619
1.637
1.623
1.652
1.667
1.675
1.681
1.688
1.690
1.721
1.713
1.708
1.733
1.735
1.743
1.730
1.764
1.756
1.755
1.779
1.785
1.800
1.798
1.818
1.796
1.801
1.835
1.830
1.841
1.838
1.838
1.845
1.843
1.859
1.852
1.879
1.880
1.895
1.904
1.898
1.893
1.925
1.914
1.915
1.925
1.926
1.916
1.934
1.925
1.951
1.949
1.965
1.942
1.965
1.980
1.967
1.968
1.964
1.978
2.004
2.009
2.000
2.013
2.028
2.017
2.020
2.023
2.029
2.015
2.019
2.024
2.027
2.022
2.060
2.052
2.050
2.051
2.068
2.056
2.067
2.078
2.065
2.063
2.080
2.087
2.088
2.103
2.076
2.085
2.112
2.097
2.100
2.112
2.106
2.112
2.100
2.119
2.117
2.105
2.118
2.121
2.128
2.119
2.150
2.143
2.128
2.131
2.142
2.146
2.154
2.152
2.152
2.143
2.142
2.152
2.162
2.165
2.175
2.153
2.173
2.170
2.173
2.167
2.188
2.185
2.203
2.167
2.181
2.201
2.198
2.190
2.194
2.174
2.187
2.197
2.189
2.195
2.188
2.220
2.210
2.187
2.206
2.211
2.202
2.204
2.231
2.224
2.214
2.220
2.216
2.207
2.226
2.232
2.239
2.235
2.229
2.228
2.229
2.237
2.252
2.239
2.229
2.233
2.252
2.241
2.242
2.262
2.260
2.248
2.250
2.268
2.244
2.262
2.255
2.270
2.268
2.266
2.276
2.278
2.258
2.270
2.250
2.274
2.252
2.266
2.281
2.282
2.280
2.287
2.284
2.267
2.267
2.273
2.279
2.267
2.297
2.276
2.278
2.283
2.300
2.277
2.290
2.301
2.299
2.310
2.288
2.292
2.282
2.307
2.316
2.306
2.303
2.298
2.316
2.310
2.316
2.308
2.301
2.302
2.306
2.306
2.325
2.292
2.312
2.317
2.306
2.334
2.320
2.328
2.316
2.310
2.322
2.319
2.315
2.325
2.307
2.334
2.317
2.319
2.344
2.330
2.314
2.327
2.342
2.317
2.345
2.339
2.341
2.339
2.348
2.339
2.341
2.343
2.347
2.343
2.325
2.321
2.353
2.353
2.333
2.348
2.353
2.352
2.340
2.359
2.352
2.336
2.352
2.341
2.345
2.361
2.366
2.341
2.348
2.355
2.356
2.344
2.379
2.367
2.348
2.354
2.338
2.376
2.365
2.366
2.348
2.366
2.368
2.367
2.360
2.373
2.356
2.373
2.355
2.364
2.355
2.371
2.384
2.375
2.377
2.371
2.376
2.387
2.369
2.387
2.365
2.353
2.361
2.364
2.361
2.363
2.369
2.377
2.374
2.381
2.389
2.382
2.388
2.383
2.381
2.378
2.358
2.382
2.372
2.390
2.396
2.382
2.396
2.386
2.379
2.375
2.402
2.381
2.390
2.391
2.376
2.387
2.391
2.377
2.379
2.392
2.410
2.379
2.403
2.380
2.405
2.407
2.387
2.411
2.389
2.397
2.403
2.378
2.386
2.409
2.373
2.388
2.408
2.397
2.408
2.410
2.397
2.398
2.398
2.395
2.411
2.399
2.415
2.393
2.387
2.402
2.391
2.392
2.400
2.391
2.397
2.403
2.397
2.392
2.403
2.398
2.419
2.409
2.399
2.411
2.416
2.410
2.406
2.420
2.410
2.398
2.409
2.393
2.406
2.416
2.425
2.425
2.404
2.404
2.420
2.406
2.412
2.418
2.420
2.407
2.434
2.400
2.411
2.421
2.411
2.420
2.399
2.424
2.413
2.415
2.433
2.434
2.420
2.426
2.423
2.398
2.416
2.438
2.407
2.437
2.427
2.432
2.429
2.426
2.420
2.432
2.410
2.417
2.432
2.427
2.428
2.420
2.424
2.436
2.424
2.426
2.426
2.434
2.427
2.415
2.420
2.431
2.419
2.417
2.442
2.430
2.422
2.435
2.431
2.447
2.420
2.433
2.426
2.443
2.420
2.423
2.443
2.448
2.425
2.424
2.431
2.444
2.432
2.433
2.412
2.438
2.433
2.434
2.453
2.431
2.427
2.418
2.435
2.427
2.432
2.443
2.436
2.443
2.444
2.441
2.451
2.427
2.451
2.432
2.439
2.433
2.448
2.455
2.443
2.435
2.445
2.433
2.432
2.428
2.434
2.436
2.429
2.445
2.431
2.453
2.448
2.448
2.456
2.448
2.445
2.425
2.451
2.447
2.439
2.458
2.440
2.467
2.433
2.431
2.436
2.438
2.431
2.433
2.436
2.428
2.464
2.450
2.458
2.443
2.452
2.444
2.455
2.450
2.451
2.439
2.451
2.442
2.447
2.467
2.450
2.466
2.452
2.465
2.439
2.446
2.447
2.453
2.467
2.446
2.439
2.439
2.461
2.466
2.445
2.437
2.465
2.439
2.459
2.458
2.445
2.441
2.437
2.437
2.445
2.455
2.446
2.458
2.458
2.473
2.439
2.446
2.452
2.463
2.457
2.446
2.468
2.447
2.466
2.438
2.462
2.439
2.466
2.456
2.462
2.455
2.455
2.451
2.443
2.467
2.452
2.452
2.463
2.466
2.468
2.452
2.448
2.450
2.472
2.461
2.462
2.444
2.455
2.453
2.470
2.457
2.472
2.457
2.445
2.477
2.451
2.469
2.442
2.465
2.464
2.470
2.452
2.454
2.467
2.479
2.455
2.458
2.461
2.470
2.451
2.476
2.462
2.454
2.461
2.448
2.483
2.466
2.470
2.446
2.470
2.465
2.445
2.470
2.475
2.473
2.461
2.462
2.480
2.478
2.479
2.473
2.452
2.465
2.474
2.473
2.467
2.454
2.469
2.485
2.477
2.442
2.455
2.452
2.456
2.462
2.485
2.453
2.484
2.471
2.447
2.480
2.462
2.452
2.484
2.485
2.468
2.458
2.461
2.480
2.455
2.478
2.468
2.458
2.467
2.462
2.463
2.472
2.475
2.466
2.462
2.471
2.479
2.463
2.472
2.474
2.473
2.472
2.454
2.468
2.466
2.478
2.463
2.481
2.483
2.475
2.462
2.465
2.472
2.481
2.487
2.469
2.473
2.466
2.482
2.466
2.471
2.461
2.471
2.468
2.461
2.464
2.489
2.463
2.467
2.479
2.456
2.461
2.490
2.486
2.486
2.491
2.477
2.482
2.466
2.491
2.468
2.497
2.478
2.472
2.464
2.463
2.468
2.481
2.476
2.481
2.476
2.494
2.463
2.460
2.494
2.456
2.466
2.479
2.474
2.462
2.490
2.477
2.458
2.469
2.466
2.470
2.487
2.483
2.484
2.483
2.496
2.473
2.463
2.482
2.490
2.491
2.482
2.474
2.467
2.489
2.468
2.465
2.470
2.466
2.484
2.484
2.473
2.488
2.475
2.481
2.465
2.474
2.479
2.488
2.479
2.485
2.491
2.471
2.485
2.465
2.492
2.470
2.489
2.467
2.471
2.470
2.485
2.475
2.486
2.481
2.482
2.477
2.480
2.469
2.467
2.494
2.471
2.485
2.475
2.495
2.467
2.464
2.469
2.493
2.491
2.493
2.489
2.487
2.496
2.478
2.488
2.480
2.482
2.494
2.470
2.477
2.487
2.474
2.494
2.476
2.484
2.490
2.502
2.479
2.480
2.485
2.494
2.492
2.471
2.486
2.485
2.464
2.493
2.481
2.498
2.487
2.489
2.498
2.471
2.485
2.481
2.485
2.482
2.486
2.480
2.468
2.493
2.475
2.481
2.478
2.472
2.475
2.494
2.489
2.491
2.498
2.490
2.467
2.502
2.482
2.496
2.484
2.478
2.507
2.475
2.479
2.485
2.496
2.473
2.477
2.485
2.502
2.496
2.468
2.500
2.482
2.479
2.480
2.510
2.491
2.502
2.485
2.475
2.495
2.497
2.501
2.502
2.490
2.482
2.485
2.483
2.480
2.496
2.485
2.491
2.487
2.504
2.486
2.472
2.481
2.481
2.495
2.493
2.476
2.504
2.483
2.496
2.491
2.492
2.488
2.484
2.480
2.497
2.497
2.479
2.487
2.486
2.476
2.492
2.485
2.501
2.476
2.488
2.475
2.498
2.502
2.472
2.506
2.499
2.498
2.488
2.476
2.491
2.489
2.484
2.480
2.493
2.484
2.489
2.483
2.502
2.489
2.471
2.498
2.499
