2.303
2.251
2.263
2.350
2.318
2.325
2.357
2.394
2.414
2.429
2.497
2.441
2.492
2.509
2.530
2.560
2.544
2.587
2.562
2.641
2.661
2.683
2.672
2.703
2.713
2.707
2.796
2.770
2.784
2.838
2.865
2.840
2.929
2.950
2.949
2.899
2.975
3.039
3.004
3.050
3.075
3.086
3.080
3.110
3.101
3.164
3.175
3.198
3.239
3.258
3.283
3.308
3.259
3.315
3.322
3.302
3.374
3.383
3.447
3.479
3.490
3.440
3.501
3.550
3.543
3.542
3.554
3.563
3.606
3.646
3.661
3.716
3.677
3.698
3.718
3.750
3.797
3.749
3.821
3.808
3.796
3.834
3.878
3.903
3.885
3.916
3.940
3.908
3.937
3.970
3.963
3.996
4.014
4.025
4.059
4.070
4.079
4.128
4.122
4.161
4.099
4.155
4.155
4.196
4.218
4.205
4.215
4.194
4.210
4.280
4.295
4.347
4.286
4.291
4.333
4.337
4.311
4.362
4.398
4.390
4.401
4.413
4.456
4.451
4.485
4.476
4.506
4.489
4.523
4.520
4.581
4.563
4.564
4.606
4.522
4.586
4.627
4.637
4.598
4.632
4.628
4.626
4.680
4.661
4.661
4.700
4.718
4.700
4.749
4.733
4.725
4.801
4.749
4.771
4.775
4.681
4.822
4.849
4.851
4.858
4.852
4.833
4.872
4.814
4.872
4.904
4.908
4.925
4.871
4.963
4.911
4.907
4.986
4.988
4.951
4.982
4.998
4.973
5.018
4.955
5.026
5.017
5.028
5.003
4.986
5.027
5.030
5.040
5.001
5.095
5.078
5.059
5.093
5.155
5.141
5.122
5.202
5.068
5.129
5.162
5.153
5.187
5.159
5.168
5.173
5.132
5.186
5.196
5.213
5.241
5.234
5.178
5.197
5.269
5.222
5.273
5.256
5.195
5.275
5.301
5.241
5.225
5.252
5.257
5.326
5.327
5.270
5.263
5.322
5.308
5.314
5.315
5.328
5.310
5.296
5.358
5.414
5.342
5.340
5.381
5.393
5.409
5.370
5.367
5.352
5.395
5.389
5.396
5.398
5.368
5.401
5.445
5.420
5.421
5.422
5.470
5.417
5.437
5.409
5.434
5.468
5.467
5.441
5.484
5.465
5.474
5.494
5.486
5.475
5.486
5.454
5.467
5.538
5.470
5.452
5.492
5.532
5.521
5.518
5.534
5.507
5.527
5.445
5.511
5.562
5.559
5.538
5.545
5.521
5.600
5.584
5.527
5.553
5.544
5.582
5.546
5.641
5.582
5.595
5.543
5.587
5.601
5.592
5.593
5.616
5.579
5.583
5.625
5.637
5.631
5.616
5.633
5.597
5.588
5.579
5.639
5.655
5.631
5.640
5.634
5.627
5.679
5.616
5.654
5.619
5.614
5.649
5.686
5.669
5.657
5.654
5.689
5.715
5.653
5.677
5.670
5.716
5.696
5.672
5.722
5.699
5.722
5.677
5.635
5.702
5.742
5.712
5.672
5.664
5.696
5.729
5.682
5.655
5.675
5.674
5.706
5.717
5.724
5.760
5.696
5.727
5.702
5.708
5.703
5.709
5.742
5.742
5.723
5.753
5.767
5.767
5.758
5.770
5.748
5.733
5.738
5.766
5.753
5.736
5.761
5.744
5.768
5.774
5.701
5.767
5.779
5.759
5.790
5.763
5.750
5.815
5.779
5.791
5.815
5.793
5.781
5.792
5.783
5.766
5.766
5.780
5.836
5.791
5.782
5.743
5.768
5.822
5.807
5.751
5.835
5.841
5.760
5.816
5.791
5.761
5.767
5.796
5.805
5.790
5.787
5.869
5.837
5.836
5.776
5.835
5.791
5.783
5.792
5.834
5.797
5.842
5.831
5.833
5.858
5.819
5.815
5.843
5.819
5.804
5.826
5.808
5.819
5.819
5.809
5.829
5.868
5.876
5.786
5.780
5.814
5.860
5.856
5.838
5.840
5.828
5.881
5.884
5.874
5.801
5.845
5.872
5.853
5.797
5.847
5.833
5.860
5.819
5.843
5.804
5.873
5.840
5.843
5.821
5.822
5.804
5.841
5.868
5.824
5.860
5.860
5.805
5.818
5.855
5.849
5.843
5.811
5.859
5.914
5.890
5.837
5.843
5.898
5.903
5.870
5.875
5.883
5.855
5.849
5.872
5.841
5.857
5.870
5.837
5.810
5.862
5.894
5.897
5.851
5.897
5.924
5.824
5.933
5.869
5.874
5.838
5.886
5.951
5.856
5.902
5.919
5.941
5.888
5.881
5.932
5.968
5.960
5.877
5.863
5.878
5.915
5.885
5.869
5.918
5.881
5.918
5.855
5.863
5.875
5.839
5.890
5.905
5.860
5.835
5.915
5.959
5.836
5.927
5.901
5.873
5.931
5.890
5.904
5.865
5.928
5.912
5.919
5.875
5.914
5.900
5.862
5.914
5.922
5.939
5.909
5.906
5.879
5.868
5.943
5.953
5.920
5.904
5.942
5.858
5.833
5.957
5.920
5.894
5.929
5.902
5.915
5.918
5.923
5.918
5.933
5.953
5.930
5.896
5.911
5.919
5.901
5.967
5.883
5.913
5.886
5.938
5.936
5.918
5.899
5.940
5.915
5.869
5.945
5.907
5.879
5.952
5.904
5.952
5.903
5.935
5.860
5.960
5.872
5.898
5.899
5.891
5.902
5.950
5.917
5.958
5.912
5.891
5.898
5.926
5.934
5.899
5.905
5.906
5.917
5.883
5.908
5.944
5.885
5.944
5.888
5.900
5.948
5.919
5.951
5.941
5.960
5.910
5.949
5.907
5.913
5.927
5.938
5.901
5.930
5.916
5.932
5.929
5.931
5.909
5.940
5.869
5.932
5.953
5.933
5.939
5.948
5.888
5.989
5.867
5.914
5.957
5.946
5.921
5.918
5.901
5.881
5.871
5.934
5.879
5.888
5.936
5.909
5.897
5.961
5.933
5.939
5.908
5.934
5.910
5.937
5.961
5.891
5.895
5.974
5.938
5.945
5.895
5.923
5.917
5.937
5.918
5.903
5.896
5.891
5.952
5.944
5.894
5.915
5.918
5.889
5.955
5.934
5.921
5.965
5.936
5.933
5.961
5.915
5.906
5.934
5.932
5.935
5.971
5.964
5.898
5.954
5.981
5.874
5.911
5.939
5.949
5.904
5.934
5.925
5.899
5.944
5.938
5.915
5.892
5.907
5.976
5.947
5.958
5.939
5.912
5.923
5.950
5.991
5.946
5.956
5.933
5.957
5.901
5.926
5.919
5.955
5.881
5.939
5.976
5.943
5.920
5.952
5.933
5.941
5.965
5.880
5.965
5.933
5.966
5.935
5.895
5.925
5.964
5.921
5.921
5.961
5.935
5.889
5.924
5.944
5.968
5.946
5.908
5.920
5.881
5.943
5.950
5.952
5.921
5.892
5.916
5.929
5.932
5.981
5.932
5.934
5.917
5.945
5.942
5.983
5.931
6.011
5.905
5.948
5.966
5.912
5.922
5.965
5.974
5.922
5.961
5.931
5.871
5.962
5.974
5.963
5.911
5.954
5.941
5.910
5.954
5.917
5.958
5.934
5.978
5.958
5.915
5.918
5.939
5.921
5.944
5.962
5.962
5.953
5.927
5.982
5.932
5.943
5.934
5.914
5.920
5.913
5.943
5.934
5.902
5.900
5.947
5.997
5.940
6.006
5.951
5.918
5.914
5.919
5.900
5.896
5.961
5.875
5.925
5.947
5.928
5.963
5.895
5.922
5.938
5.904
5.973
5.948
5.996
5.911
5.909
5.922
5.925
5.930
5.950
5.943
5.913
5.941
5.947
5.928
5.963
5.987
5.952
5.951
5.976
5.945
5.916
5.910
5.989
5.977
5.923
5.970
5.950
5.943
5.938
5.946
5.910
5.957
5.974
5.919
5.989
5.957
5.909
5.940
5.952
5.913
5.936
5.982
5.959
5.900
5.955
5.985
5.954
5.895
5.954
5.917
5.947
5.972
5.975
5.944
5.934
5.884
5.914
5.912
5.958
5.918
5.988
5.991
5.931
5.929
5.959
5.955
5.957
5.902
5.948
5.976
5.948
5.928
5.959
5.983
5.949
5.976
5.897
5.984
5.996
5.913
5.996
5.925
5.933
5.942
5.942
5.923
5.949
5.947
5.942
5.933
5.895
5.908
5.952
5.920
5.986
5.944
5.963
5.959
5.914
5.941
5.958
5.969
5.951
5.956
5.973
5.914
5.947
5.951
5.939
5.922
5.883
5.912
5.843
5.982
5.923
5.963
5.956
5.938
5.970
5.997
5.930
5.986
5.922
5.945
5.955
5.970
5.917
5.924
5.971
5.920
5.931
5.939
5.938
5.911
5.989
5.917
5.876
5.934
5.891
5.865
6.000
5.920
5.928
5.935
5.950
5.951
6.011
5.985
5.961
6.010
5.912
5.960
5.876
5.949
5.881
5.969
5.912
5.971
5.960
5.948
5.907
5.932
5.963
5.921
