4.897
5.201
5.509
5.481
5.820
6.434
6.550
6.958
7.405
7.796
8.407
8.750
9.071
9.768
10.139
10.798
11.437
11.917
12.547
13.152
13.793
14.429
15.113
15.853
16.505
17.104
17.849
18.600
19.272
19.861
20.573
21.191
21.919
22.583
23.173
23.627
24.447
24.903
25.459
26.200
26.462
27.174
27.503
27.977
28.358
28.787
29.304
29.571
29.944
30.169
30.497
30.724
31.052
31.330
31.562
31.811
31.974
32.223
32.376
32.447
32.682
32.930
33.090
33.034
33.165
33.437
33.516
33.673
33.814
33.874
33.927
34.063
34.160
34.126
34.292
34.377
34.523
34.459
34.492
34.603
34.768
34.727
34.711
34.867
34.910
35.018
34.960
35.069
35.169
35.144
35.211
35.265
35.239
35.357
35.318
35.372
35.358
35.425
35.439
35.652
35.568
35.588
35.542
35.548
35.624
35.640
35.732
35.664
35.680
35.758
35.613
35.836
35.786
35.831
35.747
35.913
35.795
35.837
35.964
35.858
35.884
35.922
35.806
35.648
35.962
36.032
36.002
35.889
36.070
35.854
36.097
36.044
36.066
36.008
36.142
35.931
36.010
36.130
36.058
35.930
36.064
36.154
36.147
36.079
36.052
36.220
36.199
36.109
36.068
36.200
36.047
36.182
36.187
36.148
36.205
36.296
36.232
36.190
36.349
36.203
36.302
36.363
36.250
36.351
36.227
36.394
36.252
36.351
36.194
36.403
36.350
36.360
36.242
36.298
36.193
36.212
36.208
36.333
36.349
36.263
36.272
36.264
36.407
36.342
36.406
36.443
36.388
36.446
36.250
36.079
36.278
36.352
36.449
36.413
36.457
36.440
36.326
36.311
36.362
36.396
36.263
36.464
36.283
36.363
36.309
36.402
36.292
36.328
36.501
36.421
36.521
36.435
36.454
36.396
36.269
36.421
36.482
36.337
36.366
36.422
36.334
36.357
36.397
36.374
36.443
36.451
36.424
36.430
36.432
36.372
36.479
36.373
36.384
36.392
36.316
36.389
36.485
36.495
36.473
36.417
36.473
36.407
36.397
36.310
36.296
36.493
36.345
36.503
36.556
36.456
36.452
36.440
36.464
36.366
36.533
36.539
36.419
36.502
36.421
36.352
36.391
36.349
36.549
36.248
36.440
36.461
36.416
36.426
36.510
36.377
36.402
36.418
36.373
36.412
36.557
36.402
36.529
36.496
36.522
36.509
36.527
36.520
36.546
36.503
36.416
36.466
36.471
36.515
36.411
36.314
36.548
36.440
36.394
36.441
36.434
36.516
36.527
36.479
36.537
36.286
36.568
36.481
36.427
36.592
36.388
36.412
36.407
36.366
36.495
36.553
36.652
36.514
36.499
36.393
36.374
36.390
36.432
36.447
36.440
36.462
36.554
36.434
36.494
36.535
36.454
36.418
36.538
36.431
36.413
36.306
36.533
36.484
36.524
36.499
36.489
36.400
36.535
36.503
36.617
36.547
36.493
36.586
36.508
36.466
36.512
36.476
36.390
36.400
36.516
36.378
36.526
36.257
36.592
36.372
36.484
36.418
36.567
36.493
36.497
36.401
36.505
36.442
36.560
36.491
36.523
36.435
36.517
36.382
36.466
36.528
36.450
36.452
36.431
36.292
36.449
36.407
36.473
36.304
36.478
36.359
36.404
36.394
36.492
36.583
36.374
36.478
36.429
36.461
36.548
36.418
36.289
36.561
36.300
36.391
36.422
36.451
36.508
36.457
36.413
36.484
36.433
36.372
36.526
36.428
36.487
36.495
36.312
36.506
36.419
36.499
36.540
36.531
36.463
36.431
36.543
36.496
36.467
36.544
36.508
36.281
36.571
36.502
36.555
36.497
36.427
36.535
36.347
36.324
36.516
36.291
36.456
36.486
36.386
36.361
36.403
36.472
36.556
36.357
36.479
36.362
36.385
36.573
36.252
36.491
36.457
36.454
36.407
36.467
36.436
36.521
36.551
36.405
36.245
36.559
36.578
36.560
36.338
36.482
36.413
36.369
36.380
36.518
36.592
36.434
36.439
36.438
36.456
36.290
36.270
36.371
36.492
36.512
36.456
36.329
36.565
36.387
36.515
36.333
36.520
36.569
36.423
36.452
36.312
36.372
36.630
36.550
36.252
36.568
36.543
36.534
36.344
36.482
36.616
36.420
36.459
36.480
36.319
36.528
36.381
36.515
36.486
36.447
36.506
36.428
36.470
36.500
36.330
36.257
36.407
36.529
36.536
36.488
36.491
36.414
36.373
36.489
36.432
36.442
36.456
36.414
36.472
36.513
36.360
36.480
36.500
36.452
36.391
36.548
36.514
36.455
36.405
36.518
36.533
36.460
36.529
36.527
36.422
36.542
36.537
36.492
36.382
36.392
36.399
36.526
36.491
36.550
36.407
36.416
36.480
36.323
36.504
36.354
36.556
36.351
36.476
36.482
36.513
36.531
36.281
36.514
36.439
36.465
36.499
36.390
36.454
36.447
36.538
36.345
36.508
36.448
36.516
36.470
36.456
36.512
36.518
36.549
36.524
36.614
36.383
36.532
36.605
36.557
36.401
36.379
36.493
36.395
36.519
36.423
36.586
36.468
36.365
36.429
36.391
36.305
36.507
36.502
36.402
36.388
36.552
36.579
36.425
36.496
36.465
36.374
36.365
36.481
36.510
36.496
36.448
36.489
36.553
36.494
36.454
36.461
36.393
36.583
36.469
36.470
36.550
36.444
36.407
36.403
36.470
36.532
36.412
36.366
36.455
36.584
36.501
36.457
36.454
36.552
36.479
36.458
36.314
36.380
36.285
36.406
36.543
36.435
36.428
36.496
36.531
36.531
36.300
36.541
36.516
36.458
36.376
36.372
36.421
36.529
36.448
36.442
36.263
36.367
36.365
36.604
36.523
36.372
36.416
36.286
36.459
36.478
36.326
36.434
36.508
36.381
36.511
36.441
36.456
36.389
36.432
36.412
36.548
36.552
36.519
36.492
36.488
36.322
36.418
36.524
36.347
36.533
36.531
36.289
36.505
36.291
36.549
36.358
36.596
36.531
36.501
36.407
36.477
36.547
36.547
36.520
36.511
36.486
36.519
36.497
36.505
36.598
36.489
36.456
36.451
36.419
36.469
36.526
36.416
36.631
36.382
36.430
36.531
36.504
36.485
36.386
36.484
36.403
36.334
36.359
36.501
36.479
36.213
36.524
36.427
36.572
36.453
36.354
36.359
36.418
36.533
36.569
36.620
36.403
36.428
36.372
36.564
36.552
36.439
36.451
36.449
36.385
36.389
36.503
36.503
36.339
36.494
36.380
36.355
36.352
36.500
36.508
36.546
36.385
36.372
36.522
36.597
36.435
36.317
36.600
36.563
36.455
36.318
36.361
36.341
36.520
36.636
36.559
36.427
36.558
36.395
36.475
36.460
36.458
36.304
36.505
36.382
36.422
36.457
36.458
36.504
36.446
36.546
36.456
36.505
36.458
36.561
36.469
36.474
36.490
36.454
36.443
36.516
36.512
36.584
36.512
36.426
36.484
36.261
36.531
36.450
36.359
36.382
36.433
36.437
36.467
36.542
36.495
36.462
36.456
36.326
36.494
36.449
36.474
36.498
36.459
36.452
36.447
36.524
36.563
36.412
36.502
36.403
36.472
36.504
36.514
36.423
36.465
36.525
36.486
36.498
36.455
36.521
36.483
36.440
36.419
36.370
36.482
36.368
36.579
36.384
36.325
36.432
36.441
36.486
36.592
36.361
36.484
36.480
36.554
36.468
36.493
36.485
36.532
36.504
36.369
36.328
36.445
36.449
36.503
36.413
36.626
36.513
36.529
36.518
36.441
36.535
36.551
36.491
36.325
36.542
36.269
36.474
36.444
36.523
36.432
36.489
36.391
36.485
36.425
36.536
36.498
36.580
36.543
36.298
36.412
36.538
36.403
36.448
36.284
36.533
36.394
36.547
36.531
36.456
36.407
36.374
36.391
36.503
36.383
36.491
36.407
36.438
36.532
36.584
36.502
36.415
36.493
36.437
36.331
36.466
36.434
36.496
36.587
36.466
36.325
36.554
36.511
36.568
36.474
36.305
36.480
36.418
36.412
36.424
36.385
36.461
36.424
36.465
36.494
36.472
36.302
36.449
36.526
36.512
36.519
36.317
36.340
36.492
36.544
36.550
36.506
36.388
36.547
36.484
36.568
36.416
36.594
36.482
36.517
36.403
36.465
36.513
36.468
36.394
36.488
36.425
36.387
36.455
36.472
36.556
36.404
36.548
36.525
36.473
36.409
36.469
36.425
36.473
36.444
36.412
36.505
36.457
36.441
36.404
36.353
36.490
36.507
36.473
36.538
36.399
36.546
36.382
36.522
36.418
36.507
36.365
36.528
36.312
36.541
36.461
36.437
36.472
36.466
36.304
36.436
36.429
36.404
36.566
36.474
36.437
36.288
36.409
36.515
36.474
36.513
36.376
36.564
36.461
36.512
36.426
36.519
36.468
36.489
36.413
36.594
36.397
36.496
36.461
36.467
36.542
36.494
