-0.003 -0.003 -0.003 -0.003 -0.003 -0.003 -0.003 -0.003 -0.003 -0.003 -0.003 -0.003 -0.003 -0.003 -0.003 -0.003 -0.003 -0.003 -0.003 -0.003 -0.003 -0.003 -0.003 -0.003 -0.003 -0.003 -0.003 -0.003 -0.003 -0.003 -0.003 -0.003 -0.003 -0.003 -0.003 -0.003 -0.003 -0.003 -0.003 -0.003 -0.003 -0.003 -0.003 -0.003 -0.003 -0.003 -0.003 -0.003 -0.003 -0.003
-0.003 -0.992 -0.992 -0.992 -0.992 -0.992 -0.992 -0.992 -0.992 -0.992 -0.992 -0.003 -0.003 -0.003 -0.003 -0.003 -0.003 -0.003 -0.003 -0.003 -0.003 -0.003 -0.003 -0.003 -0.003 0.989 0.989 0.989 0.989 0.989 0.989 0.989 0.989 0.989 0.989 0.989 0.989 0.989 0.989 0.989 0.989 0.989 0.989 0.989 0.989 0.989 0.989 0.989 0.989 -0.000
-0.003 -0.992 -0.992 -0.992 -0.992 -0.992 -0.992 -0.992 -0.992 -0.992 -0.992 -0.003 -0.003 -0.003 -0.003 -0.003 -0.003 -0.003 -0.003 -0.003 -0.003 -0.003 -0.003 -0.003 -0.003 0.989 0.989 0.989 0.989 0.989 0.989 0.989 0.989 0.989 0.989 0.989 0.989 0.989 0.989 0.989 0.989 0.989 0.989 0.989 0.989 0.989 0.989 0.989 0.989 -0.000
-0.003 -0.992 -0.992 -0.992 -0.992 -0.992 -0.992 -0.992 -0.992 -0.992 -0.992 -0.003 -0.003 -0.003 -0.003 -0.003 -0.003 -0.003 -0.003 -0.003 -0.003 -0.003 -0.003 -0.003 -0.003 0.989 0.989 0.989 0.989 0.989 0.989 0.989 0.989 0.989 0.989 0.989 0.989 0.989 0.989 0.989 0.989 0.989 0.989 0.989 0.989 0.989 0.989 0.989 0.989 -0.000
-0.003 -0.992 -0.992 -0.992 -0.992 -0.992 -0.992 -0.992 -0.992 -0.992 -0.992 -0.003 -0.003 -0.003 -0.003 -0.003 -0.003 -0.003 -0.003 -0.003 -0.003 -0.003 -0.003 -0.003 -0.003 0.989 0.989 0.989 0.989 0.989 0.989 0.989 0.989 0.989 0.989 0.989 0.989 0.989 0.989 0.989 0.989 0.989 0.989 0.989 0.989 0.989 0.989 0.989 0.989 -0.000
-0.003 -0.992 -0.992 -0.992 -0.992 -0.992 -0.992 -0.992 -0.992 -0.992 -0.992 -0.003 -0.003 -0.003 -0.003 -0.003 -0.003 -0.003 -0.003 -0.003 -0.003 -0.003 -0.003 -0.003 -0.003 0.989 0.989 0.989 0.989 0.989 0.989 0.989 0.989 0.989 0.989 0.989 0.989 0.989 0.989 0.989 0.989 0.989 0.989 0.989 0.989 0.989 0.989 0.989 0.989 -0.000
-0.003 -0.992 -0.992 -0.992 -0.992 -0.992 -0.992 -0.992 -0.992 -0.992 -0.992 -0.003 -0.003 -0.003 -0.003 -0.003 -0.003 -0.003 -0.003 -0.003 -0.003 -0.003 -0.003 -0.003 -0.003 0.989 0.989 0.989 0.989 0.989 0.989 0.989 0.989 0.989 0.989 0.989 0.989 0.989 0.989 0.989 0.989 0.989 0.989 0.989 0.989 0.989 0.989 0.989 0.989 -0.000
-0.003 -0.992 -0.992 -0.992 -0.992 -0.992 -0.992 -0.992 -0.992 -0.992 -0.992 -0.003 -0.003 -0.003 -0.003 -0.003 -0.003 -0.003 -0.003 -0.003 -0.003 -0.003 -0.003 -0.003 -0.003 0.989 0.989 0.989 0.989 0.989 0.989 0.989 0.989 0.989 0.989 0.989 0.989 0.989 0.989 0.989 0.989 0.989 0.989 0.989 0.989 0.989 0.989 0.989 0.989 -0.000
-0.003 -0.992 -0.992 -0.992 -0.992 -0.992 -0.992 -0.992 -0.992 -0.992 -0.992 -0.003 -0.003 -0.003 -0.003 -0.003 -0.003 -0.003 -0.003 -0.003 -0.003 -0.003 -0.003 -0.003 -0.003 0.989 0.989 0.989 0.989 0.989 0.989 0.989 0.989 0.989 0.989 0.989 0.989 0.989 0.989 0.989 0.989 0.989 0.989 0.989 0.989 0.989 0.989 0.989 0.989 -0.000
-0.003 -0.992 -0.992 -0.992 -0.992 -0.992 -0.992 -0.992 -0.992 -0.992 -0.992 -0.003 -0.003 -0.003 -0.003 -0.003 -0.003 -0.003 -0.003 -0.003 -0.003 -0.003 -0.003 -0.003 -0.003 0.989 0.989 0.989 0.989 0.989 0.989 0.989 0.989 0.989 0.989 0.989 0.989 0.989 0.989 0.989 0.989 0.989 0.989 0.989 0.989 0.989 0.989 0.989 0.989 -0.000
-0.003 -0.992 -0.992 -0.992 -0.992 -0.992 -0.992 -0.992 -0.992 -0.992 -0.992 -0.003 -0.003 -0.003 -0.003 -0.003 -0.003 -0.003 -0.003 -0.003 -0.003 -0.003 -0.003 -0.003 -0.003 0.989 0.989 0.989 0.989 0.989 0.989 0.989 0.989 0.989 0.989 0.989 0.989 0.989 0.989 0.989 0.989 0.989 0.989 0.989 0.989 0.989 0.989 0.989 0.989 -0.000
-0.003 -0.003 -0.003 -0.003 -0.003 -0.003 -0.003 -0.003 -0.003 -0.003 -0.003 -0.003 -0.003 -0.003 -0.003 -0.003 -0.003 -0.003 -0.003 -0.003 -0.003 -0.003 -0.003 -0.003 -0.003 -0.003 -0.003 -0.003 -0.003 -0.003 -0.003 -0.003 -0.003 -0.003 -0.003 -0.003 -0.003 -0.003 -0.003 -0.003 -0.003 -0.003 -0.003 -0.003 -0.003 -0.003 -0.003 -0.003 -0.003 -0.003
-0.003 -0.003 -0.003 -0.003 -0.003 -0.003 -0.003 -0.003 -0.003 -0.003 -0.003 -0.003 -0.003 -0.003 -0.003 -0.003 -0.003 -0.003 -0.003 -0.003 -0.003 -0.003 -0.003 -0.003 -0.003 -0.003 -0.003 -0.003 -0.003 -0.003 -0.003 -0.003 -0.003 -0.003 -0.003 -0.003 -0.003 -0.003 -0.003 -0.003 -0.003 -0.003 -0.003 -0.003 -0.003 -0.003 -0.003 -0.003 -0.003 -0.003
-0.003 -0.003 -0.003 -0.003 -0.003 -0.003 -0.003 -0.003 -0.003 -0.003 -0.003 -0.003 -0.003 -0.003 -0.003 -0.003 -0.003 -0.003 -0.003 -0.003 -0.003 -0.003 -0.003 -0.003 -0.003 -0.003 -0.003 -0.003 -0.003 -0.003 -0.003 -0.003 -0.003 -0.003 -0.003 -0.003 -0.003 -0.003 -0.003 -0.003 -0.003 -0.003 -0.003 -0.003 -0.003 -0.003 -0.003 -0.003 -0.003 -0.003
-0.003 -0.003 -0.003 -0.003 -0.003 -0.003 -0.003 -0.003 -0.003 -0.003 -0.003 -0.003 -0.003 -0.003 -0.003 -0.003 -0.003 -0.003 -0.003 -0.003 -0.003 -0.003 -0.003 -0.003 -0.003 -0.003 -0.003 -0.003 -0.003 -0.003 -0.003 -0.003 -0.003 -0.003 -0.003 -0.003 -0.003 -0.003 -0.003 -0.003 -0.003 -0.003 -0.003 -0.003 -0.003 -0.003 -0.003 -0.003 -0.003 -0.003
-0.003 -0.003 -0.003 -0.003 -0.003 -0.003 -0.003 -0.003 -0.003 -0.003 -0.003 -0.003 -0.003 -0.003 -0.003 -0.003 -0.003 -0.003 -0.003 -0.003 -0.003 -0.003 -0.003 -0.003 -0.003 -0.003 -0.003 -0.003 -0.003 -0.003 -0.003 -0.003 -0.003 -0.003 -0.003 -0.003 -0.003 -0.003 -0.003 -0.003 -0.003 -0.003 -0.003 -0.003 -0.003 -0.003 -0.003 -0.003 -0.003 -0.003
-0.003 -0.003 -0.003 -0.003 -0.003 -0.003 -0.003 -0.003 -0.003 -0.003 -0.003 -0.003 -0.003 -0.003 -0.003 -0.003 -0.003 -0.003 -0.003 -0.003 -0.003 -0.003 -0.003 -0.003 -0.003 -0.003 -0.003 -0.003 -0.003 -0.003 -0.003 -0.003 -0.003 -0.003 -0.003 -0.003 -0.003 -0.003 -0.003 -0.003 -0.003 -0.003 -0.003 -0.003 -0.003 -0.003 -0.003 -0.003 -0.003 -0.003
-0.003 -0.003 -0.003 -0.003 -0.003 -0.003 -0.003 -0.003 -0.003 -0.003 -0.003 -0.003 -0.003 -0.003 -0.003 -0.003 -0.003 -0.003 -0.003 -0.003 -0.003 -0.003 -0.003 -0.003 -0.003 -0.003 -0.003 -0.003 -0.003 -0.003 -0.003 -0.003 -0.003 -0.003 -0.003 -0.003 -0.003 -0.003 -0.003 -0.003 -0.003 -0.003 -0.003 -0.003 -0.003 -0.003 -0.003 -0.003 -0.003 -0.003
-0.003 -0.003 -0.003 -0.003 -0.003 -0.003 -0.003 -0.003 -0.003 -0.003 -0.003 -0.003 -0.003 -0.003 -0.003 -0.003 -0.003 -0.003 -0.003 -0.003 -0.003 -0.003 -0.003 -0.003 -0.003 -0.003 -0.003 -0.003 -0.003 -0.003 -0.003 -0.003 -0.003 -0.003 -0.003 -0.003 -0.003 -0.003 -0.003 -0.003 -0.003 -0.003 -0.003 -0.003 -0.003 -0.003 -0.003 -0.003 -0.003 -0.003
-0.003 -0.003 -0.003 -0.003 -0.003 -0.003 -0.003 -0.003 -0.003 -0.003 -0.003 -0.003 -0.003 -0.003 -0.003 -0.003 -0.003 -0.003 -0.003 -0.003 -0.003 -0.003 -0.003 -0.003 -0.003 -0.003 -0.003 -0.003 -0.003 -0.003 -0.003 -0.003 -0.003 -0.003 -0.003 -0.003 -0.003 -0.003 -0.003 -0.003 -0.003 -0.003 -0.003 -0.003 -0.003 -0.003 -0.003 -0.003 -0.003 -0.003
-0.003 -0.003 -0.003 -0.003 -0.003 -0.003 -0.003 -0.003 -0.003 -0.003 -0.003 -0.003 -0.003 -0.003 -0.003 -0.003 -0.003 -0.003 -0.003 -0.003 -0.003 -0.003 -0.003 -0.003 -0.003 -0.003 -0.003 -0.003 -0.003 -0.003 -0.003 -0.003 -0.003 -0.003 -0.003 -0.003 -0.003 -0.003 -0.003 -0.003 -0.003 -0.003 -0.003 -0.003 -0.003 -0.003 -0.003 -0.003 -0.003 -0.003
-0.003 -0.003 -0.003 -0.003 -0.003 -0.003 -0.003 -0.003 -0.003 -0.003 -0.003 -0.003 -0.003 -0.003 -0.003 -0.003 -0.003 -0.003 -0.003 -0.003 -0.003 -0.003 -0.003 -0.003 -0.003 -0.003 -0.003 -0.003 -0.003 -0.003 -0.003 -0.003 -0.003 -0.003 -0.003 -0.003 -0.003 -0.003 -0.003 -0.003 -0.003 -0.003 -0.003 -0.003 -0.003 -0.003 -0.003 -0.003 -0.003 -0.003
-0.003 -0.003 -0.003 -0.003 -0.003 -0.003 -0.003 -0.003 -0.003 -0.003 -0.003 -0.003 -0.003 -0.003 -0.003 -0.003 -0.003 -0.003 -0.003 -0.003 -0.003 -0.003 -0.003 -0.003 -0.003 -0.003 -0.003 -0.003 -0.003 -0.003 -0.003 -0.003 -0.003 -0.003 -0.003 -0.003 -0.003 -0.003 -0.003 -0.003 -0.003 -0.003 -0.003 -0.003 -0.003 -0.003 -0.003 -0.003 -0.003 -0.003
-0.003 -0.003 -0.003 -0.003 -0.003 -0.003 -0.003 -0.003 -0.003 -0.003 -0.003 -0.003 -0.003 -0.003 -0.003 -0.003 -0.003 -0.003 -0.003 -0.003 -0.003 -0.003 -0.003 -0.003 -0.003 -0.003 -0.003 -0.003 -0.003 -0.003 -0.003 -0.003 -0.003 -0.003 -0.003 -0.003 -0.003 -0.003 -0.003 -0.003 -0.003 -0.003 -0.003 -0.003 -0.003 -0.003 -0.003 -0.003 -0.003 -0.003
-0.003 -0.003 -0.003 -0.003 -0.003 -0.003 -0.003 -0.003 -0.003 -0.003 -0.003 -0.003 -0.003 -0.003 -0.003 -0.003 -0.003 -0.003 -0.003 -0.003 -0.003 -0.003 -0.003 -0.003 -0.003 -0.003 -0.003 -0.003 -0.003 -0.003 -0.003 -0.003 -0.003 -0.003 -0.003 -0.003 -0.003 -0.003 -0.003 -0.003 -0.003 -0.003 -0.003 -0.003 -0.003 -0.003 -0.003 -0.003 -0.003 -0.003
-0.003 0.989 0.989 0.989 0.989 0.989 0.989 0.989 0.989 0.989 0.989 -0.003 -0.003 -0.003 -0.003 -0.003 -0.003 -0.003 -0.003 -0.003 -0.003 -0.003 -0.003 -0.003 -0.003 -0.993 -0.993 -0.993 -0.993 -0.993 -0.993 -0.993 -0.993 -0.993 -0.993 -0.993 -0.993 -0.993 -0.993 -0.993 -0.993 -0.993 -0.993 -0.993 -0.993 -0.993 -0.993 -0.993 -0.993 -0.001
-0.003 0.989 0.989 0.989 0.989 0.989 0.989 0.989 0.989 0.989 0.989 -0.003 -0.003 -0.003 -0.003 -0.003 -0.003 -0.003 -0.003 -0.003 -0.003 -0.003 -0.003 -0.003 -0.003 -0.993 -0.993 -0.993 -0.993 -0.993 -0.993 -0.993 -0.993 -0.993 -0.993 -0.993 -0.993 -0.993 -0.993 -0.993 -0.993 -0.993 -0.993 -0.993 -0.993 -0.993 -0.993 -0.993 -0.993 -0.001
-0.003 0.989 0.989 0.989 0.989 0.989 0.989 0.989 0.989 0.989 0.989 -0.003 -0.003 -0.003 -0.003 -0.003 -0.003 -0.003 -0.003 -0.003 -0.003 -0.003 -0.003 -0.003 -0.003 -0.993 -0.993 -0.993 -0.993 -0.993 -0.993 -0.993 -0.993 -0.993 -0.993 -0.993 -0.993 -0.993 -0.993 -0.993 -0.993 -0.993 -0.993 -0.993 -0.993 -0.993 -0.993 -0.993 -0.993 -0.001
-0.003 0.989 0.989 0.989 0.989 0.989 0.989 0.989 0.989 0.989 0.989 -0.003 -0.003 -0.003 -0.003 -0.003 -0.003 -0.003 -0.003 -0.003 -0.003 -0.003 -0.003 -0.003 -0.003 -0.993 -0.993 -0.993 -0.993 -0.993 -0.993 -0.993 -0.993 -0.993 -0.993 -0.993 -0.993 -0.993 -0.993 -0.993 -0.993 -0.993 -0.993 -0.993 -0.993 -0.993 -0.993 -0.993 -0.993 -0.001
-0.003 0.989 0.989 0.989 0.989 0.989 0.989 0.989 0.989 0.989 0.989 -0.003 -0.003 -0.003 -0.003 -0.003 -0.003 -0.003 -0.003 -0.003 -0.003 -0.003 -0.003 -0.003 -0.003 -0.993 -0.993 -0.993 -0.993 -0.993 -0.993 -0.993 -0.993 -0.993 -0.993 -0.993 -0.993 -0.993 -0.993 -0.993 -0.993 -0.993 -0.993 -0.993 -0.993 -0.993 -0.993 -0.993 -0.993 -0.001
-0.003 0.989 0.989 0.989 0.989 0.989 0.989 0.989 0.989 0.989 0.989 -0.003 -0.003 -0.003 -0.003 -0.003 -0.003 -0.003 -0.003 -0.003 -0.003 -0.003 -0.003 -0.003 -0.003 -0.993 -0.993 -0.993 -0.993 -0.993 -0.993 -0.993 -0.993 -0.993 -0.993 -0.993 -0.993 -0.993 -0.993 -0.993 -0.993 -0.993 -0.993 -0.993 -0.993 -0.993 -0.993 -0.993 -0.993 -0.001
-0.003 0.989 0.989 0.989 0.989 0.989 0.989 0.989 0.989 0.989 0.989 -0.003 -0.003 -0.003 -0.003 -0.003 -0.003 -0.003 -0.003 -0.003 -0.003 -0.003 -0.003 -0.003 -0.003 -0.993 -0.993 -0.993 -0.993 -0.993 -0.993 -0.993 -0.993 -0.993 -0.993 -0.993 -0.993 -0.993 -0.993 -0.993 -0.993 -0.993 -0.993 -0.993 -0.993 -0.993 -0.993 -0.993 -0.993 -0.001
-0.003 0.989 0.989 0.989 0.989 0.989 0.989 0.989 0.989 0.989 0.989 -0.003 -0.003 -0.003 -0.003 -0.003 -0.003 -0.003 -0.003 -0.003 -0.003 -0.003 -0.003 -0.003 -0.003 -0.993 -0.993 -0.993 -0.993 -0.993 -0.993 -0.993 -0.993 -0.993 -0.993 -0.993 -0.993 -0.993 -0.993 -0.993 -0.993 -0.993 -0.993 -0.993 -0.993 -0.993 -0.993 -0.993 -0.993 -0.001
-0.003 0.989 0.989 0.989 0.989 0.989 0.989 0.989 0.989 0.989 0.989 -0.003 -0.003 -0.003 -0.003 -0.003 -0.003 -0.003 -0.003 -0.003 -0.003 -0.003 -0.003 -0.003 -0.003 -0.993 -0.993 -0.993 -0.993 -0.993 -0.993 -0.993 -0.993 -0.993 -0.993 -0.993 -0.993 -0.993 -0.993 -0.993 -0.993 -0.993 -0.993 -0.993 -0.993 -0.993 -0.993 -0.993 -0.993 -0.001
-0.003 0.989 0.989 0.989 0.989 0.989 0.989 0.989 0.989 0.989 0.989 -0.003 -0.003 -0.003 -0.003 -0.003 -0.003 -0.003 -0.003 -0.003 -0.003 -0.003 -0.003 -0.003 -0.003 -0.993 -0.993 -0.993 -0.993 -0.993 -0.993 -0.993 -0.993 -0.993 -0.993 -0.993 -0.993 -0.993 -0.993 -0.993 -0.993 -0.993 -0.993 -0.993 -0.993 -0.993 -0.993 -0.993 -0.993 -0.001
-0.003 0.989 0.989 0.989 0.989 0.989 0.989 0.989 0.989 0.989 0.989 -0.003 -0.003 -0.003 -0.003 -0.003 -0.003 -0.003 -0.003 -0.003 -0.003 -0.003 -0.003 -0.003 -0.003 -0.993 -0.993 -0.993 -0.993 -0.993 -0.993 -0.993 -0.993 -0.993 -0.993 -0.993 -0.993 -0.993 -0.993 -0.993 -0.993 -0.993 -0.993 -0.993 -0.993 -0.993 -0.993 -0.993 -0.993 -0.001
-0.003 0.989 0.989 0.989 0.989 0.989 0.989 0.989 0.989 0.989 0.989 -0.003 -0.003 -0.003 -0.003 -0.003 -0.003 -0.003 -0.003 -0.003 -0.003 -0.003 -0.003 -0.003 -0.003 -0.993 -0.993 -0.993 -0.993 -0.993 -0.993 -0.993 -0.993 -0.993 -0.993 -0.993 -0.993 -0.993 -0.993 -0.993 -0.993 -0.993 -0.993 -0.993 -0.993 -0.993 -0.993 -0.993 -0.993 -0.001
-0.003 0.989 0.989 0.989 0.989 0.989 0.989 0.989 0.989 0.989 0.989 -0.003 -0.003 -0.003 -0.003 -0.003 -0.003 -0.003 -0.003 -0.003 -0.003 -0.003 -0.003 -0.003 -0.003 -0.993 -0.993 -0.993 -0.993 -0.993 -0.993 -0.993 -0.993 -0.993 -0.993 -0.993 -0.993 -0.993 -0.993 -0.993 -0.993 -0.993 -0.993 -0.993 -0.993 -0.993 -0.993 -0.993 -0.993 -0.001
-0.003 0.989 0.989 0.989 0.989 0.989 0.989 0.989 0.989 0.989 0.989 -0.003 -0.003 -0.003 -0.003 -0.003 -0.003 -0.003 -0.003 -0.003 -0.003 -0.003 -0.003 -0.003 -0.003 -0.993 -0.993 -0.993 -0.993 -0.993 -0.993 -0.993 -0.993 -0.993 -0.993 -0.993 -0.993 -0.993 -0.993 -0.993 -0.993 -0.993 -0.993 -0.993 -0.993 -0.993 -0.993 -0.993 -0.993 -0.001
-0.003 0.989 0.989 0.989 0.989 0.989 0.989 0.989 0.989 0.989 0.989 -0.003 -0.003 -0.003 -0.003 -0.003 -0.003 -0.003 -0.003 -0.003 -0.003 -0.003 -0.003 -0.003 -0.003 -0.993 -0.993 -0.993 -0.993 -0.993 -0.993 -0.993 -0.993 -0.993 -0.993 -0.993 -0.993 -0.993 -0.993 -0.993 -0.993 -0.993 -0.993 -0.993 -0.993 -0.993 -0.993 -0.993 -0.993 -0.001
-0.003 0.989 0.989 0.989 0.989 0.989 0.989 0.989 0.989 0.989 0.989 -0.003 -0.003 -0.003 -0.003 -0.003 -0.003 -0.003 -0.003 -0.003 -0.003 -0.003 -0.003 -0.003 -0.003 -0.993 -0.993 -0.993 -0.993 -0.993 -0.993 -0.993 -0.993 -0.993 -0.993 -0.993 -0.993 -0.993 -0.993 -0.993 -0.993 -0.993 -0.993 -0.993 -0.993 -0.993 -0.993 -0.993 -0.993 -0.001
-0.003 0.989 0.989 0.989 0.989 0.989 0.989 0.989 0.989 0.989 0.989 -0.003 -0.003 -0.003 -0.003 -0.003 -0.003 -0.003 -0.003 -0.003 -0.003 -0.003 -0.003 -0.003 -0.003 -0.993 -0.993 -0.993 -0.993 -0.993 -0.993 -0.993 -0.993 -0.993 -0.993 -0.993 -0.993 -0.993 -0.993 -0.993 -0.993 -0.993 -0.993 -0.993 -0.993 -0.993 -0.993 -0.993 -0.993 -0.001
-0.003 0.989 0.989 0.989 0.989 0.989 0.989 0.989 0.989 0.989 0.989 -0.003 -0.003 -0.003 -0.003 -0.003 -0.003 -0.003 -0.003 -0.003 -0.003 -0.003 -0.003 -0.003 -0.003 -0.993 -0.993 -0.993 -0.993 -0.993 -0.993 -0.993 -0.993 -0.993 -0.993 -0.993 -0.993 -0.993 -0.993 -0.993 -0.993 -0.993 -0.993 -0.993 -0.993 -0.993 -0.993 -0.993 -0.993 -0.001
-0.003 0.989 0.989 0.989 0.989 0.989 0.989 0.989 0.989 0.989 0.989 -0.003 -0.003 -0.003 -0.003 -0.003 -0.003 -0.003 -0.003 -0.003 -0.003 -0.003 -0.003 -0.003 -0.003 -0.993 -0.993 -0.993 -0.993 -0.993 -0.993 -0.993 -0.993 -0.993 -0.993 -0.993 -0.993 -0.993 -0.993 -0.993 -0.993 -0.993 -0.993 -0.993 -0.993 -0.993 -0.993 -0.993 -0.993 -0.001
-0.003 0.989 0.989 0.989 0.989 0.989 0.989 0.989 0.989 0.989 0.989 -0.003 -0.003 -0.003 -0.003 -0.003 -0.003 -0.003 -0.003 -0.003 -0.003 -0.003 -0.003 -0.003 -0.003 -0.993 -0.993 -0.993 -0.993 -0.993 -0.993 -0.993 -0.993 -0.993 -0.993 -0.993 -0.993 -0.993 -0.993 -0.993 -0.993 -0.993 -0.993 -0.993 -0.993 -0.993 -0.993 -0.993 -0.993 -0.001
-0.003 0.989 0.989 0.989 0.989 0.989 0.989 0.989 0.989 0.989 0.989 -0.003 -0.003 -0.003 -0.003 -0.003 -0.003 -0.003 -0.003 -0.003 -0.003 -0.003 -0.003 -0.003 -0.003 -0.993 -0.993 -0.993 -0.993 -0.993 -0.993 -0.993 -0.993 -0.993 -0.993 -0.993 -0.993 -0.993 -0.993 -0.993 -0.993 -0.993 -0.993 -0.993 -0.993 -0.993 -0.993 -0.993 -0.993 -0.001
-0.003 0.989 0.989 0.989 0.989 0.989 0.989 0.989 0.989 0.989 0.989 -0.003 -0.003 -0.003 -0.003 -0.003 -0.003 -0.003 -0.003 -0.003 -0.003 -0.003 -0.003 -0.003 -0.003 -0.993 -0.993 -0.993 -0.993 -0.993 -0.993 -0.993 -0.993 -0.993 -0.993 -0.993 -0.993 -0.993 -0.993 -0.993 -0.993 -0.993 -0.993 -0.993 -0.993 -0.993 -0.993 -0.993 -0.993 -0.001
-0.003 0.989 0.989 0.989 0.989 0.989 0.989 0.989 0.989 0.989 0.989 -0.003 -0.003 -0.003 -0.003 -0.003 -0.003 -0.003 -0.003 -0.003 -0.003 -0.003 -0.003 -0.003 -0.003 -0.993 -0.993 -0.993 -0.993 -0.993 -0.993 -0.993 -0.993 -0.993 -0.993 -0.993 -0.993 -0.993 -0.993 -0.993 -0.993 -0.993 -0.993 -0.993 -0.993 -0.993 -0.993 -0.993 -0.993 -0.001
-0.003 0.989 0.989 0.989 0.989 0.989 0.989 0.989 0.989 0.989 0.989 -0.003 -0.003 -0.003 -0.003 -0.003 -0.003 -0.003 -0.003 -0.003 -0.003 -0.003 -0.003 -0.003 -0.003 -0.993 -0.993 -0.993 -0.993 -0.993 -0.993 -0.993 -0.993 -0.993 -0.993 -0.993 -0.993 -0.993 -0.993 -0.993 -0.993 -0.993 -0.993 -0.993 -0.993 -0.993 -0.993 -0.993 -0.993 -0.001
-0.003 0.000 0.000 0.000 0.000 0.000 0.000 0.000 0.000 0.000 0.000 -0.003 -0.003 -0.003 -0.003 -0.003 -0.003 -0.003 -0.003 -0.003 -0.003 -0.003 -0.003 -0.003 -0.003 -0.001 -0.001 -0.001 -0.001 -0.001 -0.001 -0.001 -0.001 -0.001 -0.001 -0.001 -0.001 -0.001 -0.001 -0.001 -0.001 -0.001 -0.001 -0.001 -0.001 -0.001 -0.001 -0.001 -0.001 0.002
