4.347
4.391
4.443
4.483
4.530
4.570
4.615
4.671
4.709
4.761
4.815
4.864
4.905
4.951
5.009
5.060
5.110
5.150
5.202
5.256
5.309
5.365
5.413
5.462
5.521
5.571
5.623
5.673
5.733
5.772
5.830
5.882
5.936
5.996
6.053
6.107
6.153
6.203
6.255
6.319
6.370
6.418
6.467
6.524
6.587
6.632
6.682
6.736
6.788
6.840
6.898
6.948
7.002
7.050
7.094
7.149
7.203
7.243
7.291
7.341
7.386
7.443
7.493
7.535
7.591
7.632
7.680
7.730
7.763
7.811
7.857
7.896
7.952
7.984
8.023
8.066
8.110
8.155
8.195
8.227
8.273
8.317
8.352
8.388
8.430
8.477
8.503
8.546
8.583
8.613
8.645
8.680
8.720
8.746
8.792
8.825
8.844
8.880
8.912
8.945
8.981
9.010
9.044
9.071
9.107
9.124
9.155
9.178
9.203
9.236
9.268
9.282
9.316
9.343
9.366
9.391
9.423
9.445
9.473
9.487
9.517
9.532
9.571
9.582
9.595
9.628
9.651
9.675
9.694
9.703
9.728
9.750
9.766
9.782
9.805
9.828
9.847
9.864
9.890
9.910
9.926
9.945
9.964
9.971
9.988
10.012
10.027
10.036
10.060
10.074
10.084
10.110
10.127
10.135
10.150
10.167
10.176
10.206
10.214
10.218
10.242
10.256
10.264
10.283
10.295
10.315
10.319
10.338
10.358
10.365
10.375
10.386
10.404
10.406
10.418
10.440
10.451
10.461
10.474
10.483
10.492
10.508
10.525
10.536
10.548
10.550
10.561
10.569
10.590
10.593
10.605
10.614
10.629
10.628
10.642
10.645
10.674
10.675
10.679
10.692
10.703
10.711
10.729
10.735
10.738
10.754
10.762
10.775
10.768
10.783
10.802
10.804
10.812
10.823
10.833
10.828
10.841
10.857
10.860
10.872
10.882
10.884
10.891
10.896
10.903
10.915
10.926
10.934
10.937
10.936
10.954
10.966
10.972
10.967
10.982
10.990
10.986
10.995
11.009
11.017
11.013
11.034
11.032
11.045
11.043
11.052
11.060
11.060
11.066
11.082
11.081
11.101
11.096
11.113
11.111
11.109
11.117
11.124
11.129
11.136
11.151
11.155
11.162
11.165
11.176
11.167
11.182
11.190
11.195
11.190
11.208
11.206
11.207
11.215
11.215
11.232
11.234
11.243
11.239
11.240
11.248
11.256
11.264
11.259
11.270
11.272
11.280
11.288
11.294
11.298
11.301
11.298
11.319
11.318
11.319
11.326
11.321
11.332
11.331
11.344
11.347
11.347
11.356
11.361
11.362
11.372
11.368
11.377
11.383
11.377
11.387
11.400
11.398
11.394
11.411
11.403
11.408
11.413
11.418
11.417
11.425
11.428
11.433
11.431
11.440
11.451
11.457
11.446
11.450
11.465
11.462
11.463
11.467
11.476
11.472
11.478
11.490
11.487
11.497
11.498
11.495
11.496
11.512
11.512
11.508
11.511
11.523
11.511
11.519
11.533
11.533
11.543
11.528
11.540
11.540
11.555
11.548
11.550
11.551
11.559
11.557
11.568
11.566
11.574
11.575
11.583
11.578
11.576
11.583
11.583
11.589
11.587
11.589
11.602
11.594
11.609
11.614
11.617
11.618
11.621
11.624
11.628
11.621
11.631
11.629
11.627
11.633
11.632
11.637
11.644
11.645
11.657
11.650
11.660
11.650
11.652
11.661
11.657
11.666
11.668
11.674
11.664
11.679
11.672
11.676
11.687
11.684
11.683
11.693
11.692
11.691
11.685
11.702
11.694
11.706
11.699
11.697
11.710
11.706
11.717
11.712
11.713
11.725
11.722
11.715
11.735
11.730
11.727
11.729
11.732
11.731
11.737
11.739
11.744
11.748
11.740
11.748
11.744
11.756
11.761
11.755
11.764
11.764
11.765
11.770
11.769
11.770
11.772
11.775
11.776
11.778
11.769
11.774
11.788
11.780
11.782
11.785
11.791
11.782
11.791
11.799
11.794
11.804
11.803
11.799
11.795
11.799
11.811
11.811
11.808
11.815
11.809
11.809
11.813
11.824
11.810
11.827
11.826
11.824
11.829
11.826
11.834
11.827
11.832
11.835
11.828
11.829
11.838
11.837
11.838
11.852
11.846
11.839
11.852
11.841
11.847
11.847
11.850
11.854
11.855
11.854
11.866
11.861
11.856
11.860
11.863
11.869
11.868
11.864
11.874
11.873
11.872
11.870
11.876
11.884
11.884
11.877
11.884
11.888
11.878
11.886
11.891
11.885
11.888
11.883
11.899
11.890
11.893
11.893
11.902
11.900
11.894
11.895
11.907
11.907
11.905
11.903
11.910
11.908
11.919
11.906
11.912
11.914
11.907
11.916
11.921
11.926
11.920
11.926
11.924
11.920
11.924
11.921
11.924
11.927
11.925
11.935
11.926
11.936
11.934
11.939
11.929
11.929
11.933
11.942
11.938
11.944
11.947
11.951
11.945
11.950
11.950
11.946
11.956
11.945
11.949
11.949
11.947
11.951
11.957
11.965
11.954
11.957
11.962
11.952
11.964
11.952
11.970
11.970
11.971
11.968
11.976
11.974
11.977
11.977
11.966
11.969
11.967
11.978
11.972
11.978
11.974
11.976
11.979
11.983
11.979
11.984
11.981
11.974
11.982
11.978
11.985
11.980
11.995
11.990
11.993
11.990
11.986
11.996
11.996
12.001
11.991
11.989
12.000
12.004
11.993
12.008
11.997
12.000
12.006
12.008
12.011
12.011
12.011
12.007
12.010
12.005
12.008
12.004
12.019
12.014
12.013
12.009
12.009
12.020
12.010
12.022
12.013
12.023
12.015
12.029
12.016
12.021
12.019
12.025
12.023
12.027
12.034
12.019
12.031
12.031
12.026
12.025
12.024
12.034
12.036
12.038
12.027
12.032
12.033
12.043
12.038
12.040
12.032
12.039
12.032
12.040
12.046
12.033
12.047
12.038
12.050
12.044
12.043
12.038
12.047
12.050
12.044
12.040
12.053
12.050
12.049
12.046
12.056
12.043
12.054
12.057
12.052
12.064
12.047
12.058
12.054
12.064
12.053
12.058
12.067
12.058
12.056
12.056
12.063
12.063
12.056
12.059
12.054
12.060
12.070
12.064
12.063
12.064
12.068
12.074
12.069
12.064
12.064
12.079
12.078
12.080
12.079
12.078
12.067
12.081
12.067
12.074
12.086
12.070
12.079
12.084
12.072
12.072
12.080
12.086
12.082
12.076
12.091
12.076
12.081
12.090
12.085
12.089
12.090
12.083
12.084
12.090
12.094
12.087
12.083
12.091
12.089
12.089
12.089
12.092
12.099
12.091
12.097
12.090
12.098
12.089
12.089
12.093
12.103
12.099
12.095
12.093
12.092
12.102
12.099
12.105
12.096
12.106
12.100
12.108
12.102
12.108
12.109
12.108
12.096
12.111
12.105
12.106
12.114
12.113
12.099
12.101
12.104
12.102
12.109
12.107
12.116
12.101
12.116
12.102
12.107
12.116
12.117
12.118
12.118
12.109
12.114
12.109
12.115
12.106
12.124
12.124
12.108
12.127
12.124
12.118
12.119
12.127
12.114
12.120
12.126
12.126
12.129
12.125
12.118
12.120
12.119
12.120
12.117
12.128
12.131
12.122
12.119
12.120
12.123
12.128
12.132
12.123
12.133
12.137
12.133
12.134
12.127
12.127
12.134
12.127
12.134
12.130
12.138
12.133
12.137
12.130
12.135
12.130
12.127
12.139
12.131
12.143
12.130
12.142
12.133
12.145
12.144
12.142
12.136
12.144
12.138
12.137
12.139
12.145
12.142
12.146
12.149
12.135
12.147
12.140
12.145
12.138
12.150
12.151
12.152
12.139
12.140
12.140
12.144
12.143
12.141
12.150
12.143
12.151
12.149
12.144
12.157
12.149
12.146
12.154
12.144
12.155
12.150
12.146
12.143
12.154
12.155
12.148
12.148
12.149
12.159
12.152
12.154
12.163
12.149
12.159
12.149
12.155
12.155
12.149
12.160
12.157
12.158
12.158
12.159
12.157
12.160
12.167
12.155
12.166
12.165
12.164
12.166
12.166
12.157
12.159
12.157
12.157
12.160
12.170
12.155
12.165
12.161
12.167
12.167
12.158
12.171
12.169
12.166
12.160
12.172
12.173
12.169
12.160
12.162
12.175
12.159
12.172
12.171
12.175
12.160
12.169
12.161
12.169
12.179
12.166
12.167
12.167
12.165
12.170
12.178
12.173
12.174
12.176
12.167
12.176
12.170
12.173
12.170
12.175
12.182
12.177
12.180
12.175
12.175
12.184
12.170
12.180
12.172
12.178
12.175
12.176
12.182
12.184
12.177
12.176
12.186
12.181
12.184
12.187
12.179
12.184
12.175
12.189
12.182
12.190
12.180
12.177
12.191
12.176
12.179
12.179
12.183
12.187
12.181
12.184
12.188
12.190
12.186
12.190
12.187
12.189
12.180
12.187
12.193
12.181
12.182
