0.8	-0.2	-0.0
0.8	-0.2	-0.0
63.30662 272.63063 68.80943 
116.32155 301.59836 89.83827 
162.05991 340.25089 114.48264 
203.71131 369.44546 128.23354 
230.40376 395.23514 139.27899 
258.54264 417.99973 157.86670 
285.63582 440.33652 174.09661 
311.58376 464.33053 178.82720 
333.19868 490.77940 196.71886 
356.42117 512.90453 201.37474 
377.24604 529.95793 207.75876 
399.70254 547.89685 214.06011 
422.28968 560.09509 222.14593 
444.82772 571.27559 229.18449 
471.54108 587.58662 233.55840 
501.68560 604.83241 240.90441 
534.84888 619.96280 242.37421 
572.41255 634.35361 247.68187 
606.94647 648.12781 254.54953 
649.47032 660.13484 255.49701 
678.28557 672.59059 262.07907 
695.69337 686.51387 263.37748 
707.60974 698.99622 266.97487 
728.62376 709.46833 270.37378 
737.96805 723.10933 276.82959 
745.88119 732.07503 285.09299 
752.05246 745.99550 287.58292 
762.13327 755.52359 291.44805 
763.63086 767.54447 298.75857 
765.91836 777.73738 302.48756 
768.69676 786.49099 305.49292 
769.90691 795.41330 311.16160 
770.24061 805.26071 315.31544 
777.34603 813.42333 315.66403 
783.73736 821.51254 316.87632 
786.70811 830.55208 318.95526 
790.81585 836.72780 322.81958 
793.66714 846.47176 325.13497 
801.56083 852.72611 327.65848 
802.81034 859.72694 328.46994 
807.24519 866.32385 332.16697 
808.57898 873.11311 332.35727 
812.03207 879.79217 333.01343 
812.20764 883.32051 335.81570 
813.34193 891.04645 336.36838 
814.39739 896.57900 338.40103 
816.49321 899.90761 338.59599 
818.14238 906.06766 338.59470 
820.59138 912.41432 342.38325 
824.25644 918.34108 344.36319 
823.93857 924.74112 344.56966 
822.43020 930.54614 346.95011 
825.26992 934.89791 346.07255 
825.27922 942.37991 350.88648 
827.54482 945.34260 347.52714 
825.97790 950.65941 352.76550 
823.56253 954.51410 356.49714 
826.97335 957.98721 354.71626 
825.92291 961.14908 354.74385 
824.71194 964.89511 356.82449 
825.03461 969.02876 356.82643 
823.80822 971.58481 357.91823 
821.60523 974.23295 358.59206 
823.43584 977.37335 358.57084 
823.31778 981.18714 362.63020 
826.42633 985.47462 362.96174 
825.44693 988.07878 363.16444 
824.72574 990.07648 365.69821 
825.73713 992.90071 366.46158 
824.58625 995.66542 370.53776 
826.38778 1000.63981 373.46115 
824.27582 1004.77456 372.55887 
822.85606 1008.68094 372.24369 
823.91262 1010.41825 372.25099 
824.89170 1012.73788 372.39211 
830.81526 1014.61946 373.02331 
830.89266 1013.21973 371.88992 
831.46353 1016.31313 373.91118 
833.32248 1015.13752 375.92595 
835.59540 1017.36244 375.34852 
837.57447 1017.62262 375.37106 
837.67368 1020.08825 375.51828 
837.16137 1022.09353 378.11481 
836.09266 1024.57854 378.91862 
838.02002 1025.98851 381.62787 
835.04612 1030.98023 382.49750 
836.69347 1033.37962 384.10249 
834.85480 1036.05979 384.57637 
840.54726 1035.47425 386.13045 
843.22113 1034.06887 384.39920 
844.09335 1034.42177 384.60822 
844.63821 1035.03480 384.19089 
844.99357 1036.17923 384.61873 
845.95906 1037.41237 383.84368 
843.78324 1039.63723 385.17424 
843.76066 1040.93157 384.87989 
842.50721 1041.82128 385.02091 
842.27181 1042.98448 386.67506 
841.06324 1041.20781 386.57175 
840.13830 1042.74288 389.03476 
