0.29126113699826633
0.2281822077348468
0.20062121881439518
0.18648723336167985
0.15445497487426124
0.1530753878748771
0.13778802861265801
0.12628842503143303
0.11928155470927125
0.10401132833324096
0.09732483127958903
0.09567442894717396
0.0760684079805326
0.06864751863927375
0.0792229288676187
0.07914852105555056
0.07249272703439814
0.06884893362229946
0.0692589772516423
0.061466794081640796
0.056903688301487225
0.06477642685947274
0.059753337349701625
0.04583739828683714
0.0631343949291519
0.043565533630437
0.06410795537405689
0.04750553257178596
0.05652816996567126
0.04713587895242596
0.03946914724169796
0.04200308996560064
0.04748025249614903
0.037191281133725836
0.039248912231753766
0.042266807815790515
0.025851486872327235
0.045203684991009345
0.027235349279319757
0.030880793128228737
0.028055046514756557
0.03045651100821185
0.02923506206226724
0.015006473416206584
0.03542980223534111
0.023364217746920234
0.013315358520828328
0.02715186302964069
0.026942677708785133
0.02576637820202114
0.029162329726937795
0.026296395471680833
0.019191839346600365
0.0333961619409714
0.01597373978726928
0.026008685818022525
0.017515289684737426
0.016303912978609617
0.013281146549235562
0.016027705169283268
0.017043063480319615
0.010501599268930632
0.012212773997653923
0.011955022059781521
0.01487826640843214
0.017678631529638663
0.01046720820190889
0.008475415794282347
0.011193235316619827
0.01319240362943593
0.02039685318966799
0.018997052581364974
0.017468307853461516
0.006216270659589861
0.008770816111231199
0.010451372701856476
0.004701739725311677
0.01227420867089485
0.007479261219478004
0.008706034335706351
0.0036055703058353746
0.009381928279939885
0.00814308250908495
0.009857783407525056
0.007308273016748139
0.0233420646387356
0.009652688674531656
0.011093498651789456
0.010139533455011824
0.007128722408483576
0.0019247527411490317
0.002592938635650696
0.004187146667734927
0.005268977480683562
0.010520726892060529
0.004984969192505891
0.004934590264829026
0.00534133346372288
0.005782075218447175
0.0071994004771451
