1.126
1.290
1.477
1.690
1.933
2.209
2.522
2.877
3.277
3.727
4.233
4.800
5.433
6.135
6.912
7.768
8.704
9.723
10.824
12.007
13.268
14.600
15.996
17.447
18.940
20.463
22.000
23.537
25.060
26.553
28.004
29.400
30.732
31.993
33.176
34.277
35.296
36.232
37.088
37.865
38.567
39.200
39.767
40.273
40.723
41.123
41.478
41.791
42.067
42.310
42.523
42.710
42.874
43.018
43.144
43.254
43.350
43.434
43.507
43.571
43.626
43.675
43.717
43.754
43.786
43.814
43.838
43.859
43.877
43.893
43.907
43.919
43.930
43.939
43.947
43.954
43.960
43.965
43.970
43.974
43.977
43.980
43.983
43.985
43.987
43.989
43.990
43.991
43.993
43.994
43.994
43.995
43.996
43.996
43.997
43.997
43.998
43.998
43.998
43.998
43.999
43.999
43.999
43.999
43.999
43.999
43.999
43.999
44.000
44.000
44.000
44.000
44.000
44.000
44.000
44.000
44.000
44.000
44.000
44.000
44.000
44.000
44.000
44.000
44.000
44.000
44.000
44.000
44.000
44.000
44.000
44.000
44.000
44.000
44.000
44.000
44.000
44.000
44.000
44.000
44.000
44.000
44.000
44.000
44.000
44.000
44.000
44.000
44.000
44.000
44.000
44.000
44.000
44.000
44.000
44.000
44.000
44.000
44.000
44.000
44.000
44.000
44.000
44.000
44.000
44.000
44.000
44.000
44.000
44.000
44.000
44.000
44.000
44.000
44.000
44.000
44.000
44.000
44.000
44.000
44.000
44.000
44.000
44.000
44.000
44.000
44.000
44.000
44.000
44.000
44.000
44.000
44.000
44.000
44.000
44.000
44.000
44.000
44.000
44.000
44.000
44.000
44.000
44.000
44.000
44.000
44.000
44.000
44.000
44.000
44.000
44.000
44.000
44.000
44.000
44.000
44.000
44.000
44.000
44.000
44.000
44.000
44.000
44.000
44.000
44.000
44.000
44.000
44.000
44.000
44.000
44.000
44.000
44.000
44.000
44.000
44.000
44.000
44.000
44.000
44.000
44.000
44.000
44.000
44.000
44.000
44.000
44.000
44.000
44.000
44.000
44.000
44.000
44.000
44.000
44.000
44.000
44.000
44.000
44.000
44.000
44.000
44.000
44.000
44.000
44.000
44.000
44.000
44.000
44.000
44.000
44.000
44.000
44.000
44.000
44.000
44.000
44.000
44.000
44.000
44.000
44.000
44.000
44.000
44.000
44.000
44.000
44.000
44.000
44.000
44.000
44.000
44.000
44.000
44.000
44.000
44.000
44.000
44.000
44.000
44.000
44.000
44.000
44.000
44.000
44.000
44.000
44.000
44.000
44.000
44.000
44.000
44.000
44.000
44.000
44.000
44.000
44.000
44.000
44.000
44.000
44.000
44.000
44.000
44.000
44.000
44.000
44.000
44.000
44.000
44.000
44.000
44.000
44.000
44.000
44.000
44.000
44.000
44.000
44.000
44.000
44.000
44.000
44.000
44.000
44.000
44.000
44.000
44.000
44.000
44.000
44.000
44.000
44.000
44.000
44.000
44.000
44.000
44.000
44.000
44.000
44.000
44.000
44.000
44.000
44.000
44.000
44.000
44.000
44.000
44.000
44.000
44.000
44.000
44.000
44.000
44.000
44.000
44.000
44.000
44.000
44.000
44.000
44.000
44.000
44.000
44.000
44.000
44.000
44.000
44.000
44.000
44.000
44.000
44.000
44.000
44.000
44.000
44.000
44.000
44.000
44.000
44.000
44.000
44.000
44.000
44.000
44.000
44.000
44.000
44.000
44.000
44.000
44.000
44.000
44.000
44.000
44.000
44.000
44.000
44.000
44.000
44.000
44.000
44.000
44.000
44.000
44.000
44.000
44.000
44.000
44.000
44.000
44.000
44.000
44.000
44.000
44.000
44.000
44.000
44.000
44.000
44.000
44.000
44.000
44.000
44.000
44.000
44.000
44.000
44.000
44.000
44.000
44.000
44.000
44.000
44.000
44.000
44.000
44.000
44.000
44.000
44.000
44.000
44.000
44.000
44.000
44.000
44.000
44.000
44.000
44.000
44.000
44.000
44.000
44.000
44.000
44.000
44.000
44.000
44.000
44.000
44.000
44.000
44.000
44.000
44.000
44.000
44.000
44.000
44.000
44.000
44.000
44.000
44.000
44.000
44.000
44.000
44.000
44.000
44.000
44.000
44.000
44.000
44.000
44.000
44.000
44.000
44.000
44.000
44.000
44.000
44.000
44.000
44.000
44.000
44.000
44.000
44.000
44.000
44.000
44.000
44.000
44.000
44.000
44.000
44.000
44.000
44.000
44.000
44.000
44.000
44.000
44.000
44.000
44.000
44.000
44.000
44.000
44.000
44.000
44.000
44.000
44.000
44.000
44.000
44.000
44.000
44.000
44.000
44.000
44.000
44.000
44.000
44.000
44.000
44.000
44.000
44.000
44.000
44.000
44.000
44.000
44.000
44.000
44.000
44.000
44.000
44.000
44.000
44.000
44.000
44.000
44.000
44.000
44.000
44.000
44.000
44.000
44.000
44.000
44.000
44.000
44.000
44.000
44.000
44.000
44.000
44.000
44.000
44.000
44.000
44.000
44.000
44.000
44.000
44.000
44.000
44.000
44.000
44.000
44.000
44.000
44.000
44.000
44.000
44.000
44.000
44.000
44.000
44.000
44.000
44.000
44.000
44.000
44.000
44.000
44.000
44.000
44.000
44.000
44.000
44.000
44.000
44.000
44.000
44.000
44.000
44.000
44.000
44.000
44.000
44.000
44.000
44.000
44.000
44.000
44.000
44.000
44.000
44.000
44.000
44.000
44.000
44.000
44.000
44.000
44.000
44.000
44.000
44.000
44.000
44.000
44.000
44.000
44.000
44.000
44.000
44.000
44.000
44.000
44.000
44.000
44.000
44.000
44.000
44.000
44.000
44.000
44.000
44.000
44.000
44.000
44.000
44.000
44.000
44.000
44.000
44.000
44.000
44.000
44.000
44.000
44.000
44.000
44.000
44.000
44.000
44.000
44.000
44.000
44.000
44.000
44.000
44.000
44.000
44.000
44.000
44.000
44.000
44.000
44.000
44.000
44.000
44.000
44.000
44.000
44.000
44.000
44.000
44.000
44.000
44.000
44.000
44.000
44.000
44.000
44.000
44.000
44.000
44.000
44.000
44.000
44.000
44.000
44.000
44.000
44.000
44.000
44.000
44.000
44.000
44.000
44.000
44.000
44.000
44.000
44.000
44.000
44.000
44.000
44.000
44.000
44.000
44.000
44.000
44.000
44.000
44.000
44.000
44.000
44.000
44.000
44.000
44.000
44.000
44.000
44.000
44.000
44.000
44.000
44.000
44.000
44.000
44.000
44.000
44.000
44.000
44.000
44.000
44.000
44.000
44.000
44.000
44.000
44.000
44.000
44.000
44.000
44.000
44.000
44.000
44.000
44.000
44.000
44.000
44.000
44.000
44.000
44.000
44.000
44.000
44.000
44.000
44.000
44.000
44.000
44.000
44.000
44.000
44.000
44.000
44.000
44.000
44.000
44.000
44.000
44.000
44.000
44.000
44.000
44.000
44.000
44.000
44.000
44.000
44.000
44.000
44.000
44.000
44.000
44.000
44.000
44.000
44.000
44.000
44.000
44.000
44.000
44.000
44.000
44.000
44.000
44.000
44.000
44.000
44.000
44.000
44.000
44.000
44.000
44.000
44.000
44.000
44.000
44.000
44.000
44.000
44.000
44.000
44.000
44.000
44.000
44.000
44.000
44.000
44.000
44.000
44.000
44.000
44.000
44.000
44.000
44.000
44.000
44.000
44.000
44.000
44.000
44.000
44.000
44.000
44.000
44.000
44.000
44.000
44.000
44.000
44.000
44.000
44.000
44.000
44.000
44.000
44.000
44.000
44.000
44.000
44.000
44.000
44.000
44.000
44.000
44.000
44.000
44.000
44.000
44.000
44.000
44.000
44.000
44.000
44.000
44.000
44.000
44.000
44.000
44.000
44.000
44.000
44.000
44.000
44.000
44.000
44.000
44.000
44.000
44.000
44.000
44.000
44.000
44.000
44.000
44.000
44.000
44.000
44.000
44.000
44.000
44.000
44.000
44.000
44.000
44.000
44.000
44.000
44.000
44.000
44.000
44.000
44.000
44.000
44.000
44.000
44.000
44.000
44.000
44.000
44.000
44.000
44.000
44.000
44.000
44.000
44.000
44.000
44.000
44.000
44.000
44.000
44.000
44.000
44.000
44.000
44.000
44.000
44.000
44.000
44.000
44.000
44.000
44.000
44.000
44.000
44.000
44.000
44.000
44.000
44.000
44.000
44.000
44.000
44.000
44.000
44.000
44.000
44.000
44.000
44.000
44.000
44.000
44.000
44.000
44.000
44.000
44.000
44.000
44.000
44.000
44.000
44.000
44.000
44.000
44.000
44.000
44.000
44.000
44.000
44.000
44.000
44.000
44.000
44.000
44.000
44.000
44.000
44.000
44.000
44.000
44.000
44.000
44.000
44.000
44.000
