5.353
5.783
6.168
6.141
6.348
7.228
7.235
7.822
8.183
8.638
9.424
9.796
10.073
10.866
11.295
12.011
12.792
13.241
13.971
14.645
15.445
16.045
16.699
17.640
18.284
18.984
19.729
20.704
21.298
21.949
22.784
23.454
24.231
25.078
25.554
26.074
27.174
27.378
28.086
28.969
29.064
29.859
30.260
30.689
31.137
31.680
32.084
32.488
32.851
33.125
33.455
33.753
34.069
34.307
34.586
34.821
35.001
35.155
35.469
35.554
35.727
36.028
36.245
36.198
36.206
36.557
36.572
36.850
36.987
36.967
37.085
37.307
37.382
37.364
37.468
37.586
37.727
37.672
37.776
37.816
37.955
37.924
38.036
38.089
38.193
38.192
38.241
38.270
38.465
38.389
38.389
38.656
38.464
38.574
38.651
38.598
38.644
38.771
38.699
38.930
38.968
38.894
38.767
38.876
38.849
38.888
39.070
39.050
39.029
38.997
38.938
39.140
39.094
39.146
39.092
39.189
39.047
39.201
39.321
39.100
39.161
39.247
39.076
38.915
39.273
39.392
39.408
39.270
39.284
39.155
39.476
39.283
39.423
39.308
39.443
39.322
39.347
39.501
39.451
39.398
39.397
39.499
39.502
39.451
39.323
39.570
39.523
39.441
39.472
39.522
39.377
39.441
39.524
39.573
39.636
39.587
39.578
39.558
39.696
39.508
39.645
39.779
39.517
39.598
39.582
39.782
39.670
39.679
39.588
39.832
39.677
39.733
39.647
39.668
39.560
39.508
39.604
39.633
39.662
39.628
39.564
39.711
39.791
39.628
39.726
39.729
39.750
39.771
39.627
39.475
39.680
39.789
39.865
39.687
39.793
39.784
39.722
39.659
39.722
39.724
39.678
39.795
39.650
39.659
39.710
39.753
39.799
39.763
39.892
39.766
39.896
39.814
39.755
39.758
39.708
39.853
39.729
39.689
39.775
39.740
39.703
39.750
39.713
39.780
39.767
39.767
39.808
39.833
39.762
39.742
39.754
39.778
39.785
39.741
39.560
39.789
39.751
39.889
39.830
39.775
39.839
39.810
39.734
39.664
39.641
39.823
39.773
39.839
39.978
39.795
39.914
39.758
39.862
39.652
39.923
39.920
39.777
39.805
39.835
39.674
39.696
39.701
39.947
39.586
39.865
39.778
39.825
39.804
39.929
39.679
39.778
39.778
39.723
39.871
39.829
39.803
39.954
39.778
39.877
39.901
39.933
39.943
39.933
39.897
39.791
39.894
39.876
39.907
39.759
39.781
39.980
39.816
39.774
39.753
39.754
39.908
39.853
39.840
39.949
39.742
39.910
39.740
39.680
39.870
39.779
39.791
39.817
39.700
39.914
39.847
40.085
39.836
39.863
39.766
39.787
39.837
39.788
39.933
39.798
39.903
39.989
39.755
39.863
39.794
39.869
39.804
39.846
39.809
39.798
39.567
39.882
39.796
39.851
39.958
39.827
39.719
39.904
39.936
39.963
39.934
39.869
40.023
39.812
39.916
39.757
39.758
39.796
39.785
39.911
39.883
39.891
39.725
40.018
39.766
39.814
39.749
39.902
39.894
39.889
39.732
39.847
39.789
39.936
39.933
39.916
39.828
39.929
39.807
39.816
39.843
39.846
39.802
39.874
39.615
39.773
39.813
39.967
39.691
39.687
39.761
39.851
39.758
39.838
39.942
39.762
39.853
39.725
39.816
39.876
39.764
39.671
40.016
39.707
39.784
39.812
39.806
39.847
39.784
39.772
39.805
39.848
39.802
39.869
39.797
39.854
39.827
39.635
39.813
39.839
39.805
39.868
39.881
39.844
39.873
39.959
39.799
39.848
39.859
39.944
39.678
39.915
39.850
39.946
39.877
39.744
39.936
39.728
39.693
39.865
39.643
39.876
39.880
39.690
39.758
39.715
39.846
39.982
39.872
39.742
39.656
39.712
40.020
39.639
39.858
39.822
39.902
39.833
39.838
39.858
39.838
39.915
39.791
39.629
39.847
39.914
40.001
39.770
39.897
39.683
39.770
39.745
39.915
40.041
39.709
39.810
39.886
39.770
39.634
39.585
39.691
39.864
39.926
39.852
39.731
40.010
39.708
39.812
39.643
39.866
39.973
39.797
39.741
39.789
39.680
40.056
39.899
39.582
40.014
39.977
39.947
39.792
39.844
39.957
39.794
39.807
39.862
39.704
39.907
39.677
39.930
39.945
39.799
39.898
39.810
39.816
39.941
39.660
39.654
39.742
39.987
39.849
39.887
39.867
39.806
39.740
39.853
39.850
39.780
39.807
39.817
39.827
39.878
39.809
39.864
39.874
39.796
39.724
39.879
39.902
39.808
39.816
39.862
39.908
39.756
39.994
39.832
39.699
39.974
39.942
39.817
39.644
39.825
39.783
39.858
39.827
39.883
39.801
39.758
39.877
39.684
39.862
39.773
39.932
39.616
39.783
39.845
39.790
39.906
39.690
39.980
39.819
39.807
39.816
39.737
39.714
39.778
39.807
39.646
39.854
39.797
39.909
39.722
39.869
39.923
39.886
39.925
39.832
40.007
39.736
39.888
39.885
39.819
39.896
39.693
39.886
39.695
39.871
39.800
39.965
39.857
39.839
39.778
39.785
39.620
39.905
39.899
39.746
39.699
39.884
39.974
39.880
39.873
39.860
39.688
39.769
39.855
39.913
39.857
39.862
39.862
39.898
39.840
39.850
39.746
39.825
39.966
39.788
39.789
39.924
39.833
39.760
39.835
39.865
39.958
39.864
39.775
39.837
39.948
39.795
39.802
39.864
39.975
39.875
39.850
39.676
39.697
39.619
39.810
39.935
39.915
39.863
39.800
39.852
39.899
39.633
39.891
39.822
39.838
39.678
39.687
39.734
39.872
39.852
39.709
39.632
39.697
39.717
39.981
39.902
39.785
39.809
39.682
39.795
39.846
39.627
39.884
39.930
39.815
39.935
39.817
39.802
39.684
39.755
39.769
39.913
40.022
39.827
39.826
39.846
39.727
39.842
39.945
39.776
39.894
39.798
39.678
39.901
39.708
39.997
39.791
39.974
39.823
39.861
39.711
39.778
39.920
39.840
39.801
39.862
39.860
39.867
39.849
39.925
39.948
39.703
39.791
39.774
39.790
39.781
39.932
39.848
40.005
39.810
39.804
39.924
39.862
39.816
39.784
39.942
39.836
39.633
39.717
39.874
39.869
39.541
39.883
39.724
39.872
39.858
39.785
39.714
39.866
39.839
39.927
40.094
39.767
39.812
39.664
39.885
39.950
39.853
39.797
39.749
39.721
39.796
39.893
39.907
39.549
39.924
39.769
39.755
39.602
39.903
39.910
39.905
39.774
39.770
39.895
40.065
39.882
39.713
39.929
39.971
39.804
39.597
39.846
39.773
39.933
39.929
39.961
39.747
39.899
39.715
39.783
39.768
39.719
39.710
39.867
39.763
39.774
39.795
39.829
39.832
39.804
39.865
39.877
39.854
39.855
39.906
39.699
39.690
39.805
39.727
39.787
39.882
39.866
39.916
39.841
39.827
39.864
39.700
39.877
39.769
39.749
39.728
39.800
39.722
39.862
39.939
39.739
39.811
39.877
39.653
39.655
39.800
39.849
39.909
39.828
39.823
39.824
39.777
39.972
39.733
39.865
39.845
39.853
39.921
39.913
39.717
39.836
39.844
39.860
39.964
39.708
39.920
39.846
39.845
39.841
39.808
39.875
39.797
39.953
39.751
39.659
39.766
39.869
39.870
39.993
39.730
39.818
39.886
39.913
39.796
39.788
39.834
39.874
39.802
39.657
39.750
39.770
39.894
39.879
39.645
40.009
39.900
39.942
39.849
39.739
39.936
39.858
40.036
39.801
39.904
39.555
39.815
39.833
39.884
39.882
39.802
39.772
39.923
39.855
39.872
39.842
40.000
39.894
39.676
39.848
39.938
39.754
39.907
39.598
39.906
39.804
39.840
39.941
39.764
39.832
39.787
39.782
39.875
39.829
39.877
39.799
39.782
39.925
39.942
39.903
39.714
39.902
39.915
39.659
39.770
39.807
39.882
39.905
39.869
39.639
39.973
39.901
39.964
39.868
39.667
39.875
39.776
39.738
39.854
39.776
39.777
39.775
39.825
39.774
39.892
39.758
39.824
39.916
39.975
39.848
39.697
39.631
39.866
40.022
39.951
39.862
39.772
39.849
39.935
39.929
39.869
39.954
39.849
39.804
39.736
39.886
39.835
39.877
39.695
39.833
39.776
39.754
39.875
39.887
39.963
39.794
39.961
39.850
39.929
39.888
39.942
39.854
39.781
39.771
39.789
39.824
40.015
39.866
39.715
39.789
39.844
39.786
39.837
39.876
39.751
39.829
39.795
39.901
39.902
39.869
39.671
39.817
39.669
39.939
39.880
39.863
39.841
39.919
39.641
39.685
39.798
39.747
39.864
39.968
39.800
39.721
39.853
39.947
39.825
39.930
39.834
39.948
39.809
39.757
39.711
39.921
39.793
39.922
39.824
39.959
39.848
39.782
39.861
39.817
39.884
39.838
