6.526
6.831
7.154
7.500
7.858
8.251
8.658
9.097
9.556
10.052
10.570
11.111
11.685
12.290
12.924
13.585
14.271
14.989
15.728
16.494
17.280
18.085
18.908
19.744
20.594
21.452
22.315
23.178
24.044
24.899
25.749
26.591
27.420
28.236
29.028
29.803
30.552
31.278
31.981
32.658
33.304
33.923
34.513
35.077
35.613
36.120
36.599
37.053
37.485
37.887
38.273
38.629
38.972
39.295
39.592
39.875
40.144
40.395
40.638
40.859
41.070
41.271
41.461
41.639
41.812
41.973
42.123
42.268
42.404
42.534
42.659
42.775
42.892
42.996
43.097
43.195
43.289
43.378
43.462
43.543
43.622
43.695
43.767
43.836
43.906
43.968
44.030
44.089
44.144
44.201
44.251
44.301
44.349
44.400
44.444
44.488
44.527
44.570
44.609
44.647
44.683
44.718
44.755
44.786
44.823
44.849
44.884
44.912
44.937
44.968
44.993
45.020
45.043
45.068
45.093
45.118
45.136
45.159
45.182
45.201
45.222
45.240
45.264
45.278
45.293
45.315
45.329
45.345
45.361
45.378
45.394
45.410
45.421
45.432
45.449
45.465
45.474
45.487
45.501
45.513
45.525
45.535
45.550
45.554
45.567
45.577
45.587
45.599
45.607
45.617
45.623
45.634
45.642
45.651
45.659
45.667
45.677
45.684
45.692
45.698
45.705
45.711
45.717
45.726
45.732
45.738
45.745
45.749
45.757
45.759
45.766
45.772
45.779
45.783
45.786
45.793
45.799
45.804
45.808
45.814
45.815
45.819
45.826
45.832
45.834
45.838
45.838
45.844
45.849
45.850
45.857
45.856
45.860
45.864
45.868
45.871
45.875
45.877
45.878
45.885
45.886
45.890
45.891
45.895
45.895
45.900
45.903
45.904
45.905
45.910
45.913
45.913
45.914
45.917
45.919
45.921
45.925
45.928
45.928
45.930
45.932
45.933
45.935
45.935
45.936
45.940
45.945
45.944
45.944
45.943
45.946
45.948
45.950
45.951
45.954
45.953
45.954
45.956
45.957
45.959
45.957
45.962
45.961
45.964
45.964
45.965
45.966
45.967
45.968
45.969
45.970
45.973
45.972
45.975
45.974
45.974
45.975
45.975
45.975
45.977
45.979
45.980
45.980
45.981
45.983
45.981
45.984
45.986
45.984
45.982
45.986
45.987
45.988
45.986
45.986
45.989
45.991
45.990
45.990
45.989
45.990
45.991
45.992
45.992
45.993
45.992
45.994
45.994
45.996
45.995
45.994
45.994
45.995
45.999
45.994
45.998
45.996
46.000
45.997
45.999
45.998
45.999
46.000
45.999
45.999
46.000
46.000
46.002
46.000
46.002
46.002
46.003
46.003
46.003
46.005
46.003
46.003
46.002
46.002
46.001
46.004
46.005
46.003
46.005
46.005
46.006
46.009
46.004
46.004
46.006
46.008
46.006
46.007
46.005
46.006
46.007
46.008
46.009
46.008
46.009
46.008
46.006
46.007
46.010
46.006
46.005
46.007
46.007
46.007
46.008
46.009
46.010
46.008
46.011
46.008
46.009
46.009
46.010
46.008
46.010
46.010
46.011
46.011
46.010
46.012
46.011
46.012
46.010
46.008
46.011
46.011
46.009
46.009
46.014
46.011
46.011
46.012
46.014
46.010
46.011
46.014
46.012
46.013
46.014
46.011
46.011
46.013
46.011
46.012
46.012
46.010
46.015
46.013
46.014
46.013
46.012
46.013
46.012
46.013
46.011
46.012
46.013
46.014
46.013
46.012
46.012
46.013
46.013
46.013
46.012
46.013
46.011
46.012
46.013
46.013
46.011
46.012
46.013
46.012
46.014
46.012
46.012
46.015
46.011
46.012
46.014
46.013
46.014
46.011
46.013
46.013
46.013
46.012
46.012
46.014
46.013
46.013
46.013
46.012
46.016
46.012
46.014
46.014
46.014
46.015
46.016
46.015
46.014
46.013
46.014
46.013
46.013
46.013
46.014
46.014
46.014
46.013
46.014
46.010
46.013
46.015
46.013
46.015
46.014
46.014
46.012
46.014
46.015
46.015
46.012
46.014
46.015
46.012
46.014
46.014
46.013
46.014
46.015
46.012
46.017
46.016
46.015
46.014
46.014
46.017
46.011
46.012
46.013
46.014
46.012
46.014
46.015
46.014
46.015
46.014
46.012
46.013
46.013
46.014
46.014
46.015
46.016
46.015
46.014
46.015
46.012
46.014
46.013
46.015
46.017
46.014
46.015
46.012
46.013
46.016
46.014
46.014
46.013
46.017
46.012
46.014
46.013
46.015
46.014
46.014
46.016
46.015
46.014
46.014
46.015
46.016
46.014
46.015
46.017
46.013
46.013
46.014
46.014
46.016
46.015
46.013
46.014
46.014
46.013
46.015
46.016
46.014
46.015
46.014
46.015
46.014
46.014
46.012
46.014
46.013
46.014
46.016
46.013
46.014
46.015
46.015
46.013
46.014
46.015
46.015
46.013
46.014
46.015
46.014
46.015
46.016
46.015
46.013
46.015
46.014
46.013
46.015
46.011
46.013
46.016
46.016
46.016
46.014
46.013
46.014
46.015
46.013
46.014
46.014
46.015
46.015
46.016
46.014
46.017
46.015
46.014
46.013
46.013
46.016
46.014
46.015
46.011
46.013
46.013
46.014
46.013
46.013
46.015
46.013
46.017
46.011
46.014
46.016
46.014
46.013
46.015
46.013
46.014
46.015
46.015
46.015
46.014
46.014
46.014
46.016
46.015
46.016
46.013
46.014
46.016
46.013
46.016
46.016
46.015
46.013
46.016
46.015
46.014
46.014
46.015
46.015
46.014
46.014
46.015
46.016
46.012
46.016
46.015
46.016
46.014
46.016
46.015
46.015
46.014
46.015
46.014
46.015
46.018
46.015
46.016
46.015
46.015
46.013
46.014
46.012
46.015
46.014
46.014
46.014
46.013
46.014
46.016
46.015
46.015
46.015
46.014
46.014
46.015
46.012
46.015
46.015
46.015
46.016
46.015
46.013
46.014
46.015
46.016
46.013
46.015
46.014
46.014
46.013
46.017
46.012
46.015
46.014
46.013
46.015
46.014
46.015
46.015
46.015
46.014
46.015
46.015
46.013
46.014
46.014
46.013
46.017
46.015
46.014
46.014
46.013
46.015
46.014
46.014
46.013
46.013
46.016
46.016
46.015
46.015
46.014
46.015
46.016
46.016
46.015
46.012
46.016
46.014
46.013
46.016
46.013
46.015
46.016
46.014
46.014
46.013
46.014
46.017
46.012
46.015
46.014
46.015
46.015
46.014
46.013
46.015
46.015
46.015
46.016
46.015
46.014
46.014
46.015
46.013
46.016
46.014
46.014
46.014
46.014
46.012
46.013
46.016
46.013
46.013
46.014
46.015
46.017
46.014
46.015
46.013
46.016
46.014
46.017
46.015
46.014
46.015
46.014
46.015
46.017
46.014
46.015
46.013
46.015
46.015
46.015
46.014
46.015
46.013
46.012
46.013
46.014
46.014
46.012
46.015
46.013
46.014
46.014
46.013
46.016
46.015
46.017
46.014
46.014
46.015
46.014
46.011
46.015
46.016
46.016
46.013
46.015
46.015
46.015
46.014
46.015
46.013
46.014
46.015
46.014
46.018
46.015
46.013
46.012
46.013
46.013
46.014
46.013
46.016
46.014
46.013
46.014
46.014
46.014
46.016
46.014
46.014
46.015
46.014
46.016
46.014
46.013
46.013
46.014
46.016
46.013
46.016
46.013
46.014
46.015
46.013
46.015
46.013
46.016
46.015
46.017
46.015
46.015
46.013
46.016
46.016
46.015
46.012
46.015
46.013
46.013
46.015
46.014
46.015
46.015
46.014
46.014
46.014
46.013
46.016
46.012
46.014
46.015
46.016
46.014
46.014
46.014
46.014
46.014
46.014
46.015
46.013
46.015
46.016
46.014
46.015
46.014
46.013
46.016
46.016
46.018
46.014
46.013
46.013
46.015
46.015
46.015
46.014
46.014
46.015
46.013
46.012
46.015
46.013
46.015
46.013
46.014
46.012
46.013
46.014
46.014
46.016
46.017
46.012
46.015
46.014
46.014
46.015
46.016
46.015
46.016
46.017
46.016
46.015
46.015
46.015
46.014
46.014
46.015
46.013
46.014
46.014
46.016
46.014
46.014
46.016
46.014
46.014
46.013
46.016
46.016
46.015
46.014
46.014
46.014
46.013
46.015
46.015
46.015
46.012
46.015
46.012
46.016
46.018
46.013
46.013
46.015
46.013
46.013
46.016
46.014
46.016
46.016
46.014
46.018
46.014
46.014
46.014
46.014
46.016
46.015
46.014
46.015
46.014
46.015
46.014
46.016
46.013
46.014
46.014
46.015
46.017
46.013
46.016
46.013
46.016
46.014
46.015
46.014
46.014
46.013
46.016
46.016
46.016
46.016
46.013
46.014
46.014
46.013
46.013
46.015
46.015
46.016
46.013
46.014
46.014
46.016
46.015
46.016
46.016
46.016
46.015
46.015
46.016
46.012
46.015
