3.981
4.244
4.522
4.816
5.128
5.456
5.803
6.168
6.553
6.958
7.383
7.830
8.297
8.786
9.297
9.830
10.386
10.963
11.563
12.184
12.826
13.489
14.172
14.875
15.595
16.333
17.087
17.855
18.636
19.429
20.231
21.042
21.858
22.678
23.500
24.322
25.142
25.958
26.769
27.571
28.364
29.145
29.913
30.667
31.405
32.125
32.828
33.511
34.174
34.816
35.437
36.037
36.614
37.170
37.703
38.214
38.703
39.170
39.617
40.042
40.447
40.832
41.197
41.544
41.872
42.184
42.478
42.756
43.019
43.266
43.500
43.720
43.927
44.122
44.306
44.478
44.640
44.792
44.935
45.069
45.194
45.312
45.422
45.526
45.622
45.713
45.798
45.877
45.951
46.021
46.086
46.146
46.203
46.256
46.306
46.352
46.395
46.436
46.473
46.509
46.541
46.572
46.601
46.628
46.653
46.676
46.698
46.718
46.737
46.755
46.771
46.787
46.801
46.814
46.827
46.839
46.849
46.860
46.869
46.878
46.886
46.894
46.901
46.908
46.914
46.920
46.925
46.930
46.935
46.939
46.943
46.947
46.951
46.954
46.957
46.960
46.963
46.965
46.968
46.970
46.972
46.974
46.976
46.977
46.979
46.980
46.982
46.983
46.984
46.985
46.986
46.987
46.988
46.989
46.989
46.990
46.991
46.991
46.992
46.993
46.993
46.994
46.994
46.994
46.995
46.995
46.995
46.996
46.996
46.996
46.997
46.997
46.997
46.997
46.997
46.998
46.998
46.998
46.998
46.998
46.998
46.998
46.999
46.999
46.999
46.999
46.999
46.999
46.999
46.999
46.999
46.999
46.999
46.999
46.999
46.999
46.999
46.999
47.000
47.000
47.000
47.000
47.000
47.000
47.000
47.000
47.000
47.000
47.000
47.000
47.000
47.000
47.000
47.000
47.000
47.000
47.000
47.000
47.000
47.000
47.000
47.000
47.000
47.000
47.000
47.000
47.000
47.000
47.000
47.000
47.000
47.000
47.000
47.000
47.000
47.000
47.000
47.000
47.000
47.000
47.000
47.000
47.000
47.000
47.000
47.000
47.000
47.000
47.000
47.000
47.000
47.000
47.000
47.000
47.000
47.000
47.000
47.000
47.000
47.000
47.000
47.000
47.000
47.000
47.000
47.000
47.000
47.000
47.000
47.000
47.000
47.000
47.000
47.000
47.000
47.000
47.000
47.000
47.000
47.000
47.000
47.000
47.000
47.000
47.000
47.000
47.000
47.000
47.000
47.000
47.000
47.000
47.000
47.000
47.000
47.000
47.000
47.000
47.000
47.000
47.000
47.000
47.000
47.000
47.000
47.000
47.000
47.000
47.000
47.000
47.000
47.000
47.000
47.000
47.000
47.000
47.000
47.000
47.000
47.000
47.000
47.000
47.000
47.000
47.000
47.000
47.000
47.000
47.000
47.000
47.000
47.000
47.000
47.000
47.000
47.000
47.000
47.000
47.000
47.000
47.000
47.000
47.000
47.000
47.000
47.000
47.000
47.000
47.000
47.000
47.000
47.000
47.000
47.000
47.000
47.000
47.000
47.000
47.000
47.000
47.000
47.000
47.000
47.000
47.000
47.000
47.000
47.000
47.000
47.000
47.000
47.000
47.000
47.000
47.000
47.000
47.000
47.000
47.000
47.000
47.000
47.000
47.000
47.000
47.000
47.000
47.000
47.000
47.000
47.000
47.000
47.000
47.000
47.000
47.000
47.000
47.000
47.000
47.000
47.000
47.000
47.000
47.000
47.000
47.000
47.000
47.000
47.000
47.000
47.000
47.000
47.000
47.000
47.000
47.000
47.000
47.000
47.000
47.000
47.000
47.000
47.000
47.000
47.000
47.000
47.000
47.000
47.000
47.000
47.000
47.000
47.000
47.000
47.000
47.000
47.000
47.000
47.000
47.000
47.000
47.000
47.000
47.000
47.000
47.000
47.000
47.000
47.000
47.000
47.000
47.000
47.000
47.000
47.000
47.000
47.000
47.000
47.000
47.000
47.000
47.000
47.000
47.000
47.000
47.000
47.000
47.000
47.000
47.000
47.000
47.000
47.000
47.000
47.000
47.000
47.000
47.000
47.000
47.000
47.000
47.000
47.000
47.000
47.000
47.000
47.000
47.000
47.000
47.000
47.000
47.000
47.000
47.000
47.000
47.000
47.000
47.000
47.000
47.000
47.000
47.000
47.000
47.000
47.000
47.000
47.000
47.000
47.000
47.000
47.000
47.000
47.000
47.000
47.000
47.000
47.000
47.000
47.000
47.000
47.000
47.000
47.000
47.000
47.000
47.000
47.000
47.000
47.000
47.000
47.000
47.000
47.000
47.000
47.000
47.000
47.000
47.000
47.000
47.000
47.000
47.000
47.000
47.000
47.000
47.000
47.000
47.000
47.000
47.000
47.000
47.000
47.000
47.000
47.000
47.000
47.000
47.000
47.000
47.000
47.000
47.000
47.000
47.000
47.000
47.000
47.000
47.000
47.000
47.000
47.000
47.000
47.000
47.000
47.000
47.000
47.000
47.000
47.000
47.000
47.000
47.000
47.000
47.000
47.000
47.000
47.000
47.000
47.000
47.000
47.000
47.000
47.000
47.000
47.000
47.000
47.000
47.000
47.000
47.000
47.000
47.000
47.000
47.000
47.000
47.000
47.000
47.000
47.000
47.000
47.000
47.000
47.000
47.000
47.000
47.000
47.000
47.000
47.000
47.000
47.000
47.000
47.000
47.000
47.000
47.000
47.000
47.000
47.000
47.000
47.000
47.000
47.000
47.000
47.000
47.000
47.000
47.000
47.000
47.000
47.000
47.000
47.000
47.000
47.000
47.000
47.000
47.000
47.000
47.000
47.000
47.000
47.000
47.000
47.000
47.000
47.000
47.000
47.000
47.000
47.000
47.000
47.000
47.000
47.000
47.000
47.000
47.000
47.000
47.000
47.000
47.000
47.000
47.000
47.000
47.000
47.000
47.000
47.000
47.000
47.000
47.000
47.000
47.000
47.000
47.000
47.000
47.000
47.000
47.000
47.000
47.000
47.000
47.000
47.000
47.000
47.000
47.000
47.000
47.000
47.000
47.000
47.000
47.000
47.000
47.000
47.000
47.000
47.000
47.000
47.000
47.000
47.000
47.000
47.000
47.000
47.000
47.000
47.000
47.000
47.000
47.000
47.000
47.000
47.000
47.000
47.000
47.000
47.000
47.000
47.000
47.000
47.000
47.000
47.000
47.000
47.000
47.000
47.000
47.000
47.000
47.000
47.000
47.000
47.000
47.000
47.000
47.000
47.000
47.000
47.000
47.000
47.000
47.000
47.000
47.000
47.000
47.000
47.000
47.000
47.000
47.000
47.000
47.000
47.000
47.000
47.000
47.000
47.000
47.000
47.000
47.000
47.000
47.000
47.000
47.000
47.000
47.000
47.000
47.000
47.000
47.000
47.000
47.000
47.000
47.000
47.000
47.000
47.000
47.000
47.000
47.000
47.000
47.000
47.000
47.000
47.000
47.000
47.000
47.000
47.000
47.000
47.000
47.000
47.000
47.000
47.000
47.000
47.000
47.000
47.000
47.000
47.000
47.000
47.000
47.000
47.000
47.000
47.000
47.000
47.000
47.000
47.000
47.000
47.000
47.000
47.000
47.000
47.000
47.000
47.000
47.000
47.000
47.000
47.000
47.000
47.000
47.000
47.000
47.000
47.000
47.000
47.000
47.000
47.000
47.000
47.000
47.000
47.000
47.000
47.000
47.000
47.000
47.000
47.000
47.000
47.000
47.000
47.000
47.000
47.000
47.000
47.000
47.000
47.000
47.000
47.000
47.000
47.000
47.000
47.000
47.000
47.000
47.000
47.000
47.000
47.000
47.000
47.000
47.000
47.000
47.000
47.000
47.000
47.000
47.000
47.000
47.000
47.000
47.000
47.000
47.000
47.000
47.000
47.000
47.000
47.000
47.000
47.000
47.000
47.000
47.000
47.000
47.000
47.000
47.000
47.000
47.000
47.000
47.000
47.000
47.000
47.000
47.000
47.000
47.000
47.000
47.000
47.000
47.000
47.000
47.000
47.000
47.000
47.000
47.000
47.000
47.000
47.000
47.000
47.000
47.000
47.000
47.000
47.000
47.000
47.000
47.000
47.000
47.000
47.000
47.000
47.000
47.000
47.000
47.000
47.000
47.000
47.000
47.000
47.000
47.000
47.000
47.000
47.000
47.000
47.000
47.000
47.000
47.000
47.000
47.000
47.000
47.000
47.000
47.000
47.000
47.000
47.000
47.000
47.000
47.000
47.000
47.000
47.000
47.000
47.000
47.000
47.000
47.000
47.000
47.000
47.000
47.000
47.000
47.000
47.000
47.000
47.000
47.000
47.000
47.000
47.000
47.000
47.000
47.000
47.000
47.000
47.000
47.000
47.000
47.000
47.000
47.000
47.000
47.000
47.000
47.000
47.000
47.000
47.000
47.000
47.000
47.000
47.000
47.000
47.000
47.000
47.000
47.000
47.000
47.000
47.000
47.000
47.000
