7.460
7.493
7.448
7.485
8.955
8.963
8.959
8.991
10.871
10.871
10.922
10.921
13.275
13.276
13.307
13.303
16.163
16.147
16.157
16.146
19.402
19.396
19.402
19.401
22.884
22.884
22.889
22.884
26.417
26.412
26.404
26.396
29.741
29.738
29.748
29.744
32.753
32.761
32.752
32.750
35.336
35.349
35.329
35.347
37.464
37.469
37.470
37.477
39.197
39.184
39.183
39.184
40.540
40.541
40.546
40.548
41.619
41.632
41.620
41.621
42.484
42.486
42.491
42.480
45.341
45.346
45.343
45.344
45.343
45.347
45.342
45.338
45.342
45.345
45.341
45.345
45.340
45.347
45.344
45.340
45.344
45.345
45.342
45.345
45.340
45.342
45.342
45.343
45.340
45.346
45.344
45.343
45.341
45.345
45.340
45.342
45.342
45.346
45.343
45.343
45.346
45.345
45.343
45.341
45.344
45.345
45.347
45.345
45.339
45.344
45.340
45.344
45.345
45.343
45.343
45.342
45.344
45.341
45.340
45.343
45.342
45.343
45.343
45.343
46.908
46.908
46.908
46.912
46.907
46.912
46.913
46.913
46.913
46.911
46.914
46.908
46.912
46.907
46.910
46.909
46.909
46.911
46.912
46.910
46.910
46.913
46.913
46.911
46.914
46.910
46.913
46.913
46.912
46.911
46.910
46.911
46.908
46.909
46.910
46.911
46.912
46.910
46.909
46.910
46.912
46.911
46.911
46.909
46.909
46.909
46.910
46.914
46.912
46.914
46.913
46.913
46.909
46.911
46.910
46.910
46.912
46.910
46.911
46.912
47.215
47.219
47.217
47.218
47.221
47.218
47.217
47.219
47.216
47.217
47.216
47.220
47.216
47.218
47.221
47.221
47.221
47.218
47.219
47.218
47.220
47.218
47.216
47.220
47.220
47.218
47.217
47.222
47.217
47.217
47.219
47.220
47.219
47.219
47.220
47.218
47.218
47.214
47.220
47.220
47.221
47.222
47.216
47.218
47.218
47.219
47.216
47.220
47.219
47.216
47.221
47.217
47.215
47.221
47.220
47.220
47.217
47.219
47.221
47.221
47.297
47.296
47.294
47.295
47.294
47.294
47.296
47.294
47.296
47.295
47.298
47.295
47.295
47.294
47.298
47.296
47.297
47.296
47.296
47.299
47.294
47.299
47.297
47.295
47.298
47.298
47.295
47.291
47.297
47.297
47.292
47.298
47.293
47.295
47.296
47.293
47.296
47.297
47.299
47.293
47.294
47.293
47.293
47.295
47.292
47.295
47.297
47.298
47.296
47.296
47.298
47.297
47.295
47.297
47.294
47.297
47.296
47.295
47.295
47.294
47.318
47.315
47.319
47.318
47.317
47.314
47.318
47.316
47.314
47.314
47.315
47.318
47.318
47.313
47.318
47.321
47.318
47.319
47.317
47.317
47.314
47.317
47.317
47.321
47.317
47.318
47.317
47.316
47.314
47.316
47.320
47.314
47.316
47.316
47.314
47.317
47.318
47.317
47.318
47.317
47.317
47.317
47.319
47.316
47.318
47.315
47.320
47.317
47.317
47.319
47.320
47.318
47.315
47.314
47.313
47.317
47.320
47.315
47.315
47.316
47.321
47.325
47.322
47.324
47.325
47.325
47.326
47.325
47.325
47.322
47.321
47.321
47.324
47.323
47.321
47.323
47.321
47.323
47.323
47.322
47.322
47.324
47.325
47.324
47.322
47.325
47.320
47.326
47.322
47.319
47.319
47.322
47.325
47.327
47.319
47.324
47.326
47.326
47.321
47.322
47.321
47.323
47.323
47.325
47.325
47.321
47.322
47.323
47.324
47.323
47.321
47.323
47.325
47.322
47.323
47.325
47.320
47.323
47.323
47.320
47.325
47.325
47.326
47.323
47.323
47.326
47.322
47.324
47.325
47.327
47.327
47.325
47.324
47.324
47.327
47.321
47.326
47.325
47.326
47.325
47.326
47.324
47.325
47.325
47.327
47.327
47.324
47.323
47.324
47.327
47.325
47.327
47.327
47.328
47.326
47.321
47.322
47.322
47.325
47.326
47.328
47.323
47.325
47.329
47.328
47.327
47.323
47.325
47.326
47.327
47.326
47.323
47.322
47.325
47.325
47.325
47.325
47.323
47.324
47.321
47.324
47.325
47.326
47.325
47.322
47.326
47.325
47.324
47.323
47.328
47.323
47.324
47.326
47.325
47.326
47.325
47.322
47.324
47.326
47.326
47.324
47.329
47.329
47.324
47.323
47.327
47.327
47.329
47.323
47.325
47.323
47.324
47.324
47.325
47.325
47.324
47.321
47.325
47.328
47.327
47.324
47.324
47.328
47.326
47.325
47.325
47.324
47.325
47.325
47.327
47.323
47.325
47.324
47.324
47.321
47.325
47.324
47.329
47.327
47.326
47.323
47.320
47.323
47.325
47.326
47.326
47.326
47.323
47.325
47.328
47.329
47.329
47.323
47.322
47.324
47.325
47.323
47.325
47.322
47.327
47.322
47.323
47.327
47.329
47.325
47.325
47.324
47.325
47.322
47.323
47.325
47.324
47.326
47.325
47.327
47.323
47.325
47.323
47.328
47.327
47.327
47.326
47.325
47.329
47.322
47.325
47.325
47.324
47.325
47.325
47.325
47.328
47.327
47.323
47.327
47.324
47.325
47.327
47.326
47.322
47.327
47.328
47.326
47.326
47.325
47.324
47.324
47.328
47.326
47.324
47.321
47.328
47.323
47.324
47.323
47.327
47.327
47.326
47.327
47.323
47.321
47.327
47.324
47.322
47.327
47.324
47.324
47.323
47.328
47.324
47.327
47.326
47.325
47.326
47.323
47.323
47.322
47.326
47.326
47.326
47.329
47.322
47.322
47.322
47.329
47.322
47.327
47.321
47.324
47.323
47.327
47.327
47.328
47.321
47.324
47.325
47.329
47.329
47.323
47.324
47.327
47.327
47.324
47.324
47.323
47.326
47.329
47.324
47.324
47.327
47.327
47.328
47.322
47.324
47.324
47.328
47.326
47.325
47.326
47.326
47.323
47.329
47.327
47.323
47.325
47.326
47.322
47.325
47.328
47.326
47.325
47.324
47.326
47.324
47.329
47.323
47.326
47.328
47.323
47.326
47.323
47.322
47.325
47.324
47.327
47.328
47.327
47.323
47.326
47.324
47.324
47.329
47.329
47.327
47.328
47.329
47.324
47.325
47.327
47.327
47.324
47.325
47.325
47.325
47.328
47.325
47.324
47.325
47.329
47.325
47.324
47.324
47.329
47.327
47.323
47.323
47.329
47.328
47.327
47.325
47.322
47.324
47.323
47.324
47.328
47.322
47.325
47.325
47.328
47.324
47.323
47.323
47.328
47.326
47.326
47.324
47.326
47.322
47.325
47.325
47.326
47.326
47.323
47.327
47.323
47.325
47.325
47.325
47.325
47.324
47.324
47.327
47.327
47.328
47.329
47.327
47.326
47.323
47.323
47.327
47.323
47.325
47.325
47.324
47.324
47.324
47.327
47.327
47.329
47.324
47.327
47.329
47.326
47.326
47.323
47.325
47.324
47.323
47.325
47.324
47.328
47.326
47.325
47.323
47.324
47.324
47.325
47.323
47.328
47.323
47.327
47.324
47.327
47.326
47.326
47.329
47.328
47.329
47.327
47.323
47.323
47.325
47.327
47.326
47.324
47.323
47.330
47.323
47.327
47.324
47.326
47.323
47.326
47.326
47.328
47.328
47.329
47.325
47.325
47.325
47.327
47.325
47.328
47.322
47.324
47.322
47.325
47.326
47.324
47.330
47.326
47.326
47.326
47.323
47.327
47.327
47.327
47.322
47.326
47.326
47.325
47.323
47.322
47.323
47.326
47.325
47.325
47.324
47.328
47.326
47.326
47.326
47.325
47.324
47.325
47.326
47.325
47.328
47.328
47.323
47.324
47.325
47.326
47.327
47.324
47.326
47.324
47.323
47.324
47.323
47.326
47.326
47.323
47.322
47.326
47.324
47.326
47.325
47.328
47.323
47.323
47.329
47.327
47.327
47.325
47.330
47.326
47.325
47.328
47.321
47.327
47.323
47.323
47.323
47.325
47.326
47.324
47.326
47.325
47.327
47.325
47.328
47.324
47.327
47.325
47.328
47.325
47.322
47.325
47.323
47.328
47.324
47.325
47.325
47.327
47.326
47.327
47.325
47.322
47.322
47.327
47.327
47.322
47.325
47.325
47.325
47.325
47.323
47.323
47.325
47.323
47.323
47.325
47.328
47.328
47.321
47.321
47.325
47.323
47.325
47.328
47.326
47.325
47.326
47.326
47.323
47.324
47.325
47.323
47.326
47.326
47.325
47.323
47.328
47.327
47.329
47.328
47.324
47.326
47.328
47.326
47.328
47.323
47.323
47.325
47.321
47.325
47.325
47.326
47.323
47.324
47.323
47.323
47.323
47.324
47.325
47.325
47.327
47.328
47.326
47.329
47.324
47.324
47.326
47.330
47.325
47.321
47.328
47.323
47.327
47.323
47.324
47.325
47.325
47.330
47.322
47.328
47.325
47.325
47.325
