0.989
1.112
1.250
1.405
1.578
1.771
1.988
2.229
2.498
2.798
3.131
3.500
3.909
4.361
4.860
5.408
6.009
6.667
7.383
8.161
9.003
9.908
10.879
11.915
13.013
14.172
15.387
16.654
17.966
19.315
20.693
22.092
23.500
24.908
26.307
27.685
29.034
30.346
31.613
32.828
33.987
35.085
36.121
37.092
37.997
38.839
39.617
40.333
40.991
41.592
42.140
42.639
43.091
43.500
43.869
44.202
44.502
44.771
45.012
45.229
45.422
45.595
45.750
45.888
46.011
46.121
46.219
46.306
46.383
46.452
46.513
46.568
46.616
46.659
46.698
46.732
46.762
46.789
46.812
46.834
46.852
46.869
46.884
46.897
46.909
46.919
46.928
46.936
46.943
46.950
46.955
46.960
46.965
46.969
46.972
46.976
46.978
46.981
46.983
46.985
46.987
46.988
46.989
46.991
46.992
46.993
46.993
46.994
46.995
46.995
46.996
46.996
46.997
46.997
46.997
46.998
46.998
46.998
46.998
46.999
46.999
46.999
46.999
46.999
46.999
46.999
46.999
46.999
47.000
47.000
47.000
47.000
47.000
47.000
47.000
47.000
47.000
47.000
47.000
47.000
47.000
47.000
47.000
47.000
47.000
47.000
47.000
47.000
47.000
47.000
47.000
47.000
47.000
47.000
47.000
47.000
47.000
47.000
47.000
47.000
47.000
47.000
47.000
47.000
47.000
47.000
47.000
47.000
47.000
47.000
47.000
47.000
47.000
47.000
47.000
47.000
47.000
47.000
47.000
47.000
47.000
47.000
47.000
47.000
47.000
47.000
47.000
47.000
47.000
47.000
47.000
47.000
47.000
47.000
47.000
47.000
47.000
47.000
47.000
47.000
47.000
47.000
47.000
47.000
47.000
47.000
47.000
47.000
47.000
47.000
47.000
47.000
47.000
47.000
47.000
47.000
47.000
47.000
47.000
47.000
47.000
47.000
47.000
47.000
47.000
47.000
47.000
47.000
47.000
47.000
47.000
47.000
47.000
47.000
47.000
47.000
47.000
47.000
47.000
47.000
47.000
47.000
47.000
47.000
47.000
47.000
47.000
47.000
47.000
47.000
47.000
47.000
47.000
47.000
47.000
47.000
47.000
47.000
47.000
47.000
47.000
47.000
47.000
47.000
47.000
47.000
47.000
47.000
47.000
47.000
47.000
47.000
47.000
47.000
47.000
47.000
47.000
47.000
47.000
47.000
47.000
47.000
47.000
47.000
47.000
47.000
47.000
47.000
47.000
47.000
47.000
47.000
47.000
47.000
47.000
47.000
47.000
47.000
47.000
47.000
47.000
47.000
47.000
47.000
47.000
47.000
47.000
47.000
47.000
47.000
47.000
47.000
47.000
47.000
47.000
47.000
47.000
47.000
47.000
47.000
47.000
47.000
47.000
47.000
47.000
47.000
47.000
47.000
47.000
47.000
47.000
47.000
47.000
47.000
47.000
47.000
47.000
47.000
47.000
47.000
47.000
47.000
47.000
47.000
47.000
47.000
47.000
47.000
47.000
47.000
47.000
47.000
47.000
47.000
47.000
47.000
47.000
47.000
47.000
47.000
47.000
47.000
47.000
47.000
47.000
47.000
47.000
47.000
47.000
47.000
47.000
47.000
47.000
47.000
47.000
47.000
47.000
47.000
47.000
47.000
47.000
47.000
47.000
47.000
47.000
47.000
47.000
47.000
47.000
47.000
47.000
47.000
47.000
47.000
47.000
47.000
47.000
47.000
47.000
47.000
47.000
47.000
47.000
47.000
47.000
47.000
47.000
47.000
47.000
47.000
47.000
47.000
47.000
47.000
47.000
47.000
47.000
47.000
47.000
47.000
47.000
47.000
47.000
47.000
47.000
47.000
47.000
47.000
47.000
47.000
47.000
47.000
47.000
47.000
47.000
47.000
47.000
47.000
47.000
47.000
47.000
47.000
47.000
47.000
47.000
47.000
47.000
47.000
47.000
47.000
47.000
47.000
47.000
47.000
47.000
47.000
47.000
47.000
47.000
47.000
47.000
47.000
47.000
47.000
47.000
47.000
47.000
47.000
47.000
47.000
47.000
47.000
47.000
47.000
47.000
47.000
47.000
47.000
47.000
47.000
47.000
47.000
47.000
47.000
47.000
47.000
47.000
47.000
47.000
47.000
47.000
47.000
47.000
47.000
47.000
47.000
47.000
47.000
47.000
47.000
47.000
47.000
47.000
47.000
47.000
47.000
47.000
47.000
47.000
47.000
47.000
47.000
47.000
47.000
47.000
47.000
47.000
47.000
47.000
47.000
47.000
47.000
47.000
47.000
47.000
47.000
47.000
47.000
47.000
47.000
47.000
47.000
47.000
47.000
47.000
47.000
47.000
47.000
47.000
47.000
47.000
47.000
47.000
47.000
47.000
47.000
47.000
47.000
47.000
47.000
47.000
47.000
47.000
47.000
47.000
47.000
47.000
47.000
47.000
47.000
47.000
47.000
47.000
47.000
47.000
47.000
47.000
47.000
47.000
47.000
47.000
47.000
47.000
47.000
47.000
47.000
47.000
47.000
47.000
47.000
47.000
47.000
47.000
47.000
47.000
47.000
47.000
47.000
47.000
47.000
47.000
47.000
47.000
47.000
47.000
47.000
47.000
47.000
47.000
47.000
47.000
47.000
47.000
47.000
47.000
47.000
47.000
47.000
47.000
47.000
47.000
47.000
47.000
47.000
47.000
47.000
47.000
47.000
47.000
47.000
47.000
47.000
47.000
47.000
47.000
47.000
47.000
47.000
47.000
47.000
47.000
47.000
47.000
47.000
47.000
47.000
47.000
47.000
47.000
47.000
47.000
47.000
47.000
47.000
47.000
47.000
47.000
47.000
47.000
47.000
47.000
47.000
47.000
47.000
47.000
47.000
47.000
47.000
47.000
47.000
47.000
47.000
47.000
47.000
47.000
47.000
47.000
47.000
47.000
47.000
47.000
47.000
47.000
47.000
47.000
47.000
47.000
47.000
47.000
47.000
47.000
47.000
47.000
47.000
47.000
47.000
47.000
47.000
47.000
47.000
47.000
47.000
47.000
47.000
47.000
47.000
47.000
47.000
47.000
47.000
47.000
47.000
47.000
47.000
47.000
47.000
47.000
47.000
47.000
47.000
47.000
47.000
47.000
47.000
47.000
47.000
47.000
47.000
47.000
47.000
47.000
47.000
47.000
47.000
47.000
47.000
47.000
47.000
47.000
47.000
47.000
47.000
47.000
47.000
47.000
47.000
47.000
47.000
47.000
47.000
47.000
47.000
47.000
47.000
47.000
47.000
47.000
47.000
47.000
47.000
47.000
47.000
47.000
47.000
47.000
47.000
47.000
47.000
47.000
47.000
47.000
47.000
47.000
47.000
47.000
47.000
47.000
47.000
47.000
47.000
47.000
47.000
47.000
47.000
47.000
47.000
47.000
47.000
47.000
47.000
47.000
47.000
47.000
47.000
47.000
47.000
47.000
47.000
47.000
47.000
47.000
47.000
47.000
47.000
47.000
47.000
47.000
47.000
47.000
47.000
47.000
47.000
47.000
47.000
47.000
47.000
47.000
47.000
47.000
47.000
47.000
47.000
47.000
47.000
47.000
47.000
47.000
47.000
47.000
47.000
47.000
47.000
47.000
47.000
47.000
47.000
47.000
47.000
47.000
47.000
47.000
47.000
47.000
47.000
47.000
47.000
47.000
47.000
47.000
47.000
47.000
47.000
47.000
47.000
47.000
47.000
47.000
47.000
47.000
47.000
47.000
47.000
47.000
47.000
47.000
47.000
47.000
47.000
47.000
47.000
47.000
47.000
47.000
47.000
47.000
47.000
47.000
47.000
47.000
47.000
47.000
47.000
47.000
47.000
47.000
47.000
47.000
47.000
47.000
47.000
47.000
47.000
47.000
47.000
47.000
47.000
47.000
47.000
47.000
47.000
47.000
47.000
47.000
47.000
47.000
47.000
47.000
47.000
47.000
47.000
47.000
47.000
47.000
47.000
47.000
47.000
47.000
47.000
47.000
47.000
47.000
47.000
47.000
47.000
47.000
47.000
47.000
47.000
47.000
47.000
47.000
47.000
47.000
47.000
47.000
47.000
47.000
47.000
47.000
47.000
47.000
47.000
47.000
47.000
47.000
47.000
47.000
47.000
47.000
47.000
47.000
47.000
47.000
47.000
47.000
47.000
47.000
47.000
47.000
47.000
47.000
47.000
47.000
47.000
47.000
47.000
47.000
47.000
47.000
47.000
47.000
47.000
47.000
47.000
47.000
47.000
47.000
47.000
47.000
47.000
47.000
47.000
47.000
47.000
47.000
47.000
47.000
47.000
47.000
47.000
47.000
47.000
47.000
47.000
47.000
47.000
47.000
47.000
47.000
47.000
47.000
47.000
47.000
47.000
47.000
47.000
47.000
47.000
47.000
47.000
47.000
47.000
47.000
47.000
47.000
47.000
47.000
47.000
47.000
47.000
47.000
47.000
47.000
47.000
47.000
47.000
47.000
47.000
47.000
47.000
47.000
47.000
47.000
47.000
