6.985
7.334
7.624
8.026
8.353
8.765
9.193
9.678
10.113
10.628
11.213
11.787
12.352
12.985
13.674
14.363
15.088
15.820
16.602
17.392
18.222
19.051
19.909
20.778
21.655
22.545
23.438
24.323
25.225
26.106
26.969
27.820
28.662
29.482
30.301
31.078
31.833
32.569
33.266
33.943
34.597
35.229
35.797
36.379
36.899
37.413
37.891
38.351
38.786
39.181
39.561
39.922
40.254
40.578
40.886
41.172
41.435
41.702
41.931
42.158
42.377
42.581
42.776
42.948
43.120
43.286
43.443
43.593
43.731
43.871
43.992
44.111
44.228
44.338
44.443
44.544
44.641
44.733
44.822
44.905
44.987
45.068
45.139
45.215
45.279
45.347
45.412
45.475
45.529
45.590
45.644
45.699
45.748
45.800
45.845
45.893
45.938
45.984
46.023
46.061
46.104
46.142
46.176
46.210
46.248
46.281
46.316
46.346
46.369
46.402
46.429
46.458
46.488
46.511
46.538
46.563
46.590
46.609
46.631
46.653
46.673
46.700
46.718
46.739
46.757
46.772
46.789
46.814
46.825
46.848
46.864
46.879
46.895
46.911
46.929
46.936
46.952
46.962
46.980
46.991
47.001
47.016
47.031
47.039
47.051
47.062
47.075
47.085
47.096
47.102
47.116
47.125
47.132
47.141
47.152
47.158
47.167
47.175
47.183
47.193
47.201
47.206
47.214
47.221
47.231
47.234
47.240
47.247
47.254
47.260
47.267
47.274
47.278
47.284
47.291
47.296
47.298
47.305
47.312
47.316
47.320
47.325
47.330
47.335
47.332
47.344
47.343
47.349
47.355
47.357
47.358
47.364
47.365
47.372
47.373
47.376
47.377
47.382
47.388
47.394
47.395
47.396
47.401
47.400
47.405
47.407
47.409
47.416
47.412
47.416
47.420
47.426
47.422
47.426
47.431
47.433
47.437
47.438
47.437
47.440
47.442
47.439
47.447
47.447
47.449
47.451
47.450
47.456
47.453
47.459
47.458
47.463
47.464
47.462
47.466
47.466
47.464
47.469
47.471
47.469
47.470
47.474
47.477
47.474
47.477
47.473
47.476
47.476
47.477
47.479
47.483
47.484
47.485
47.483
47.486
47.487
47.485
47.487
47.493
47.487
47.493
47.491
47.494
47.494
47.494
47.495
47.496
47.493
47.499
47.499
47.495
47.496
47.498
47.498
47.498
47.504
47.501
47.503
47.503
47.501
47.504
47.506
47.507
47.502
47.506
47.503
47.503
47.509
47.505
47.507
47.509
47.509
47.510
47.510
47.511
47.515
47.511
47.513
47.510
47.514
47.513
47.507
47.511
47.510
47.514
47.512
47.517
47.515
47.515
47.513
47.517
47.513
47.513
47.514
47.514
47.520
47.516
47.512
47.518
47.518
47.518
47.517
47.518
47.517
47.519
47.517
47.516
47.522
47.516
47.519
47.519
47.517
47.519
47.517
47.522
47.517
47.519
47.520
47.517
47.522
47.523
47.519
47.520
47.518
47.520
47.523
47.524
47.518
47.524
47.521
47.524
47.524
47.522
47.525
47.525
47.524
47.519
47.521
47.522
47.525
47.525
47.522
47.521
47.523
47.522
47.524
47.524
47.524
47.525
47.526
47.529
47.524
47.526
47.526
47.521
47.526
47.526
47.526
47.522
47.524
47.524
47.527
47.524
47.526
47.524
47.524
47.529
47.527
47.524
47.524
47.523
47.524
47.524
47.522
47.520
47.525
47.527
47.526
47.523
47.525
47.528
47.529
47.522
47.525
47.523
47.529
47.528
47.527
47.528
47.526
47.523
47.530
47.523
47.529
47.523
47.522
47.528
47.525
47.525
47.527
47.523
47.528
47.527
47.523
47.529
47.528
47.529
47.526
47.529
47.529
47.525
47.525
47.529
47.529
47.528
47.527
47.525
47.525
47.531
47.527
47.529
47.526
47.526
47.525
47.526
47.524
47.528
47.527
47.526
47.528
47.524
47.527
47.527
47.531
47.526
47.529
47.528
47.531
47.531
47.525
47.523
47.526
47.527
47.528
47.527
47.525
47.527
47.528
47.530
47.528
47.525
47.527
47.527
47.530
47.527
47.524
47.524
47.525
47.527
47.525
47.527
47.526
47.528
47.526
47.527
47.525
47.524
47.527
47.524
47.526
47.526
47.526
47.526
47.528
47.525
47.525
47.525
47.527
47.528
47.524
47.525
47.524
47.531
47.525
47.528
47.529
47.530
47.527
47.527
47.531
47.530
47.533
47.528
47.527
47.524
47.529
47.527
47.527
47.527
47.529
47.524
47.528
47.529
47.528
47.526
47.524
47.531
47.527
47.524
47.532
47.530
47.529
47.528
47.528
47.526
47.527
47.526
47.528
47.524
47.527
47.526
47.530
47.529
47.529
47.526
47.525
47.527
47.526
47.531
47.528
47.526
47.525
47.530
47.530
47.529
47.529
47.525
47.526
47.528
47.526
47.527
47.531
47.525
47.530
47.525
47.527
47.528
47.532
47.525
47.528
47.528
47.528
47.525
47.528
47.528
47.526
47.528
47.527
47.528
47.527
47.527
47.525
47.530
47.527
47.527
47.525
47.528
47.529
47.523
47.523
47.529
47.529
47.527
47.531
47.530
47.530
47.527
47.526
47.529
47.525
47.530
47.528
47.530
47.527
47.531
47.528
47.531
47.531
47.527
47.526
47.529
47.528
47.529
47.527
47.527
47.531
47.526
47.525
47.527
47.529
47.529
47.528
47.530
47.525
47.525
47.530
47.528
47.526
47.529
47.528
47.529
47.528
47.527
47.526
47.528
47.530
47.524
47.529
47.523
47.524
47.525
47.529
47.528
47.531
47.532
47.525
47.525
47.527
47.530
47.524
47.528
47.528
47.528
47.527
47.528
47.529
47.530
47.524
47.528
47.527
47.531
47.530
47.527
47.524
47.529
47.528
47.528
47.525
47.526
47.531
47.531
47.526
47.527
47.526
47.528
47.529
47.527
47.528
47.526
47.530
47.529
47.525
47.530
47.528
47.525
47.528
47.527
47.528
47.529
47.527
47.526
47.525
47.531
47.528
47.526
47.528
47.526
47.530
47.530
47.527
47.529
47.531
47.526
47.529
47.526
47.524
47.528
47.527
47.528
47.526
47.529
47.525
47.529
47.529
47.529
47.532
47.530
47.530
47.532
47.531
47.528
47.528
47.529
47.529
47.529
47.529
47.527
47.529
47.530
47.525
47.525
47.527
47.531
47.527
47.525
47.528
47.531
47.530
47.526
47.527
47.529
47.529
47.529
47.527
47.525
47.529
47.524
47.528
47.529
47.523
47.528
47.528
47.530
47.528
47.525
47.527
47.529
47.526
47.530
47.526
47.530
47.528
47.527
47.529
47.528
47.530
47.527
47.525
47.528
47.527
47.527
47.527
47.527
47.526
47.527
47.527
47.527
47.529
47.532
47.529
47.530
47.525
47.523
47.528
47.525
47.527
47.527
47.526
47.527
47.526
47.526
47.531
47.531
47.529
47.530
47.531
47.530
47.530
47.525
47.525
47.528
47.524
47.526
47.524
47.528
47.529
47.527
47.526
47.528
47.528
47.530
47.525
47.531
47.526
47.530
47.526
47.531
47.527
47.529
47.532
47.530
47.531
47.529
47.527
47.526
47.525
47.529
47.528
47.524
47.526
47.531
47.525
47.528
47.524
47.525
47.526
47.533
47.527
47.531
47.529
47.530
47.526
47.526
47.528
47.531
47.527
47.530
47.525
47.530
47.525
47.528
47.528
47.523
47.531
47.529
47.529
47.527
47.526
47.532
47.528
47.528
47.522
47.528
47.531
47.527
47.527
47.526
47.527
47.530
47.530
47.528
47.524
47.528
47.526
47.530
47.530
47.528
47.526
47.526
47.528
47.526
47.528
47.528
47.527
47.528
47.529
47.529
47.529
47.526
47.529
47.529
47.527
47.526
47.525
47.528
47.529
47.524
47.524
47.529
47.524
47.530
47.527
47.528
47.527
47.523
47.530
47.530
47.528
47.526
47.530
47.527
47.527
47.529
47.525
47.529
47.526
47.526
47.527
47.526
47.527
47.524
47.528
47.524
47.530
47.528
47.527
47.526
47.529
47.525
47.529
47.529
47.525
47.528
47.525
47.530
47.527
47.529
47.525
47.531
47.530
47.529
47.525
47.524
47.525
47.527
47.528
47.523
47.528
47.528
47.529
47.527
47.525
47.529
47.528
47.528
47.525
47.528
47.529
47.531
47.524
47.525
47.527
47.524
47.528
47.527
47.526
47.529
47.527
47.530
47.526
47.527
47.527
47.527
47.525
47.529
47.527
47.525
47.529
47.526
47.530
47.531
47.526
47.526
47.529
47.527
47.531
47.528
47.524
47.530
47.526
47.526
47.527
47.529
47.523
47.526
47.524
47.527
47.524
47.529
47.526
47.527
47.530
47.532
47.529
47.531
47.529
47.526
47.526
47.531
47.526
47.525
47.528
47.526
47.528
47.525
47.525
47.527
47.528
47.529
47.525
47.527
47.525
47.525
47.526
