3.973
4.133
4.366
4.527
4.746
4.990
5.265
5.556
5.786
6.090
6.398
6.759
7.113
7.480
7.907
8.323
8.752
9.203
9.656
10.145
10.641
11.169
11.682
12.218
12.760
13.309
13.867
14.399
14.948
15.523
16.060
16.587
17.101
17.625
18.143
18.613
19.089
19.562
19.993
20.428
20.856
21.238
21.618
21.967
22.300
22.625
22.910
23.202
23.460
23.723
23.954
24.174
24.375
24.575
24.759
24.928
25.083
25.242
25.388
25.521
25.646
25.757
25.868
25.982
26.066
26.158
26.248
26.346
26.426
26.492
26.568
26.623
26.692
26.747
26.815
26.877
26.916
26.971
27.012
27.060
27.096
27.140
27.185
27.228
27.246
27.279
27.310
27.350
27.385
27.416
27.448
27.461
27.502
27.524
27.538
27.568
27.584
27.605
27.629
27.651
27.660
27.694
27.701
27.729
27.735
27.750
27.776
27.793
27.802
27.807
27.824
27.844
27.859
27.877
27.884
27.883
27.912
27.907
27.921
27.943
27.933
27.950
27.955
27.969
27.986
27.975
27.995
28.007
28.010
28.030
28.026
28.036
28.036
28.059
28.062
28.055
28.065
28.089
28.088
28.104
28.083
28.111
28.104
28.113
28.113
28.116
28.134
28.141
28.146
28.139
28.154
28.151
28.145
28.151
28.168
28.178
28.179
28.178
28.171
28.182
28.181
28.193
28.193
28.186
28.197
28.207
28.202
28.212
28.223
28.213
28.219
28.208
28.214
28.233
28.228
28.219
28.243
28.227
28.230
28.240
28.241
28.247
28.246
28.246
28.247
28.252
28.252
28.256
28.264
28.262
28.258
28.272
28.264
28.267
28.263
28.270
28.276
28.264
28.272
28.284
28.271
28.281
28.276
28.289
28.268
28.289
28.273
28.275
28.285
28.298
28.274
28.284
28.292
28.281
28.288
28.285
28.290
28.297
28.294
28.298
28.296
28.292
28.307
28.294
28.293
28.302
28.303
28.295
28.306
28.294
28.308
28.309
28.301
28.306
28.319
28.317
28.314
28.318
28.303
28.327
28.313
28.325
28.308
28.322
28.323
28.312
28.323
28.308
28.310
28.314
28.320
28.308
28.319
28.314
28.316
28.326
28.328
28.315
28.326
28.315
28.324
28.325
28.321
28.316
28.335
28.323
28.317
28.325
28.329
28.328
28.317
28.335
28.321
28.328
28.325
28.310
28.318
28.327
28.320
28.333
28.322
28.333
28.332
28.331
28.326
28.322
28.317
28.332
28.323
28.320
28.322
28.324
28.323
28.326
28.319
28.319
28.333
28.343
28.328
28.331
28.321
28.333
28.338
28.323
28.331
28.325
28.334
28.341
28.332
28.335
28.334
28.327
28.323
28.331
28.343
28.342
28.337
28.325
28.322
28.342
28.329
28.329
28.329
28.335
28.334
28.334
28.342
28.346
28.335
28.334
28.317
28.341
28.330
28.341
28.329
28.335
28.329
28.336
28.344
28.323
28.325
28.339
28.332
28.343
28.335
28.344
28.342
28.345
28.341
28.345
28.341
28.329
28.335
28.337
28.342
28.339
28.344
28.340
28.336
28.341
28.332
28.343
28.346
28.331
28.338
28.333
28.325
28.339
28.333
28.333
28.340
28.332
28.342
28.348
28.333
28.336
28.342
28.329
28.336
28.327
28.325
28.335
28.343
28.334
28.329
28.333
28.349
28.326
28.337
28.339
28.326
28.340
28.335
28.338
28.331
28.343
28.342
28.333
28.326
28.331
28.333
28.340
28.338
28.334
28.324
28.330
28.339
28.341
28.339
28.335
28.333
28.328
28.334
28.335
28.327
28.345
28.347
28.335
28.350
28.332
28.345
28.332
28.332
28.332
28.347
28.329
28.338
28.348
28.343
28.328
28.348
28.330
28.339
28.330
28.336
28.344
28.333
28.342
28.329
28.343
28.328
28.344
28.333
28.338
28.331
28.328
28.346
28.341
28.330
28.330
28.339
28.341
28.340
28.336
28.343
28.341
28.335
28.338
28.343
28.343
28.334
28.347
28.338
28.336
28.336
28.341
28.326
28.340
28.343
28.351
28.333
28.334
28.339
28.338
28.331
28.341
28.333
28.346
28.340
28.331
28.344
28.341
28.346
28.342
28.344
28.338
28.342
28.330
28.348
28.340
28.331
28.338
28.330
28.338
28.329
28.327
28.328
28.340
28.333
28.344
28.340
28.330
28.330
28.336
28.331
28.329
28.333
28.341
28.348
28.347
28.333
28.341
28.336
28.340
28.330
28.344
28.335
28.330
28.346
28.336
28.345
28.346
28.337
28.331
28.345
28.340
28.347
28.339
28.331
28.346
28.331
28.333
28.335
28.329
28.326
28.327
28.349
28.333
28.337
28.342
28.347
28.328
28.329
28.333
28.344
28.334
28.348
28.332
28.349
28.344
28.335
28.333
28.325
28.343
28.334
28.347
28.339
28.330
28.333
28.335
28.331
28.335
28.338
28.342
28.332
28.328
28.339
28.346
28.336
28.341
28.329
28.341
28.334
28.327
28.341
28.341
28.329
28.336
28.332
28.350
28.349
28.332
28.336
28.344
28.334
28.336
28.335
28.338
28.328
28.324
28.326
28.335
28.336
28.330
28.336
28.347
28.346
28.338
28.343
28.345
28.343
28.337
28.344
28.350
28.331
28.328
28.343
28.327
28.326
28.350
28.339
28.350
28.331
28.333
28.334
28.337
28.343
28.328
28.347
28.335
28.328
28.334
28.345
28.339
28.328
28.340
28.346
28.343
28.341
28.348
28.342
28.335
28.334
28.338
28.339
28.323
28.348
28.327
28.346
28.345
28.337
28.334
28.330
28.336
28.338
28.333
28.338
28.342
28.333
28.347
28.330
28.329
28.340
28.337
28.337
28.339
28.340
28.338
28.341
28.344
28.335
28.341
28.341
28.336
28.320
28.346
28.349
28.322
28.346
28.335
28.344
28.344
28.341
28.346
28.341
28.332
28.336
28.338
28.332
28.340
28.332
28.331
28.332
28.348
28.334
28.353
28.340
28.339
28.344
28.347
28.341
28.346
28.338
28.330
28.326
28.331
28.338
28.337
28.331
28.349
28.333
28.345
28.341
28.344
28.341
28.337
28.336
28.348
28.337
28.323
28.344
28.349
28.341
28.331
28.335
28.331
28.327
28.339
28.340
28.332
28.344
28.332
28.328
28.345
28.340
28.344
28.337
28.338
28.325
28.335
28.337
28.340
28.342
28.339
28.334
28.345
28.334
28.336
28.332
28.344
28.338
28.347
28.339
28.342
28.336
28.327
28.342
28.338
28.335
28.339
28.329
28.343
28.330
28.327
28.333
28.328
28.332
28.327
28.350
28.333
28.346
28.330
28.332
28.340
28.341
28.340
28.336
28.353
28.349
28.330
28.332
28.336
28.327
28.332
28.331
28.340
28.329
28.338
28.331
28.332
28.332
28.337
28.331
28.334
28.348
28.335
28.333
28.339
28.346
28.326
28.336
28.337
28.335
28.345
28.335
28.337
28.339
28.340
28.333
28.343
28.345
28.347
28.332
28.325
28.342
28.331
28.329
28.345
28.330
28.336
28.325
28.342
28.344
28.348
28.326
28.331
28.335
28.343
28.337
28.338
28.344
28.336
28.342
28.340
28.346
28.346
28.335
28.343
28.347
28.339
28.343
28.326
28.342
28.332
28.332
28.331
28.338
28.343
28.347
28.322
28.346
28.343
28.339
28.330
28.336
28.340
28.334
28.323
28.350
28.330
28.336
28.338
28.332
28.346
28.335
28.325
28.342
28.346
28.339
28.328
28.335
28.332
28.337
28.352
28.333
28.329
28.332
28.334
28.342
28.352
28.345
28.340
28.339
28.334
28.347
28.336
28.342
28.353
28.329
28.344
28.330
28.328
28.333
28.339
28.335
28.339
28.333
28.332
28.338
28.347
28.333
28.331
28.345
28.336
28.344
28.336
28.331
28.344
28.341
28.344
28.338
28.327
28.332
28.344
28.344
28.333
28.340
28.347
28.337
28.348
28.339
28.347
28.347
28.331
28.334
28.349
28.339
28.340
28.346
28.334
28.329
28.337
28.343
28.331
28.332
28.336
28.332
28.340
28.341
28.335
28.341
28.334
28.333
28.335
28.333
28.332
28.330
28.349
28.342
28.339
28.329
28.345
28.336
28.332
28.336
28.328
28.340
28.335
28.337
28.336
28.339
28.338
28.337
28.344
28.341
28.343
28.348
28.333
28.346
28.331
28.329
28.345
28.337
28.324
28.339
28.351
28.348
28.346
28.334
28.336
28.347
28.329
28.328
28.328
28.333
28.339
28.338
28.339
28.326
28.330
28.345
28.335
28.331
28.330
28.336
28.346
28.335
28.341
28.319
28.334
28.330
28.333
28.333
28.338
28.345
28.334
28.339
28.339
28.334
28.340
28.335
28.347
28.344
28.333
28.334
28.332
28.330
28.329
28.335
28.337
28.341
28.330
28.326
28.335
28.333
28.338
28.343
28.342
28.349
28.331
28.345
28.339
28.335
28.336
