0.0	0.02631579	0.05263158	0.07894737	0.10526316	0.13157895	0.15789474	0.18421053	0.21052632	0.23684211	0.26315789	0.28947368	0.31578947	0.34210526	0.36842105	0.39473684	0.42105263	0.44736842	0.47368421	0.5
0.0	0.02631579	0.05263158	0.07894737	0.10526316	0.13157895	0.15789474	0.18421053	0.21052632	0.23684211	0.26315789	0.28947368	0.31578947	0.34210526	0.36842105	0.39473684	0.42105263	0.44736842	0.47368421	0.5
0.00000 0.02632 0.05263 0.07895 0.10526 0.13158 0.15789 0.18421 0.21053 0.23684 0.26316 0.28947 0.31579 0.34211 0.36842 0.39474 0.42105 0.44737 0.47368 0.50000 
0.00000 0.02632 0.05263 0.07895 0.10526 0.13158 0.15789 0.18421 0.21053 0.23684 0.26316 0.28947 0.31579 0.34211 0.36842 0.39474 0.42105 0.44737 0.47368 0.50000 
0.00000 0.02632 0.05263 0.07895 0.10526 0.13158 0.15789 0.18421 0.21053 0.23684 0.26316 0.28947 0.31579 0.34211 0.36842 0.39474 0.42105 0.44737 0.47368 0.50000 
0.00000 0.02632 0.05263 0.07895 0.10526 0.13158 0.15789 0.18421 0.21053 0.23684 0.26316 0.28947 0.31579 0.34211 0.36842 0.39474 0.42105 0.44737 0.47368 0.50000 
0.00000 0.02632 0.05263 0.07895 0.10526 0.13158 0.15789 0.18421 0.21053 0.23684 0.26316 0.28947 0.31579 0.34211 0.36842 0.39474 0.42105 0.44737 0.47368 0.50000 
0.00000 0.02632 0.05263 0.07895 0.10526 0.13158 0.15789 0.18421 0.21053 0.23684 0.26316 0.28947 0.31579 0.34211 0.36842 0.39474 0.42105 0.44737 0.47368 0.50000 
0.00000 0.02632 0.05263 0.07895 0.10526 0.13158 0.15789 0.18421 0.21053 0.23684 0.26316 0.28947 0.31579 0.34211 0.36842 0.39474 0.42105 0.44737 0.47368 0.50000 
0.00000 0.02632 0.05263 0.07895 0.10526 0.13158 0.15789 0.18421 0.21053 0.23684 0.26316 0.28947 0.31579 0.34211 0.36842 0.39474 0.42105 0.44737 0.47368 0.50000 
0.00000 0.02632 0.05263 0.07895 0.10526 0.13158 0.15789 0.18421 0.21053 0.23684 0.26316 0.28947 0.31579 0.34211 0.36842 0.39474 0.42105 0.44737 0.47368 0.50000 
0.00000 0.02632 0.05263 0.07895 0.10526 0.13158 0.15789 0.18421 0.21053 0.23684 0.26316 0.28947 0.31579 0.34211 0.36842 0.39474 0.42105 0.44737 0.47368 0.50000 
0.00000 0.02632 0.05263 0.07895 0.10526 0.13158 0.15789 0.18421 0.21053 0.23684 0.26316 0.28947 0.31579 0.34211 0.36842 0.39474 0.42105 0.44737 0.47368 0.50000 
0.00000 0.02632 0.05263 0.07895 0.10526 0.13158 0.15789 0.18421 0.21053 0.23684 0.26316 0.28947 0.31579 0.34211 0.36842 0.39474 0.42105 0.44737 0.47368 0.50000 
0.00000 0.02632 0.05263 0.07895 0.10526 0.13158 0.15789 0.18421 0.21053 0.23684 0.26316 0.28947 0.31579 0.34211 0.36842 0.39474 0.42105 0.44737 0.47368 0.50000 
0.00000 0.02632 0.05263 0.07895 0.10526 0.13158 0.15789 0.18421 0.21053 0.23684 0.26316 0.28947 0.31579 0.34211 0.36842 0.39474 0.42105 0.44737 0.47368 0.50000 
0.00000 0.02632 0.05263 0.07895 0.10526 0.13158 0.15789 0.18421 0.21053 0.23684 0.26316 0.28947 0.31579 0.34211 0.36842 0.39474 0.42105 0.44737 0.47368 0.50000 
0.00000 0.02632 0.05263 0.07895 0.10526 0.13158 0.15789 0.18421 0.21053 0.23684 0.26316 0.28947 0.31579 0.34211 0.36842 0.39474 0.42105 0.44737 0.47368 0.50000 
0.00000 0.02632 0.05263 0.07895 0.10526 0.13158 0.15789 0.18421 0.21053 0.23684 0.26316 0.28947 0.31579 0.34211 0.36842 0.39474 0.42105 0.44737 0.47368 0.50000 
0.00000 0.02632 0.05263 0.07895 0.10526 0.13158 0.15789 0.18421 0.21053 0.23684 0.26316 0.28947 0.31579 0.34211 0.36842 0.39474 0.42105 0.44737 0.47368 0.50000 
0.00000 0.02632 0.05263 0.07895 0.10526 0.13158 0.15789 0.18421 0.21053 0.23684 0.26316 0.28947 0.31579 0.34211 0.36842 0.39474 0.42105 0.44737 0.47368 0.50000 
0.00000 0.02632 0.05263 0.07895 0.10526 0.13158 0.15789 0.18421 0.21053 0.23684 0.26316 0.28947 0.31579 0.34211 0.36842 0.39474 0.42105 0.44737 0.47368 0.50000 
0.00000 0.02632 0.05263 0.07895 0.10526 0.13158 0.15789 0.18421 0.21053 0.23684 0.26316 0.28947 0.31579 0.34211 0.36842 0.39474 0.42105 0.44737 0.47368 0.50000 
0.00000 0.02632 0.05263 0.07895 0.10526 0.13158 0.15789 0.18421 0.21053 0.23684 0.26316 0.28947 0.31579 0.34211 0.36842 0.39474 0.42105 0.44737 0.47368 0.50000 
0.00000 0.02632 0.05263 0.07895 0.10526 0.13158 0.15789 0.18421 0.21053 0.23684 0.26316 0.28947 0.31579 0.34211 0.36842 0.39474 0.42105 0.44737 0.47368 0.50000 
0.00000 0.02632 0.05263 0.07895 0.10526 0.13158 0.15789 0.18421 0.21053 0.23684 0.26316 0.28947 0.31579 0.34211 0.36842 0.39474 0.42105 0.44737 0.47368 0.50000 
0.00000 0.02632 0.05263 0.07895 0.10526 0.13158 0.15789 0.18421 0.21053 0.23684 0.26316 0.28947 0.31579 0.34211 0.36842 0.39474 0.42105 0.44737 0.47368 0.50000 
0.00000 0.02632 0.05263 0.07895 0.10526 0.13158 0.15789 0.18421 0.21053 0.23684 0.26316 0.28947 0.31579 0.34211 0.36842 0.39474 0.42105 0.44737 0.47368 0.50000 
0.00000 0.02632 0.05263 0.07895 0.10526 0.13158 0.15789 0.18421 0.21053 0.23684 0.26316 0.28947 0.31579 0.34211 0.36842 0.39474 0.42105 0.44737 0.47368 0.50000 
0.00000 0.02632 0.05263 0.07895 0.10526 0.13158 0.15789 0.18421 0.21053 0.23684 0.26316 0.28947 0.31579 0.34211 0.36842 0.39474 0.42105 0.44737 0.47368 0.50000 
0.00000 0.02632 0.05263 0.07895 0.10526 0.13158 0.15789 0.18421 0.21053 0.23684 0.26316 0.28947 0.31579 0.34211 0.36842 0.39474 0.42105 0.44737 0.47368 0.50000 
0.00000 0.02632 0.05263 0.07895 0.10526 0.13158 0.15789 0.18421 0.21053 0.23684 0.26316 0.28947 0.31579 0.34211 0.36842 0.39474 0.42105 0.44737 0.47368 0.50000 
0.00000 0.02632 0.05263 0.07895 0.10526 0.13158 0.15789 0.18421 0.21053 0.23684 0.26316 0.28947 0.31579 0.34211 0.36842 0.39474 0.42105 0.44737 0.47368 0.50000 
0.00000 0.02632 0.05263 0.07895 0.10526 0.13158 0.15789 0.18421 0.21053 0.23684 0.26316 0.28947 0.31579 0.34211 0.36842 0.39474 0.42105 0.44737 0.47368 0.50000 
0.00000 0.02632 0.05263 0.07895 0.10526 0.13158 0.15789 0.18421 0.21053 0.23684 0.26316 0.28947 0.31579 0.34211 0.36842 0.39474 0.42105 0.44737 0.47368 0.50000 
0.00000 0.02632 0.05263 0.07895 0.10526 0.13158 0.15789 0.18421 0.21053 0.23684 0.26316 0.28947 0.31579 0.34211 0.36842 0.39474 0.42105 0.44737 0.47368 0.50000 
0.00000 0.02632 0.05263 0.07895 0.10526 0.13158 0.15789 0.18421 0.21053 0.23684 0.26316 0.28947 0.31579 0.34211 0.36842 0.39474 0.42105 0.44737 0.47368 0.50000 
0.00000 0.02632 0.05263 0.07895 0.10526 0.13158 0.15789 0.18421 0.21053 0.23684 0.26316 0.28947 0.31579 0.34211 0.36842 0.39474 0.42105 0.44737 0.47368 0.50000 
0.00000 0.02632 0.05263 0.07895 0.10526 0.13158 0.15789 0.18421 0.21053 0.23684 0.26316 0.28947 0.31579 0.34211 0.36842 0.39474 0.42105 0.44737 0.47368 0.50000 
0.00000 0.02632 0.05263 0.07895 0.10526 0.13158 0.15789 0.18421 0.21053 0.23684 0.26316 0.28947 0.31579 0.34211 0.36842 0.39474 0.42105 0.44737 0.47368 0.50000 
0.00000 0.02632 0.05263 0.07895 0.10526 0.13158 0.15789 0.18421 0.21053 0.23684 0.26316 0.28947 0.31579 0.34211 0.36842 0.39474 0.42105 0.44737 0.47368 0.50000 
0.00000 0.02632 0.05263 0.07895 0.10526 0.13158 0.15789 0.18421 0.21053 0.23684 0.26316 0.28947 0.31579 0.34211 0.36842 0.39474 0.42105 0.44737 0.47368 0.50000 
0.00000 0.02632 0.05263 0.07895 0.10526 0.13158 0.15789 0.18421 0.21053 0.23684 0.26316 0.28947 0.31579 0.34211 0.36842 0.39474 0.42105 0.44737 0.47368 0.50000 
0.00000 0.02632 0.05263 0.07895 0.10526 0.13158 0.15789 0.18421 0.21053 0.23684 0.26316 0.28947 0.31579 0.34211 0.36842 0.39474 0.42105 0.44737 0.47368 0.50000 
0.00000 0.02632 0.05263 0.07895 0.10526 0.13158 0.15789 0.18421 0.21053 0.23684 0.26316 0.28947 0.31579 0.34211 0.36842 0.39474 0.42105 0.44737 0.47368 0.50000 
0.00000 0.02632 0.05263 0.07895 0.10526 0.13158 0.15789 0.18421 0.21053 0.23684 0.26316 0.28947 0.31579 0.34211 0.36842 0.39474 0.42105 0.44737 0.47368 0.50000 
0.00000 0.02632 0.05263 0.07895 0.10526 0.13158 0.15789 0.18421 0.21053 0.23684 0.26316 0.28947 0.31579 0.34211 0.36842 0.39474 0.42105 0.44737 0.47368 0.50000 
0.00000 0.02632 0.05263 0.07895 0.10526 0.13158 0.15789 0.18421 0.21053 0.23684 0.26316 0.28947 0.31579 0.34211 0.36842 0.39474 0.42105 0.44737 0.47368 0.50000 
0.00000 0.02632 0.05263 0.07895 0.10526 0.13158 0.15789 0.18421 0.21053 0.23684 0.26316 0.28947 0.31579 0.34211 0.36842 0.39474 0.42105 0.44737 0.47368 0.50000 
0.00000 0.02632 0.05263 0.07895 0.10526 0.13158 0.15789 0.18421 0.21053 0.23684 0.26316 0.28947 0.31579 0.34211 0.36842 0.39474 0.42105 0.44737 0.47368 0.50000 
0.00000 0.02632 0.05263 0.07895 0.10526 0.13158 0.15789 0.18421 0.21053 0.23684 0.26316 0.28947 0.31579 0.34211 0.36842 0.39474 0.42105 0.44737 0.47368 0.50000 
0.00000 0.02632 0.05263 0.07895 0.10526 0.13158 0.15789 0.18421 0.21053 0.23684 0.26316 0.28947 0.31579 0.34211 0.36842 0.39474 0.42105 0.44737 0.47368 0.50000 
0.00000 0.02632 0.05263 0.07895 0.10526 0.13158 0.15789 0.18421 0.21053 0.23684 0.26316 0.28947 0.31579 0.34211 0.36842 0.39474 0.42105 0.44737 0.47368 0.50000 
0.00000 0.02632 0.05263 0.07895 0.10526 0.13158 0.15789 0.18421 0.21053 0.23684 0.26316 0.28947 0.31579 0.34211 0.36842 0.39474 0.42105 0.44737 0.47368 0.50000 
0.00000 0.02632 0.05263 0.07895 0.10526 0.13158 0.15789 0.18421 0.21053 0.23684 0.26316 0.28947 0.31579 0.34211 0.36842 0.39474 0.42105 0.44737 0.47368 0.50000 
0.00000 0.02632 0.05263 0.07895 0.10526 0.13158 0.15789 0.18421 0.21053 0.23684 0.26316 0.28947 0.31579 0.34211 0.36842 0.39474 0.42105 0.44737 0.47368 0.50000 
0.00000 0.02632 0.05263 0.07895 0.10526 0.13158 0.15789 0.18421 0.21053 0.23684 0.26316 0.28947 0.31579 0.34211 0.36842 0.39474 0.42105 0.44737 0.47368 0.50000 
0.00000 0.02632 0.05263 0.07895 0.10526 0.13158 0.15789 0.18421 0.21053 0.23684 0.26316 0.28947 0.31579 0.34211 0.36842 0.39474 0.42105 0.44737 0.47368 0.50000 
0.00000 0.02632 0.05263 0.07895 0.10526 0.13158 0.15789 0.18421 0.21053 0.23684 0.26316 0.28947 0.31579 0.34211 0.36842 0.39474 0.42105 0.44737 0.47368 0.50000 
0.00000 0.02632 0.05263 0.07895 0.10526 0.13158 0.15789 0.18421 0.21053 0.23684 0.26316 0.28947 0.31579 0.34211 0.36842 0.39474 0.42105 0.44737 0.47368 0.50000 
0.00000 0.02632 0.05263 0.07895 0.10526 0.13158 0.15789 0.18421 0.21053 0.23684 0.26316 0.28947 0.31579 0.34211 0.36842 0.39474 0.42105 0.44737 0.47368 0.50000 
0.00000 0.02632 0.05263 0.07895 0.10526 0.13158 0.15789 0.18421 0.21053 0.23684 0.26316 0.28947 0.31579 0.34211 0.36842 0.39474 0.42105 0.44737 0.47368 0.50000 
0.00000 0.02632 0.05263 0.07895 0.10526 0.13158 0.15789 0.18421 0.21053 0.23684 0.26316 0.28947 0.31579 0.34211 0.36842 0.39474 0.42105 0.44737 0.47368 0.50000 
0.00000 0.02632 0.05263 0.07895 0.10526 0.13158 0.15789 0.18421 0.21053 0.23684 0.26316 0.28947 0.31579 0.34211 0.36842 0.39474 0.42105 0.44737 0.47368 0.50000 
0.00000 0.02632 0.05263 0.07895 0.10526 0.13158 0.15789 0.18421 0.21053 0.23684 0.26316 0.28947 0.31579 0.34211 0.36842 0.39474 0.42105 0.44737 0.47368 0.50000 
0.00000 0.02632 0.05263 0.07895 0.10526 0.13158 0.15789 0.18421 0.21053 0.23684 0.26316 0.28947 0.31579 0.34211 0.36842 0.39474 0.42105 0.44737 0.47368 0.50000 
0.00000 0.02632 0.05263 0.07895 0.10526 0.13158 0.15789 0.18421 0.21053 0.23684 0.26316 0.28947 0.31579 0.34211 0.36842 0.39474 0.42105 0.44737 0.47368 0.50000 
0.00000 0.02632 0.05263 0.07895 0.10526 0.13158 0.15789 0.18421 0.21053 0.23684 0.26316 0.28947 0.31579 0.34211 0.36842 0.39474 0.42105 0.44737 0.47368 0.50000 
0.00000 0.02632 0.05263 0.07895 0.10526 0.13158 0.15789 0.18421 0.21053 0.23684 0.26316 0.28947 0.31579 0.34211 0.36842 0.39474 0.42105 0.44737 0.47368 0.50000 
0.00000 0.02632 0.05263 0.07895 0.10526 0.13158 0.15789 0.18421 0.21053 0.23684 0.26316 0.28947 0.31579 0.34211 0.36842 0.39474 0.42105 0.44737 0.47368 0.50000 
0.00000 0.02632 0.05263 0.07895 0.10526 0.13158 0.15789 0.18421 0.21053 0.23684 0.26316 0.28947 0.31579 0.34211 0.36842 0.39474 0.42105 0.44737 0.47368 0.50000 
0.00000 0.02632 0.05263 0.07895 0.10526 0.13158 0.15789 0.18421 0.21053 0.23684 0.26316 0.28947 0.31579 0.34211 0.36842 0.39474 0.42105 0.44737 0.47368 0.50000 
0.00000 0.02632 0.05263 0.07895 0.10526 0.13158 0.15789 0.18421 0.21053 0.23684 0.26316 0.28947 0.31579 0.34211 0.36842 0.39474 0.42105 0.44737 0.47368 0.50000 
0.00000 0.02632 0.05263 0.07895 0.10526 0.13158 0.15789 0.18421 0.21053 0.23684 0.26316 0.28947 0.31579 0.34211 0.36842 0.39474 0.42105 0.44737 0.47368 0.50000 
0.00000 0.02632 0.05263 0.07895 0.10526 0.13158 0.15789 0.18421 0.21053 0.23684 0.26316 0.28947 0.31579 0.34211 0.36842 0.39474 0.42105 0.44737 0.47368 0.50000 
0.00000 0.02632 0.05263 0.07895 0.10526 0.13158 0.15789 0.18421 0.21053 0.23684 0.26316 0.28947 0.31579 0.34211 0.36842 0.39474 0.42105 0.44737 0.47368 0.50000 
0.00000 0.02632 0.05263 0.07895 0.10526 0.13158 0.15789 0.18421 0.21053 0.23684 0.26316 0.28947 0.31579 0.34211 0.36842 0.39474 0.42105 0.44737 0.47368 0.50000 
0.00000 0.02632 0.05263 0.07895 0.10526 0.13158 0.15789 0.18421 0.21053 0.23684 0.26316 0.28947 0.31579 0.34211 0.36842 0.39474 0.42105 0.44737 0.47368 0.50000 
0.00000 0.02632 0.05263 0.07895 0.10526 0.13158 0.15789 0.18421 0.21053 0.23684 0.26316 0.28947 0.31579 0.34211 0.36842 0.39474 0.42105 0.44737 0.47368 0.50000 
0.00000 0.02632 0.05263 0.07895 0.10526 0.13158 0.15789 0.18421 0.21053 0.23684 0.26316 0.28947 0.31579 0.34211 0.36842 0.39474 0.42105 0.44737 0.47368 0.50000 
0.00000 0.02632 0.05263 0.07895 0.10526 0.13158 0.15789 0.18421 0.21053 0.23684 0.26316 0.28947 0.31579 0.34211 0.36842 0.39474 0.42105 0.44737 0.47368 0.50000 
0.00000 0.02632 0.05263 0.07895 0.10526 0.13158 0.15789 0.18421 0.21053 0.23684 0.26316 0.28947 0.31579 0.34211 0.36842 0.39474 0.42105 0.44737 0.47368 0.50000 
0.00000 0.02632 0.05263 0.07895 0.10526 0.13158 0.15789 0.18421 0.21053 0.23684 0.26316 0.28947 0.31579 0.34211 0.36842 0.39474 0.42105 0.44737 0.47368 0.50000 
0.00000 0.02632 0.05263 0.07895 0.10526 0.13158 0.15789 0.18421 0.21053 0.23684 0.26316 0.28947 0.31579 0.34211 0.36842 0.39474 0.42105 0.44737 0.47368 0.50000 
0.00000 0.02632 0.05263 0.07895 0.10526 0.13158 0.15789 0.18421 0.21053 0.23684 0.26316 0.28947 0.31579 0.34211 0.36842 0.39474 0.42105 0.44737 0.47368 0.50000 
0.00000 0.02632 0.05263 0.07895 0.10526 0.13158 0.15789 0.18421 0.21053 0.23684 0.26316 0.28947 0.31579 0.34211 0.36842 0.39474 0.42105 0.44737 0.47368 0.50000 
0.00000 0.02632 0.05263 0.07895 0.10526 0.13158 0.15789 0.18421 0.21053 0.23684 0.26316 0.28947 0.31579 0.34211 0.36842 0.39474 0.42105 0.44737 0.47368 0.50000 
0.00000 0.02632 0.05263 0.07895 0.10526 0.13158 0.15789 0.18421 0.21053 0.23684 0.26316 0.28947 0.31579 0.34211 0.36842 0.39474 0.42105 0.44737 0.47368 0.50000 
0.00000 0.02632 0.05263 0.07895 0.10526 0.13158 0.15789 0.18421 0.21053 0.23684 0.26316 0.28947 0.31579 0.34211 0.36842 0.39474 0.42105 0.44737 0.47368 0.50000 
0.00000 0.02632 0.05263 0.07895 0.10526 0.13158 0.15789 0.18421 0.21053 0.23684 0.26316 0.28947 0.31579 0.34211 0.36842 0.39474 0.42105 0.44737 0.47368 0.50000 
0.00000 0.02632 0.05263 0.07895 0.10526 0.13158 0.15789 0.18421 0.21053 0.23684 0.26316 0.28947 0.31579 0.34211 0.36842 0.39474 0.42105 0.44737 0.47368 0.50000 
0.00000 0.02632 0.05263 0.07895 0.10526 0.13158 0.15789 0.18421 0.21053 0.23684 0.26316 0.28947 0.31579 0.34211 0.36842 0.39474 0.42105 0.44737 0.47368 0.50000 
0.00000 0.02632 0.05263 0.07895 0.10526 0.13158 0.15789 0.18421 0.21053 0.23684 0.26316 0.28947 0.31579 0.34211 0.36842 0.39474 0.42105 0.44737 0.47368 0.50000 
0.00000 0.02632 0.05263 0.07895 0.10526 0.13158 0.15789 0.18421 0.21053 0.23684 0.26316 0.28947 0.31579 0.34211 0.36842 0.39474 0.42105 0.44737 0.47368 0.50000 
0.00000 0.02632 0.05263 0.07895 0.10526 0.13158 0.15789 0.18421 0.21053 0.23684 0.26316 0.28947 0.31579 0.34211 0.36842 0.39474 0.42105 0.44737 0.47368 0.50000 
0.00000 0.02632 0.05263 0.07895 0.10526 0.13158 0.15789 0.18421 0.21053 0.23684 0.26316 0.28947 0.31579 0.34211 0.36842 0.39474 0.42105 0.44737 0.47368 0.50000 
0.00000 0.02632 0.05263 0.07895 0.10526 0.13158 0.15789 0.18421 0.21053 0.23684 0.26316 0.28947 0.31579 0.34211 0.36842 0.39474 0.42105 0.44737 0.47368 0.50000 
0.00000 0.02632 0.05263 0.07895 0.10526 0.13158 0.15789 0.18421 0.21053 0.23684 0.26316 0.28947 0.31579 0.34211 0.36842 0.39474 0.42105 0.44737 0.47368 0.50000 
0.00000 0.02632 0.05263 0.07895 0.10526 0.13158 0.15789 0.18421 0.21053 0.23684 0.26316 0.28947 0.31579 0.34211 0.36842 0.39474 0.42105 0.44737 0.47368 0.50000 
0.00000 0.02632 0.05263 0.07895 0.10526 0.13158 0.15789 0.18421 0.21053 0.23684 0.26316 0.28947 0.31579 0.34211 0.36842 0.39474 0.42105 0.44737 0.47368 0.50000 
0.00000 0.02632 0.05263 0.07895 0.10526 0.13158 0.15789 0.18421 0.21053 0.23684 0.26316 0.28947 0.31579 0.34211 0.36842 0.39474 0.42105 0.44737 0.47368 0.50000 
0.00000 0.02632 0.05263 0.07895 0.10526 0.13158 0.15789 0.18421 0.21053 0.23684 0.26316 0.28947 0.31579 0.34211 0.36842 0.39474 0.42105 0.44737 0.47368 0.50000 
