2.427299463192303
1.9996314251660785
1.6874230674622013
1.2828784749191817
1.027665186249291
0.8293427940677889
0.6776553414041362
0.5646946431141582
0.4955887177204141
0.4358986755913875
0.39462232228315747
0.3523288559541214
0.33547469582282363
0.3097184802065713
0.29067059575210286
0.2816273365008593
0.26207181716423616
0.2597540090667338
0.24642487718907824
0.24350326999713942
0.2315434217358669
0.22905859864384237
0.23389296094259399
0.21979496929887943
0.21666368829977378
0.2127453177268185
0.20606368293632737
0.2035550339558793
0.1996250246617155
0.19873764461557744
0.19278232184042893
0.19800428994707153
0.19232280217971073
0.18883957657349001
0.18759484907290555
0.1808874122806648
0.1821675939544847
0.18511255088500692
0.17253939401798152
0.17825104158582675
0.1774718335342595
0.17164701024074772
0.1744926637459341
0.16887059915905986
0.17435111643199752
0.16799942558640657
0.1689771218945591
0.1694957823892145
0.1642187490823637
0.17100691305808113
0.16675920444499673
0.1607187037268162
0.1602703165387006
0.16619203369592125
0.15952604075248475
0.16433138268629155
0.16331167278151354
0.1582644323682569
0.15978214996394632
0.15352605812653372
0.15760396205924207
0.15984172016460213
0.16158653249912153
0.15653929481693635
0.15072943306573255
0.15031591572512273
0.15282556811046535
0.1514551472710526
0.15047890927710061
0.1511447512812965
0.15232471037494566
0.15169568908913394
0.15231749777859763
0.15324609794449998
0.15319695891670337
0.1518523321087568
0.15355859743384762
0.14905006186881806
0.14990381250621068
0.1482583933669344
0.15173063059054692
0.14611229195145872
0.14502665285642277
0.1447443748215248
0.14190061344318194
0.1448077733485155
0.14210533716291576
0.14056460022787667
0.14605248059550333
0.13881439422652347
0.143814990480502
0.14574629013918222
0.14544061395495694
0.14221433639479503
0.13968664844354028
0.14468885290663722
0.14236168929004267
0.13900427691761244
0.14569139622464758
0.145605386483792
