2.859
2.843
2.879
2.941
2.922
3.003
2.963
3.006
3.025
3.085
3.091
3.104
3.168
3.155
3.216
3.255
3.288
3.331
3.304
3.346
3.394
3.426
3.443
3.404
3.461
3.517
3.576
3.560
3.610
3.641
3.672
3.686
3.735
3.806
3.834
3.799
3.812
3.902
3.902
3.929
3.931
3.977
4.027
4.053
4.073
4.109
4.155
4.183
4.229
4.202
4.279
4.306
4.317
4.325
4.366
4.353
4.465
4.460
4.521
4.560
4.523
4.535
4.577
4.603
4.649
4.664
4.658
4.724
4.767
4.819
4.802
4.867
4.831
4.879
4.890
4.983
4.956
4.971
5.054
5.020
5.013
5.074
5.141
5.101
5.102
5.155
5.161
5.174
5.224
5.247
5.269
5.272
5.298
5.330
5.346
5.408
5.389
5.427
5.414
5.472
5.436
5.459
5.484
5.549
5.522
5.541
5.570
5.568
5.609
5.667
5.635
5.658
5.669
5.658
5.734
5.686
5.712
5.735
5.751
5.759
5.783
5.794
5.795
5.840
5.843
5.868
5.936
5.865
5.862
5.863
5.952
5.956
5.944
5.976
5.935
5.966
6.020
6.041
6.014
6.022
6.036
6.038
6.081
6.094
6.110
6.026
6.090
6.121
6.144
6.144
6.146
6.179
6.160
6.150
6.189
6.175
6.226
6.252
6.230
6.269
6.260
6.289
6.258
6.265
6.295
6.304
6.322
6.355
6.331
6.337
6.316
6.377
6.351
6.408
6.390
6.383
6.396
6.408
6.410
6.398
6.442
6.450
6.447
6.450
6.460
6.426
6.471
6.465
6.457
6.452
6.490
6.493
6.527
6.567
6.537
6.547
6.587
6.534
6.523
6.566
6.582
6.583
6.600
6.571
6.632
6.556
6.589
6.596
6.603
6.633
6.653
6.610
6.616
6.665
6.661
6.660
6.683
6.689
6.670
6.676
6.679
6.658
6.688
6.742
6.736
6.751
6.691
6.714
6.741
6.774
6.736
6.747
6.748
6.744
6.756
6.777
6.834
6.797
6.788
6.771
6.821
6.800
6.803
6.801
6.806
6.818
6.812
6.837
6.839
6.811
6.817
6.867
6.854
6.866
6.838
6.886
6.839
6.841
6.819
6.816
6.894
6.888
6.875
6.876
6.957
6.906
6.876
6.902
6.885
6.904
6.900
6.890
6.937
6.933
6.945
6.934
6.947
6.955
6.948
6.918
6.958
6.938
6.929
6.960
7.023
6.947
6.964
6.954
6.988
6.995
6.968
6.960
7.015
7.007
6.977
6.980
7.031
6.975
6.993
6.979
7.031
7.036
7.059
7.054
7.052
7.063
7.040
7.055
7.051
7.038
7.036
7.083
7.066
7.069
7.040
7.087
7.072
7.051
7.074
7.059
7.060
7.083
7.053
7.098
7.086
7.055
7.101
7.109
7.133
7.106
7.076
7.140
7.139
7.144
7.152
7.126
7.128
7.101
7.105
7.137
7.165
7.140
7.128
7.119
7.130
7.194
7.115
7.160
7.080
7.171
7.149
7.149
7.135
7.152
7.117
7.136
7.169
7.193
7.195
7.180
7.170
7.201
7.147
7.164
7.170
7.223
7.178
7.179
7.174
7.235
7.221
7.193
7.194
7.178
7.152
7.180
7.198
7.186
7.198
7.199
7.214
7.217
7.214
7.244
7.233
7.224
7.191
7.256
7.237
7.223
7.263
7.238
7.238
7.240
7.270
7.255
7.231
7.217
7.237
7.289
7.231
7.283
7.256
7.239
7.219
7.251
7.294
7.249
7.275
7.273
7.303
7.266
7.231
7.282
7.257
7.254
7.281
7.311
7.284
7.270
7.287
7.271
7.302
7.263
7.314
7.304
7.268
7.261
7.249
7.256
7.312
7.265
7.275
7.272
7.289
7.304
7.313
7.264
7.285
7.285
7.300
7.303
7.311
7.305
7.332
7.335
7.315
7.315
7.237
7.278
7.306
7.302
7.299
7.304
7.335
7.367
7.314
7.344
7.308
7.372
7.320
7.338
7.384
7.319
7.327
7.355
7.311
7.295
7.339
7.326
7.315
7.331
7.327
7.326
7.306
7.349
7.360
7.314
7.330
7.341
7.330
7.320
7.352
7.348
7.330
7.298
7.335
7.347
7.338
7.316
7.339
7.366
7.357
7.356
7.404
7.368
7.348
7.342
7.401
7.360
7.351
7.313
7.350
7.338
7.378
7.378
7.387
7.373
7.394
7.408
7.382
7.379
7.385
7.364
7.360
7.370
7.416
7.385
7.410
7.381
7.427
7.395
7.375
7.389
7.403
7.394
7.375
7.407
7.391
7.436
7.370
7.404
7.396
7.395
7.434
7.375
7.356
7.387
7.369
7.379
7.405
7.400
7.380
7.430
7.400
7.357
7.393
7.392
7.445
7.432
7.418
7.425
7.433
7.428
7.435
7.418
7.404
7.417
7.446
7.389
7.443
7.441
7.416
7.459
7.430
7.427
7.408
7.405
7.430
7.439
7.430
7.446
7.389
7.405
7.441
7.431
7.402
7.455
7.403
7.435
7.452
7.426
7.440
7.427
7.472
7.463
7.432
7.377
7.421
7.428
7.434
7.416
7.416
7.443
7.447
7.456
7.454
7.412
7.482
7.467
7.427
7.462
7.426
7.421
7.451
7.421
7.466
7.406
7.428
7.436
7.488
7.414
7.417
7.430
7.422
7.439
7.416
7.453
7.478
7.425
7.430
7.429
7.464
7.492
7.450
7.483
7.473
7.437
7.441
7.451
7.477
7.458
7.459
7.453
7.478
7.465
7.458
7.433
7.440
7.449
7.426
7.473
7.461
7.467
7.453
7.452
7.437
7.455
7.489
7.454
7.437
7.515
7.439
7.476
7.403
7.466
7.471
7.483
7.443
7.478
7.491
7.493
7.458
7.493
7.456
7.421
7.474
7.465
7.461
7.457
7.461
7.494
7.464
7.455
7.480
7.471
7.467
7.486
7.472
7.489
7.488
7.467
7.474
7.471
7.467
7.469
7.480
7.528
7.482
7.505
7.460
7.475
7.484
7.505
7.453
7.501
7.467
7.459
7.485
7.474
7.448
7.466
7.463
7.457
7.472
7.489
7.498
7.485
7.501
7.477
7.526
7.505
7.499
7.442
7.502
7.500
7.523
7.499
7.485
7.533
7.569
7.447
7.462
7.479
7.485
7.471
7.512
7.490
7.513
7.524
7.488
7.501
7.469
7.452
7.509
7.519
7.539
7.480
7.483
7.490
7.490
7.522
7.477
7.505
7.472
7.493
7.499
7.466
7.522
7.501
7.462
7.490
7.491
7.478
7.506
7.501
7.499
7.502
7.525
7.460
7.531
7.526
7.541
7.544
7.491
7.481
7.558
7.477
7.480
7.507
7.493
7.485
7.529
7.488
7.531
7.499
7.500
7.516
7.483
7.534
7.541
7.503
7.528
7.477
7.479
7.498
7.532
7.507
7.492
7.517
7.546
7.510
7.531
7.550
7.502
7.519
7.511
7.494
7.500
7.523
7.486
7.545
7.520
7.510
7.570
7.484
7.486
7.524
7.519
7.494
7.504
7.560
7.527
7.510
7.542
7.503
7.494
7.497
7.552
7.533
7.520
7.499
7.558
7.528
7.511
7.527
7.524
7.466
7.479
7.536
7.496
7.518
7.526
7.488
7.520
7.498
7.528
7.505
7.556
7.475
7.544
7.542
7.551
7.538
7.574
7.493
7.497
7.455
7.518
7.520
7.506
7.476
7.552
7.530
7.541
7.507
7.525
7.536
7.540
7.496
7.530
7.516
7.533
7.546
7.484
7.529
7.494
7.511
7.523
7.521
7.536
7.528
7.538
7.541
7.547
7.559
7.536
7.542
7.535
7.527
7.516
7.539
7.584
7.550
7.508
7.563
7.528
7.497
7.502
7.522
7.524
7.558
7.571
7.537
7.504
7.532
7.489
7.541
7.543
7.536
7.558
7.551
7.564
7.484
7.579
7.571
7.586
7.535
7.553
7.528
7.499
7.548
7.538
7.552
7.525
7.492
7.520
7.568
7.523
7.519
7.589
7.573
7.520
7.532
7.541
7.595
7.562
7.508
7.512
7.548
7.534
7.547
7.544
7.568
7.551
7.547
7.492
7.575
7.557
7.514
7.543
7.524
7.529
7.559
7.554
7.548
7.564
7.537
7.531
7.502
7.537
7.551
7.539
7.554
7.583
7.564
7.551
7.561
7.555
7.526
7.573
7.574
7.561
7.490
7.554
7.530
7.563
7.566
7.547
7.524
7.492
7.482
7.513
7.604
7.572
7.542
7.537
7.561
7.581
7.587
7.542
7.574
7.562
7.535
7.575
7.584
7.561
7.577
7.581
7.520
7.561
7.553
7.555
7.549
7.594
7.555
7.557
7.499
7.548
7.524
7.598
7.539
7.530
7.555
7.578
7.580
7.571
7.587
7.556
7.596
7.561
7.624
7.529
7.545
7.563
7.545
7.567
7.571
7.532
7.558
7.570
7.527
7.576
7.548
