4.122
4.163
4.211
4.249
4.293
4.332
4.376
4.428
4.463
4.513
4.562
4.607
4.648
4.690
4.744
4.794
4.839
4.879
4.927
4.979
5.029
5.081
5.124
5.174
5.227
5.274
5.323
5.371
5.428
5.466
5.518
5.569
5.619
5.674
5.729
5.781
5.824
5.873
5.920
5.980
6.030
6.075
6.123
6.176
6.233
6.277
6.324
6.376
6.426
6.474
6.528
6.574
6.627
6.673
6.716
6.766
6.816
6.857
6.903
6.949
6.994
7.046
7.093
7.133
7.185
7.224
7.270
7.316
7.349
7.394
7.440
7.476
7.529
7.560
7.598
7.638
7.678
7.722
7.759
7.791
7.834
7.874
7.909
7.943
7.982
8.026
8.052
8.093
8.126
8.157
8.186
8.220
8.258
8.284
8.326
8.356
8.376
8.411
8.442
8.472
8.504
8.532
8.565
8.591
8.624
8.643
8.672
8.693
8.717
8.747
8.778
8.793
8.823
8.848
8.871
8.896
8.924
8.946
8.972
8.986
9.014
9.029
9.065
9.076
9.088
9.119
9.140
9.163
9.181
9.191
9.214
9.236
9.252
9.265
9.288
9.309
9.328
9.344
9.367
9.386
9.400
9.420
9.436
9.445
9.461
9.483
9.498
9.507
9.529
9.543
9.552
9.574
9.593
9.602
9.614
9.630
9.641
9.666
9.674
9.679
9.702
9.714
9.724
9.741
9.753
9.771
9.776
9.791
9.810
9.817
9.828
9.837
9.855
9.859
9.870
9.887
9.900
9.910
9.921
9.931
9.939
9.953
9.968
9.982
9.991
9.994
10.006
10.012
10.032
10.034
10.046
10.054
10.068
10.069
10.081
10.084
10.108
10.112
10.116
10.128
10.139
10.145
10.160
10.168
10.173
10.186
10.194
10.206
10.201
10.215
10.231
10.236
10.241
10.251
10.262
10.257
10.270
10.284
10.286
10.299
10.307
10.309
10.317
10.323
10.329
10.338
10.349
10.356
10.360
10.360
10.376
10.386
10.392
10.390
10.401
10.409
10.409
10.415
10.429
10.435
10.434
10.450
10.450
10.463
10.461
10.471
10.477
10.478
10.482
10.496
10.496
10.516
10.513
10.526
10.525
10.523
10.531
10.537
10.542
10.548
10.562
10.565
10.573
10.575
10.586
10.578
10.591
10.600
10.604
10.600
10.615
10.615
10.616
10.625
10.622
10.639
10.642
10.650
10.647
10.648
10.655
10.663
10.670
10.665
10.675
10.678
10.685
10.693
10.697
10.702
10.706
10.701
10.721
10.720
10.722
10.728
10.724
10.735
10.735
10.745
10.748
10.750
10.757
10.761
10.762
10.772
10.769
10.777
10.782
10.780
10.789
10.797
10.797
10.795
10.809
10.804
10.806
10.812
10.816
10.816
10.823
10.825
10.828
10.830
10.839
10.846
10.853
10.845
10.847
10.862
10.857
10.860
10.863
10.871
10.868
10.875
10.884
10.882
10.891
10.890
10.890
10.891
10.904
10.905
10.903
10.903
10.915
10.906
10.913
10.925
10.924
10.932
10.922
10.932
10.932
10.944
10.939
10.942
10.943
10.948
10.948
10.957
10.956
10.964
10.966
10.972
10.968
10.969
10.974
10.976
10.978
10.977
10.979
10.990
10.985
10.996
11.001
11.005
11.006
11.007
11.011
11.015
11.010
11.019
11.015
11.015
11.020
11.019
11.024
11.030
11.031
11.042
11.036
11.044
11.038
11.039
11.047
11.044
11.053
11.053
11.059
11.051
11.063
11.059
11.061
11.069
11.068
11.068
11.077
11.077
11.075
11.071
11.084
11.079
11.089
11.085
11.082
11.093
11.091
11.102
11.096
11.097
11.106
11.105
11.101
11.116
11.113
11.111
11.111
11.115
11.115
11.120
11.123
11.127
11.130
11.124
11.129
11.128
11.136
11.142
11.137
11.142
11.143
11.146
11.148
11.150
11.149
11.152
11.155
11.154
11.158
11.151
11.154
11.166
11.162
11.164
11.165
11.171
11.163
11.171
11.178
11.174
11.183
11.182
11.180
11.176
11.179
11.190
11.190
11.187
11.193
11.189
11.188
11.193
11.201
11.190
11.205
11.203
11.200
11.207
11.205
11.210
11.206
11.212
11.212
11.208
11.208
11.215
11.217
11.216
11.228
11.224
11.217
11.228
11.220
11.223
11.225
11.228
11.231
11.233
11.232
11.242
11.237
11.235
11.237
11.239
11.244
11.245
11.243
11.251
11.248
11.249
11.247
11.252
11.260
11.259
11.252
11.259
11.264
11.255
11.263
11.265
11.261
11.265
11.261
11.273
11.266
11.268
11.268
11.277
11.275
11.271
11.271
11.281
11.280
11.278
11.278
11.284
11.284
11.290
11.280
11.287
11.289
11.283
11.290
11.294
11.299
11.294
11.300
11.298
11.295
11.298
11.295
11.299
11.302
11.300
11.307
11.300
11.309
11.308
11.311
11.302
11.305
11.308
11.314
11.312
11.316
11.319
11.322
11.319
11.322
11.322
11.321
11.328
11.320
11.323
11.322
11.322
11.324
11.331
11.335
11.328
11.329
11.335
11.325
11.336
11.326
11.341
11.342
11.343
11.339
11.347
11.346
11.347
11.348
11.340
11.342
11.339
11.348
11.343
11.349
11.345
11.349
11.351
11.355
11.351
11.356
11.352
11.347
11.354
11.352
11.357
11.352
11.365
11.360
11.361
11.361
11.359
11.368
11.367
11.372
11.363
11.361
11.371
11.374
11.365
11.377
11.369
11.372
11.376
11.379
11.380
11.380
11.381
11.378
11.381
11.376
11.377
11.376
11.386
11.384
11.383
11.380
11.379
11.389
11.381
11.390
11.384
11.392
11.387
11.399
11.387
11.391
11.390
11.394
11.393
11.397
11.403
11.390
11.400
11.400
11.398
11.396
11.395
11.404
11.403
11.406
11.397
11.402
11.403
11.412
11.407
11.408
11.402
11.408
11.402
11.410
11.414
11.403
11.416
11.409
11.417
11.412
11.413
11.408
11.416
11.419
11.413
11.410
11.420
11.419
11.417
11.416
11.424
11.414
11.424
11.425
11.421
11.431
11.417
11.425
11.424
11.432
11.423
11.427
11.434
11.425
11.425
11.426
11.431
11.432
11.426
11.428
11.424
11.429
11.438
11.432
11.432
11.433
11.436
11.442
11.437
11.434
11.433
11.447
11.444
11.446
11.446
11.446
11.436
11.448
11.437
11.442
11.453
11.440
11.446
11.452
11.441
11.442
11.446
11.453
11.450
11.446
11.459
11.445
11.449
11.457
11.453
11.455
11.456
11.452
11.452
11.458
11.462
11.456
11.451
11.458
11.456
11.457
11.457
11.461
11.464
11.459
11.464
11.458
11.465
11.458
11.458
11.461
11.469
11.466
11.461
11.461
11.460
11.471
11.467
11.470
11.464
11.474
11.466
11.475
11.469
11.474
11.475
11.474
11.465
11.476
11.474
11.471
11.479
11.481
11.467
11.469
11.472
11.471
11.475
11.475
11.482
11.471
11.482
11.470
11.474
11.483
11.481
11.484
11.484
11.476
11.481
11.475
11.482
11.475
11.489
11.490
11.477
11.492
11.488
11.486
11.487
11.493
11.482
11.487
11.492
11.490
11.493
11.491
11.485
11.486
11.488
11.488
11.485
11.494
11.495
11.489
11.486
11.489
11.489
11.495
11.497
11.492
11.498
11.501
11.497
11.499
11.495
11.494
11.500
11.494
11.500
11.496
11.501
11.499
11.504
11.498
11.500
11.496
11.494
11.502
11.499
11.510
11.497
11.507
11.499
11.511
11.508
11.507
11.502
11.509
11.503
11.505
11.506
11.511
11.509
11.510
11.514
11.503
11.512
11.507
11.511
11.504
11.514
11.516
11.516
11.506
11.507
11.507
11.510
11.508
11.509
11.515
11.511
11.517
11.514
11.512
11.521
11.514
11.511
11.518
11.511
11.520
11.515
11.513
11.510
11.519
11.520
11.516
11.514
11.518
11.522
11.518
11.520
11.526
11.516
11.525
11.517
11.519
11.520
11.516
11.525
11.521
11.524
11.524
11.525
11.521
11.526
11.530
11.523
11.529
11.530
11.530
11.531
11.531
11.523
11.525
11.523
11.522
11.527
11.532
11.520
11.530
11.525
11.533
11.534
11.525
11.536
11.533
11.532
11.526
11.535
11.537
11.533
11.525
11.529
11.538
11.526
11.537
11.535
11.540
11.526
11.534
11.528
11.535
11.541
11.533
11.533
11.533
11.531
11.535
11.543
11.537
11.540
11.540
11.533
11.541
11.538
11.536
11.536
11.539
11.546
11.541
11.544
11.540
11.538
11.548
11.537
11.544
11.538
11.542
11.541
11.541
11.546
11.547
11.542
11.542
11.550
11.546
11.548
11.550
11.543
11.548
11.541
11.553
11.546
11.552
11.545
11.543
11.555
11.543
11.545
11.544
11.548
11.552
11.547
11.549
11.550
11.554
11.550
11.553
11.552
11.553
11.546
11.551
11.556
11.547
11.548
