19.334
19.588
19.843
20.100
20.359
20.619
20.880
21.142
21.406
21.671
21.937
22.205
22.473
22.743
23.014
23.285
23.558
23.831
24.105
24.380
24.656
24.932
25.209
25.487
25.765
26.043
26.322
26.601
26.881
27.160
27.440
27.720
28.000
28.280
28.560
28.840
29.119
29.399
29.678
29.957
30.235
30.513
30.791
31.068
31.344
31.620
31.895
32.169
32.442
32.715
32.986
33.257
33.527
33.795
34.063
34.329
34.594
34.858
35.120
35.381
35.641
35.900
36.157
36.412
36.666
36.919
37.169
37.419
37.666
37.912
38.156
38.398
38.639
38.877
39.114
39.349
39.582
39.813
40.042
40.270
40.495
40.718
40.939
41.158
41.376
41.591
41.804
42.015
42.223
42.430
42.635
42.837
43.037
43.236
43.432
43.625
43.817
44.007
44.194
44.379
44.563
44.743
44.922
45.099
45.273
45.446
45.616
45.784
45.950
46.114
46.276
46.435
46.593
46.749
46.902
47.053
47.203
47.350
47.495
47.638
47.780
47.919
48.056
48.192
48.325
48.457
48.586
48.714
48.840
48.964
49.086
49.206
49.325
49.441
49.556
49.669
49.781
49.891
49.999
50.105
50.210
50.313
50.414
50.514
50.612
50.709
50.804
50.897
50.989
51.080
51.169
51.256
51.342
51.427
51.510
51.592
51.673
51.752
51.830
51.906
51.982
52.056
52.128
52.200
52.270
52.339
52.407
52.473
52.539
52.603
52.667
52.729
52.790
52.850
52.909
52.967
53.024
53.079
53.134
53.188
53.241
53.293
53.344
53.394
53.444
53.492
53.539
53.586
53.632
53.677
53.721
53.764
53.807
53.848
53.889
53.930
53.969
54.008
54.046
54.083
54.120
54.156
54.191
54.226
54.260
54.294
54.326
54.359
54.390
54.421
54.451
54.481
54.511
54.539
54.567
54.595
54.622
54.649
54.675
54.701
54.726
54.750
54.775
54.798
54.822
54.845
54.867
54.889
54.911
54.932
54.952
54.973
54.993
55.012
55.032
55.050
55.069
55.087
55.105
55.122
55.139
55.156
55.173
55.189
55.205
55.220
55.235
55.250
55.265
55.279
55.293
55.307
55.321
55.334
55.347
55.360
55.372
55.385
55.397
55.409
55.420
55.432
55.443
55.454
55.464
55.475
55.485
55.495
55.505
55.515
55.524
55.534
55.543
55.552
55.561
55.569
55.578
55.586
55.594
55.602
55.610
55.618
55.625
55.633
55.640
55.647
55.654
55.661
55.667
55.674
55.680
55.687
55.693
55.699
55.705
55.711
55.716
55.722
55.727
55.733
55.738
55.743
55.748
55.753
55.758
55.763
55.767
55.772
55.777
55.781
55.785
55.790
55.794
55.798
55.802
55.806
55.809
55.813
55.817
55.821
55.824
55.828
55.831
55.834
55.838
55.841
55.844
55.847
55.850
55.853
55.856
55.859
55.862
55.864
55.867
55.870
55.872
55.875
55.877
55.880
55.882
55.884
55.887
55.889
55.891
55.893
55.895
55.897
55.899
55.901
55.903
55.905
55.907
55.909
55.911
55.913
55.914
55.916
55.918
55.919
55.921
55.922
55.924
55.925
55.927
55.928
55.930
55.931
55.933
55.934
55.935
55.936
55.938
55.939
55.940
55.941
55.942
55.944
55.945
55.946
55.947
55.948
55.949
55.950
55.951
55.952
55.953
55.954
55.955
55.956
55.957
55.957
55.958
55.959
55.960
55.961
55.961
55.962
55.963
55.964
55.964
55.965
55.966
55.966
55.967
55.968
55.968
55.969
55.970
55.970
55.971
55.971
55.972
55.973
55.973
55.974
55.974
55.975
55.975
55.976
55.976
55.977
55.977
55.978
55.978
55.978
55.979
55.979
55.980
55.980
55.980
55.981
55.981
55.982
55.982
55.982
55.983
55.983
55.983
55.984
55.984
55.984
55.985
55.985
55.985
55.986
55.986
55.986
55.986
55.987
55.987
55.987
55.987
55.988
55.988
55.988
55.988
55.989
55.989
55.989
55.989
55.989
55.990
55.990
55.990
55.990
55.990
55.991
55.991
55.991
55.991
55.991
55.992
55.992
55.992
55.992
55.992
55.992
55.993
55.993
55.993
55.993
55.993
55.993
55.993
55.993
55.994
55.994
55.994
55.994
55.994
55.994
55.994
55.994
55.995
55.995
55.995
55.995
55.995
55.995
55.995
55.995
55.995
55.995
55.996
55.996
55.996
55.996
55.996
55.996
55.996
55.996
55.996
55.996
55.996
55.996
55.996
55.997
55.997
55.997
55.997
55.997
55.997
55.997
55.997
55.997
55.997
55.997
55.997
55.997
55.997
55.997
55.997
55.998
55.998
55.998
55.998
55.998
55.998
55.998
55.998
55.998
55.998
55.998
55.998
55.998
55.998
55.998
55.998
55.998
55.998
55.998
55.998
55.998
55.998
55.998
55.998
55.998
55.998
55.999
55.999
55.999
55.999
55.999
55.999
55.999
55.999
55.999
55.999
55.999
55.999
55.999
55.999
55.999
55.999
55.999
55.999
55.999
55.999
55.999
55.999
55.999
55.999
55.999
55.999
55.999
55.999
55.999
55.999
55.999
55.999
55.999
55.999
55.999
55.999
55.999
55.999
55.999
55.999
55.999
55.999
55.999
55.999
55.999
55.999
55.999
55.999
55.999
55.999
55.999
55.999
55.999
55.999
55.999
56.000
56.000
56.000
56.000
56.000
56.000
56.000
56.000
56.000
56.000
56.000
56.000
56.000
56.000
56.000
56.000
56.000
56.000
56.000
56.000
56.000
56.000
56.000
56.000
56.000
56.000
56.000
56.000
56.000
56.000
56.000
56.000
56.000
56.000
56.000
56.000
56.000
56.000
56.000
56.000
56.000
56.000
56.000
56.000
56.000
56.000
56.000
56.000
56.000
56.000
56.000
56.000
56.000
56.000
56.000
56.000
56.000
56.000
56.000
56.000
56.000
56.000
56.000
56.000
56.000
56.000
56.000
56.000
56.000
56.000
56.000
56.000
56.000
56.000
56.000
56.000
56.000
56.000
56.000
56.000
56.000
56.000
56.000
56.000
56.000
56.000
56.000
56.000
56.000
56.000
56.000
56.000
56.000
56.000
56.000
56.000
56.000
56.000
56.000
56.000
56.000
56.000
56.000
56.000
56.000
56.000
56.000
56.000
56.000
56.000
56.000
56.000
56.000
56.000
56.000
56.000
56.000
56.000
56.000
56.000
56.000
56.000
56.000
56.000
56.000
56.000
56.000
56.000
56.000
56.000
56.000
56.000
56.000
56.000
56.000
56.000
56.000
56.000
56.000
56.000
56.000
56.000
56.000
56.000
56.000
56.000
56.000
56.000
56.000
56.000
56.000
56.000
56.000
56.000
56.000
56.000
56.000
56.000
56.000
56.000
56.000
56.000
56.000
56.000
56.000
56.000
56.000
56.000
56.000
56.000
56.000
56.000
56.000
56.000
56.000
56.000
56.000
56.000
56.000
56.000
56.000
56.000
56.000
56.000
56.000
56.000
56.000
56.000
56.000
56.000
56.000
56.000
56.000
56.000
56.000
56.000
56.000
56.000
56.000
56.000
56.000
56.000
56.000
56.000
56.000
56.000
56.000
56.000
56.000
56.000
56.000
56.000
56.000
56.000
56.000
56.000
56.000
56.000
56.000
56.000
56.000
56.000
56.000
56.000
56.000
56.000
56.000
56.000
56.000
56.000
56.000
56.000
56.000
56.000
56.000
56.000
56.000
56.000
56.000
56.000
56.000
56.000
56.000
56.000
56.000
56.000
56.000
56.000
56.000
56.000
56.000
56.000
56.000
56.000
56.000
56.000
56.000
56.000
56.000
56.000
56.000
56.000
56.000
56.000
56.000
56.000
56.000
56.000
56.000
56.000
56.000
56.000
56.000
56.000
56.000
56.000
56.000
56.000
56.000
56.000
56.000
56.000
56.000
56.000
56.000
56.000
56.000
56.000
56.000
56.000
56.000
56.000
56.000
56.000
56.000
56.000
56.000
56.000
56.000
56.000
56.000
56.000
56.000
56.000
56.000
56.000
56.000
56.000
56.000
56.000
56.000
56.000
56.000
56.000
56.000
56.000
56.000
56.000
56.000
56.000
56.000
56.000
56.000
56.000
56.000
56.000
56.000
56.000
56.000
56.000
56.000
56.000
56.000
56.000
56.000
56.000
56.000
56.000
56.000
56.000
56.000
56.000
56.000
56.000
56.000
56.000
56.000
56.000
56.000
56.000
56.000
56.000
56.000
56.000
56.000
56.000
56.000
56.000
56.000
56.000
56.000
56.000
56.000
56.000
56.000
56.000
56.000
56.000
56.000
56.000
56.000
56.000
56.000
56.000
56.000
56.000
56.000
56.000
56.000
56.000
56.000
56.000
56.000
56.000
56.000
56.000
56.000
56.000
56.000
56.000
56.000
56.000
56.000
56.000
56.000
56.000
56.000
56.000
56.000
56.000
56.000
56.000
56.000
56.000
56.000
56.000
56.000
56.000
56.000
56.000
