7.352
7.699
8.064
8.455
8.859
9.297
9.758
10.257
10.771
11.330
11.918
12.529
13.172
13.854
14.569
15.316
16.092
16.895
17.727
18.592
19.481
20.389
21.319
22.261
23.219
24.185
25.159
26.130
27.108
28.068
29.030
29.979
30.910
31.832
32.729
33.604
34.444
35.260
36.051
36.817
37.545
38.241
38.908
39.542
40.151
40.718
41.258
41.772
42.260
42.714
43.147
43.550
43.936
44.300
44.634
44.955
45.258
45.539
45.811
46.062
46.297
46.529
46.744
46.944
47.141
47.316
47.489
47.654
47.801
47.950
48.093
48.221
48.356
48.470
48.582
48.695
48.801
48.903
48.997
49.084
49.176
49.263
49.342
49.418
49.498
49.572
49.637
49.704
49.766
49.830
49.886
49.941
50.000
50.051
50.105
50.156
50.196
50.245
50.289
50.331
50.375
50.415
50.457
50.492
50.534
50.563
50.601
50.630
50.660
50.695
50.727
50.749
50.781
50.808
50.837
50.863
50.891
50.912
50.940
50.956
50.981
51.002
51.030
51.044
51.061
51.087
51.104
51.124
51.141
51.155
51.174
51.193
51.206
51.217
51.235
51.254
51.269
51.280
51.296
51.311
51.325
51.337
51.351
51.356
51.369
51.384
51.394
51.402
51.418
51.429
51.433
51.449
51.458
51.462
51.476
51.484
51.490
51.505
51.511
51.513
51.524
51.532
51.539
51.549
51.556
51.567
51.568
51.576
51.587
51.589
51.595
51.601
51.610
51.611
51.615
51.627
51.633
51.636
51.643
51.645
51.650
51.653
51.664
51.668
51.673
51.673
51.677
51.683
51.690
51.690
51.698
51.695
51.704
51.702
51.707
51.707
51.722
51.721
51.720
51.727
51.729
51.734
51.740
51.742
51.741
51.751
51.748
51.755
51.750
51.755
51.762
51.761
51.761
51.767
51.770
51.766
51.772
51.777
51.777
51.781
51.784
51.782
51.784
51.786
51.787
51.791
51.793
51.798
51.795
51.790
51.800
51.804
51.804
51.799
51.807
51.806
51.805
51.807
51.811
51.813
51.809
51.817
51.813
51.819
51.816
51.817
51.820
51.818
51.818
51.823
51.824
51.828
51.826
51.833
51.828
51.826
51.826
51.828
51.829
51.830
51.836
51.837
51.840
51.838
51.841
51.833
51.840
51.842
51.842
51.838
51.843
51.844
51.842
51.843
51.842
51.849
51.848
51.850
51.846
51.843
51.847
51.849
51.850
51.844
51.850
51.847
51.850
51.853
51.855
51.853
51.852
51.847
51.858
51.857
51.852
51.856
51.851
51.856
51.854
51.861
51.857
51.857
51.860
51.860
51.856
51.863
51.857
51.861
51.861
51.857
51.860
51.865
51.862
51.858
51.866
51.859
51.861
51.861
51.863
51.859
51.862
51.860
51.861
51.862
51.865
51.867
51.868
51.860
51.861
51.867
51.864
51.863
51.866
51.866
51.863
51.864
51.871
51.867
51.870
51.869
51.868
51.864
51.869
51.868
51.866
51.865
51.869
51.862
51.865
51.868
51.869
51.874
51.863
51.867
51.867
51.872
51.869
51.869
51.866
51.870
51.867
51.871
51.872
51.870
51.871
51.873
51.870
51.866
51.868
51.867
51.870
51.867
51.867
51.873
51.868
51.873
51.875
51.875
51.873
51.874
51.874
51.874
51.872
51.873
51.870
51.868
51.872
51.869
51.869
51.875
51.872
51.878
51.871
51.876
51.870
51.869
51.873
51.871
51.872
51.872
51.873
51.870
51.876
51.871
51.870
51.875
51.873
51.872
51.876
51.874
51.872
51.868
51.875
51.872
51.875
51.869
51.870
51.873
51.870
51.876
51.873
51.871
51.875
51.876
51.871
51.879
51.874
51.871
51.872
51.869
51.870
51.873
51.872
51.875
51.874
51.871
51.873
51.871
51.875
51.878
51.874
51.877
51.877
51.876
51.877
51.877
51.876
51.874
51.875
51.875
51.874
51.872
51.871
51.879
51.871
51.871
51.873
51.875
51.869
51.871
51.877
51.874
51.879
51.876
51.871
51.872
51.871
51.876
51.877
51.870
51.875
51.874
51.869
51.873
51.875
51.868
51.878
51.876
51.872
51.876
51.873
51.877
51.873
51.874
51.875
51.869
51.869
51.873
51.871
51.872
51.879
51.876
51.872
51.877
51.869
51.873
51.872
51.873
51.873
51.875
51.875
51.878
51.876
51.873
51.872
51.874
51.873
51.875
51.875
51.877
51.876
51.873
51.872
51.872
51.879
51.878
51.875
51.876
51.881
51.872
51.875
51.877
51.872
51.873
51.871
51.880
51.873
51.876
51.873
51.876
51.876
51.869
51.872
51.877
51.874
51.872
51.872
51.875
51.876
51.880
51.871
51.873
51.875
51.871
51.874
51.877
51.878
51.875
51.877
51.876
51.872
51.876
51.872
51.873
51.873
51.872
51.876
51.873
51.876
51.874
51.878
51.872
51.874
51.872
51.877
51.873
51.874
51.875
51.878
51.876
51.877
51.877
51.873
51.878
51.872
51.873
51.873
51.871
51.872
51.877
51.879
51.874
51.875
51.875
51.870
51.875
51.870
51.877
51.879
51.878
51.874
51.880
51.876
51.880
51.879
51.873
51.872
51.869
51.877
51.873
51.875
51.872
51.872
51.872
51.876
51.871
51.876
51.875
51.869
51.875
51.869
51.874
51.872
51.876
51.873
51.877
51.873
51.871
51.878
51.876
51.877
51.873
51.872
51.874
51.878
51.874
51.877
51.869
51.874
51.877
51.877
51.878
51.880
51.878
51.876
51.875
51.872
51.874
51.872
51.877
51.875
51.875
51.873
51.871
51.879
51.872
51.879
51.874
51.879
51.873
51.880
51.873
51.874
51.873
51.876
51.874
51.876
51.878
51.870
51.878
51.876
51.875
51.873
51.871
51.877
51.876
51.879
51.873
51.875
51.874
51.878
51.878
51.877
51.872
51.875
51.874
51.874
51.876
51.872
51.877
51.872
51.878
51.874
51.875
51.871
51.873
51.877
51.874
51.870
51.879
51.875
51.875
51.871
51.879
51.868
51.876
51.875
51.872
51.880
51.869
51.874
51.874
51.879
51.872
51.874
51.878
51.873
51.873
51.871
51.874
51.875
51.872
51.872
51.870
51.872
51.877
51.874
51.872
51.873
51.875
51.878
51.876
51.872
51.871
51.878
51.878
51.880
51.877
51.877
51.870
51.878
51.873
51.873
51.878
51.872
51.875
51.878
51.871
51.872
51.874
51.876
51.878
51.873
51.880
51.870
51.875
51.878
51.875
51.876
51.876
51.873
51.875
51.877
51.879
51.876
51.873
51.874
51.873
51.874
51.874
51.876
51.878
51.874
51.876
51.873
51.877
51.872
51.870
51.873
51.878
51.878
51.874
51.873
51.873
51.877
51.872
51.879
51.872
51.876
51.876
51.876
51.873
51.880
51.877
51.876
51.871
51.878
51.874
51.873
51.878
51.875
51.870
51.869
51.873
51.872
51.876
51.871
51.877
51.870
51.877
51.871
51.870
51.877
51.875
51.876
51.877
51.872
51.876
51.871
51.871
51.870
51.878
51.877
51.870
51.877
51.878
51.874
51.875
51.878
51.871
51.874
51.877
51.877
51.880
51.877
51.872
51.871
51.874
51.873
51.871
51.875
51.877
51.871
51.871
51.871
51.873
51.876
51.877
51.873
51.875
51.879
51.878
51.877
51.874
51.871
51.877
51.874
51.877
51.873
51.875
51.874
51.876
51.873
51.875
51.872
51.871
51.876
51.871
51.880
51.872
51.878
51.872
51.878
51.879
51.876
51.871
51.877
51.874
51.872
51.875
51.878
51.877
51.876
51.878
51.872
51.874
51.869
51.875
51.870
51.877
51.879
51.880
51.872
51.873
51.872
51.872
51.875
51.871
51.873
51.873
51.876
51.876
51.873
51.879
51.874
51.873
51.877
51.870
51.879
51.874
51.872
51.871
51.876
51.874
51.873
51.871
51.874
51.877
51.874
51.874
51.878
51.872
51.877
51.873
51.873
51.872
51.871
51.875
51.874
51.874
51.877
51.875
51.874
51.876
51.880
51.872
51.878
51.875
51.875
51.877
51.877
51.873
51.871
51.870
51.872
51.877
51.878
51.870
51.874
51.873
51.879
51.877
51.870
51.879
51.876
51.876
51.870
51.878
51.879
51.877
51.870
51.871
51.878
51.869
51.877
51.876
51.877
51.869
51.874
51.869
51.876
51.881
51.873
51.872
51.873
51.871
51.873
51.877
51.873
51.876
51.877
51.872
51.877
51.872
51.875
51.873
51.877
51.879
51.878
51.878
51.873
51.875
51.877
51.870
51.877
51.874
51.875
51.874
51.875
51.878
51.876
51.873
51.871
51.880
51.876
51.877
51.875
51.872
51.876
51.871
51.880
51.875
51.879
51.874
51.873
51.877
51.872
51.873
51.874
51.875
51.876
51.874
51.875
51.876
51.876
51.873
51.878
51.877
51.877
51.873
51.876
51.878
51.870
51.871
