1.235
1.273
1.291
1.331
1.371
1.395
1.423
1.453
1.482
1.526
1.557
1.585
1.616
1.656
1.683
1.728
1.759
1.783
1.831
1.869
1.903
1.934
1.969
2.009
2.041
2.088
2.120
2.168
2.200
2.228
2.275
2.308
2.344
2.392
2.423
2.456
2.499
2.528
2.584
2.594
2.643
2.687
2.717
2.759
2.770
2.822
2.867
2.891
2.930
2.961
2.992
3.031
3.059
3.095
3.124
3.168
3.196
3.221
3.258
3.281
3.317
3.346
3.378
3.393
3.426
3.451
3.483
3.512
3.542
3.574
3.592
3.615
3.625
3.651
3.684
3.713
3.725
3.745
3.767
3.786
3.799
3.824
3.850
3.870
3.876
3.883
3.916
3.936
3.949
3.949
3.979
3.995
4.008
4.028
4.028
4.039
4.067
4.070
4.082
4.093
4.105
4.114
4.121
4.132
4.148
4.170
4.169
4.176
4.194
4.190
4.204
4.209
4.220
4.221
4.229
4.240
4.254
4.254
4.252
4.278
4.280
4.289
4.279
4.284
4.298
4.290
4.305
4.303
4.306
4.311
4.327
4.324
4.333
4.340
4.346
4.339
4.340
4.349
4.352
4.359
4.358
4.356
4.359
4.371
4.368
4.370
4.369
4.382
4.376
4.375
4.380
4.372
4.381
4.395
4.390
4.402
4.404
4.382
4.396
4.405
4.395
4.397
4.401
4.412
4.402
4.413
4.414
4.396
4.395
4.416
4.400
4.415
4.416
4.425
4.415
4.411
4.419
4.414
4.409
4.428
4.418
4.430
4.416
4.409
4.420
4.419
4.420
4.422
4.417
4.410
4.429
4.433
4.421
4.439
4.423
4.429
4.428
4.423
4.435
4.432
4.428
4.429
4.423
4.427
4.434
4.425
4.421
4.422
4.437
4.427
4.427
4.427
4.423
4.421
4.417
4.431
4.428
4.427
4.419
4.431
4.436
4.433
4.436
4.423
4.428
4.417
4.418
4.425
4.436
4.443
4.437
4.418
4.432
4.433
4.431
4.421
4.434
4.420
4.429
4.425
4.435
4.429
4.428
4.425
4.439
4.433
4.432
4.432
4.433
4.430
4.439
4.429
4.434
4.429
4.428
4.454
4.422
4.431
4.436
4.430
4.421
4.437
4.423
4.428
4.438
4.427
4.426
4.430
4.422
4.431
4.427
4.437
4.433
4.445
4.425
4.427
4.428
4.439
4.429
4.431
4.437
4.425
4.429
4.437
4.429
4.425
4.433
4.425
4.423
4.425
4.437
4.440
4.429
4.431
4.428
4.427
4.431
4.433
4.426
4.432
4.433
4.444
4.432
4.434
4.429
4.425
4.437
4.419
4.425
4.434
4.433
4.440
4.436
4.446
4.430
4.435
4.438
4.429
4.439
4.427
4.436
4.439
4.431
4.447
4.438
4.436
4.425
4.436
4.429
4.431
4.435
4.431
4.439
4.438
4.431
4.438
4.437
4.436
4.426
4.437
4.436
4.435
4.423
4.434
4.434
4.435
4.431
4.444
4.433
4.436
4.435
4.435
4.437
4.432
4.429
4.428
4.442
4.442
4.433
4.431
4.435
4.436
4.435
4.444
4.442
4.447
4.439
4.442
4.437
4.443
4.436
4.437
4.432
4.435
4.438
4.421
4.442
4.442
4.437
4.428
4.437
4.437
4.441
4.429
4.429
4.436
4.449
4.442
4.438
4.425
4.431
4.431
4.434
4.446
4.447
4.455
4.431
4.452
4.439
4.432
4.437
4.434
4.425
4.439
4.447
4.436
4.446
4.443
4.446
4.448
4.438
4.434
4.440
4.439
4.437
4.439
4.439
4.442
4.438
4.439
4.443
4.441
4.438
4.443
4.435
4.443
4.436
4.433
4.451
4.434
4.445
4.441
4.441
4.445
4.439
4.444
4.434
4.449
4.448
4.447
4.438
4.443
4.446
4.446
4.445
4.452
4.440
4.439
4.448
4.442
4.447
4.443
4.439
4.444
4.448
4.440
4.444
4.445
4.442
4.447
4.442
4.439
4.440
4.446
4.449
4.451
4.452
4.457
4.443
4.451
4.449
4.450
4.438
4.446
4.452
4.439
4.434
4.444
4.450
4.450
4.451
4.450
4.444
4.455
4.462
4.455
4.451
4.450
4.456
4.441
4.446
4.463
4.455
4.454
4.444
4.443
4.453
4.452
4.459
4.444
4.442
4.448
4.451
4.445
4.442
4.447
4.456
4.453
4.443
4.433
4.451
4.443
4.449
4.450
4.450
4.447
4.463
4.447
4.449
4.452
4.455
4.451
4.459
4.455
4.457
4.446
4.459
4.457
4.455
4.459
4.450
4.459
4.453
4.460
4.453
4.449
4.454
4.456
4.463
4.461
4.461
4.450
4.461
4.459
4.445
4.454
4.450
4.455
4.467
4.457
4.460
4.457
4.458
4.464
4.462
4.450
4.452
4.453
4.450
4.460
4.466
4.463
4.453
4.468
4.455
4.456
4.451
4.446
4.469
4.450
4.465
4.468
4.450
4.456
4.462
4.458
4.459
4.460
4.467
4.460
4.454
4.465
4.458
4.466
4.464
4.471
4.471
4.447
4.459
4.459
4.457
4.457
4.466
4.460
4.462
4.457
4.460
4.454
4.463
4.458
4.464
4.466
4.463
4.465
4.465
4.465
4.460
4.461
4.468
4.466
4.457
4.464
4.463
4.465
4.470
4.478
4.467
4.461
4.464
4.470
4.459
4.457
4.459
4.461
4.464
4.465
4.462
4.458
4.467
4.456
4.460
4.465
4.455
4.469
4.461
4.465
4.463
4.463
4.464
4.470
4.462
4.472
4.458
4.471
4.461
4.478
4.471
4.464
4.461
4.473
4.455
4.471
4.464
4.467
4.459
4.473
4.462
4.472
4.472
4.470
4.466
4.462
4.477
4.469
4.461
4.458
4.471
4.470
4.462
4.466
4.469
4.478
4.471
4.468
4.461
4.470
4.459
4.465
4.472
4.470
4.473
4.473
4.474
4.468
4.478
4.470
4.475
4.469
4.473
4.469
4.478
4.479
4.483
4.455
4.481
4.480
4.466
4.461
4.461
4.479
4.481
4.473
4.468
4.472
4.475
4.475
4.475
4.463
4.474
4.468
4.481
4.485
4.469
4.476
4.468
4.470
4.487
4.488
4.474
4.471
4.476
4.471
4.473
4.468
4.478
4.477
4.481
4.479
4.467
4.479
4.478
4.469
4.471
4.482
4.473
4.470
4.490
4.480
4.476
4.466
4.474
4.469
4.477
4.480
4.479
4.470
4.468
4.465
4.480
4.486
4.470
4.476
4.476
4.471
4.486
4.488
4.481
4.475
4.475
4.468
4.481
4.475
4.494
4.473
4.479
4.477
4.484
4.474
4.484
4.472
4.475
4.476
4.491
4.472
4.481
4.486
4.475
4.483
4.481
4.477
4.475
4.490
4.481
4.477
4.480
4.480
4.478
4.483
4.483
4.478
4.478
4.475
4.483
4.476
4.486
4.478
4.476
4.481
4.486
4.491
4.486
4.491
4.478
4.484
4.487
4.472
4.487
4.489
4.483
4.490
4.477
4.484
4.474
4.485
4.484
4.487
4.478
4.480
4.488
4.485
4.482
4.484
4.482
4.478
4.472
4.487
4.483
4.482
4.484
4.482
4.481
4.487
4.494
4.484
4.483
4.483
4.477
4.492
4.487
4.479
4.487
4.476
4.487
4.482
4.489
4.479
4.484
4.473
4.484
4.488
4.484
4.482
4.476
4.482
4.486
4.487
4.489
4.495
4.486
4.488
4.483
4.487
4.481
4.479
4.486
4.486
4.483
4.492
4.492
4.485
4.484
4.486
4.487
4.495
4.491
4.495
4.486
4.493
4.494
4.483
4.489
4.494
4.493
4.485
4.489
4.487
4.494
4.484
4.483
4.496
4.489
4.489
4.494
4.491
4.485
4.487
4.492
4.506
4.496
4.483
4.477
4.487
4.494
4.495
4.502
4.497
4.500
4.503
4.488
4.491
4.490
4.503
4.491
4.486
4.487
4.499
4.485
4.489
4.486
4.480
4.494
4.493
4.484
4.484
4.496
4.501
4.489
4.494
4.492
4.491
4.505
4.495
4.494
4.501
4.484
4.488
4.488
4.494
4.494
4.486
4.494
4.487
4.497
4.494
4.495
4.499
4.493
4.488
4.479
4.489
4.497
4.505
4.485
4.496
4.495
4.496
4.494
4.495
4.487
4.494
4.500
4.502
4.490
4.491
4.502
4.500
4.490
4.501
4.491
4.505
4.490
4.495
4.496
4.492
4.496
4.496
4.491
4.496
4.488
4.489
4.492
4.489
4.487
4.498
4.496
4.506
4.499
4.494
4.500
4.499
4.506
4.493
4.506
4.497
4.498
4.494
4.495
4.487
4.494
4.503
4.485
4.486
4.488
4.498
4.498
4.489
4.497
4.503
4.506
4.497
4.498
4.497
4.490
4.496
4.498
4.498
4.493
4.496
4.496
4.507
4.501
4.505
4.509
4.505
