-0.283 -0.270 -0.270 -0.309 -0.325 -0.339 -0.337 -0.331 -0.333 -0.319 -0.289 -0.184 -0.106 -0.067 0.033 -0.122 -0.207 0.006 0.103 0.065 0.076 0.014 -0.057 -0.082 0.140 0.270 0.301 0.318 0.315 0.311 0.302 0.271 0.269 0.281 0.240 0.258 0.246 0.258 0.271 0.300 0.300 0.299 0.294 0.288 0.287 0.306 0.308 0.309 0.296 0.251
-0.270 -0.260 -0.261 -0.294 -0.306 -0.315 -0.315 -0.312 -0.312 -0.301 -0.276 -0.185 -0.117 -0.085 0.003 -0.131 -0.204 -0.019 0.064 0.032 0.041 -0.012 -0.074 -0.095 0.096 0.206 0.231 0.243 0.242 0.239 0.231 0.207 0.206 0.215 0.183 0.198 0.188 0.198 0.209 0.231 0.231 0.230 0.225 0.221 0.220 0.235 0.236 0.237 0.227 0.191
-0.270 -0.261 -0.261 -0.293 -0.305 -0.313 -0.313 -0.310 -0.311 -0.300 -0.276 -0.188 -0.121 -0.091 -0.005 -0.135 -0.205 -0.027 0.054 0.023 0.032 -0.019 -0.079 -0.100 0.086 0.192 0.216 0.227 0.226 0.223 0.216 0.192 0.192 0.201 0.170 0.184 0.174 0.184 0.195 0.216 0.215 0.215 0.210 0.206 0.205 0.219 0.221 0.222 0.212 0.177
-0.309 -0.294 -0.293 -0.335 -0.352 -0.369 -0.367 -0.359 -0.361 -0.347 -0.314 -0.206 -0.126 -0.084 0.019 -0.143 -0.230 -0.010 0.090 0.049 0.060 -0.004 -0.077 -0.102 0.128 0.265 0.297 0.318 0.314 0.310 0.299 0.265 0.263 0.276 0.231 0.250 0.237 0.250 0.264 0.296 0.297 0.296 0.291 0.284 0.282 0.303 0.305 0.306 0.292 0.244
-0.325 -0.306 -0.305 -0.352 -0.372 -0.393 -0.391 -0.380 -0.382 -0.366 -0.329 -0.209 -0.121 -0.073 0.040 -0.140 -0.237 0.007 0.118 0.072 0.085 0.013 -0.067 -0.095 0.161 0.314 0.351 0.376 0.371 0.366 0.354 0.313 0.311 0.326 0.274 0.296 0.281 0.296 0.312 0.350 0.351 0.349 0.344 0.336 0.334 0.358 0.361 0.362 0.346 0.290
-0.339 -0.315 -0.313 -0.369 -0.393 -0.419 -0.417 -0.402 -0.405 -0.387 -0.343 -0.205 -0.104 -0.047 0.082 -0.126 -0.238 0.043 0.172 0.118 0.132 0.049 -0.043 -0.075 0.220 0.398 0.443 0.474 0.467 0.461 0.446 0.398 0.394 0.412 0.350 0.375 0.358 0.376 0.395 0.441 0.442 0.440 0.434 0.425 0.422 0.451 0.455 0.456 0.436 0.370
-0.337 -0.315 -0.313 -0.367 -0.391 -0.417 -0.414 -0.400 -0.403 -0.385 -0.342 -0.206 -0.107 -0.050 0.076 -0.128 -0.238 0.038 0.164 0.111 0.125 0.044 -0.047 -0.078 0.212 0.387 0.431 0.461 0.454 0.449 0.434 0.387 0.383 0.401 0.340 0.365 0.347 0.365 0.384 0.429 0.430 0.428 0.422 0.413 0.411 0.439 0.443 0.444 0.425 0.360
-0.331 -0.312 -0.310 -0.359 -0.380 -0.402 -0.400 -0.388 -0.391 -0.374 -0.336 -0.212 -0.122 -0.072 0.044 -0.141 -0.241 0.010 0.124 0.077 0.089 0.016 -0.067 -0.095 0.167 0.325 0.364 0.391 0.385 0.380 0.367 0.325 0.322 0.338 0.284 0.306 0.291 0.307 0.323 0.363 0.364 0.362 0.357 0.348 0.346 0.372 0.375 0.376 0.359 0.301
-0.333 -0.312 -0.311 -0.361 -0.382 -0.405 -0.403 -0.391 -0.394 -0.377 -0.337 -0.211 -0.118 -0.066 0.052 -0.138 -0.241 0.017 0.134 0.085 0.098 0.023 -0.062 -0.091 0.178 0.340 0.381 0.408 0.402 0.397 0.383 0.340 0.337 0.353 0.297 0.320 0.304 0.321 0.338 0.379 0.380 0.378 0.373 0.364 0.362 0.388 0.391 0.392 0.375 0.315
-0.319 -0.301 -0.300 -0.347 -0.366 -0.387 -0.385 -0.374 -0.377 -0.361 -0.324 -0.204 -0.116 -0.068 0.044 -0.135 -0.232 0.012 0.123 0.077 0.089 0.018 -0.062 -0.090 0.165 0.317 0.354 0.379 0.373 0.369 0.357 0.317 0.314 0.329 0.278 0.299 0.285 0.300 0.316 0.353 0.354 0.352 0.347 0.339 0.337 0.361 0.364 0.365 0.349 0.294
-0.289 -0.276 -0.276 -0.314 -0.329 -0.343 -0.342 -0.336 -0.337 -0.324 -0.294 -0.192 -0.116 -0.078 0.019 -0.132 -0.214 -0.007 0.087 0.050 0.060 0.000 -0.069 -0.093 0.124 0.250 0.280 0.297 0.294 0.290 0.281 0.251 0.249 0.261 0.221 0.238 0.226 0.239 0.251 0.279 0.280 0.278 0.274 0.268 0.266 0.285 0.287 0.288 0.275 0.232
-0.184 -0.185 -0.188 -0.206 -0.209 -0.205 -0.206 -0.212 -0.211 -0.204 -0.192 -0.131 -0.081 -0.068 -0.004 -0.091 -0.139 -0.014 0.040 0.024 0.030 -0.005 -0.047 -0.064 0.064 0.129 0.140 0.137 0.141 0.139 0.137 0.130 0.133 0.135 0.124 0.132 0.128 0.132 0.137 0.141 0.140 0.139 0.135 0.135 0.135 0.139 0.140 0.140 0.137 0.122
-0.106 -0.117 -0.121 -0.126 -0.121 -0.104 -0.107 -0.122 -0.118 -0.116 -0.116 -0.081 -0.047 -0.050 -0.007 -0.053 -0.079 -0.007 0.023 0.020 0.024 0.005 -0.021 -0.033 0.038 0.064 0.061 0.045 0.053 0.053 0.056 0.066 0.071 0.066 0.076 0.077 0.077 0.077 0.076 0.064 0.061 0.062 0.059 0.061 0.063 0.057 0.057 0.057 0.061 0.065
-0.067 -0.085 -0.091 -0.084 -0.073 -0.047 -0.050 -0.072 -0.066 -0.068 -0.078 -0.068 -0.050 -0.067 -0.045 -0.052 -0.058 -0.036 -0.030 -0.022 -0.020 -0.024 -0.034 -0.041 -0.023 -0.034 -0.046 -0.072 -0.061 -0.061 -0.053 -0.031 -0.023 -0.033 -0.008 -0.013 -0.008 -0.013 -0.018 -0.043 -0.046 -0.045 -0.047 -0.042 -0.039 -0.053 -0.055 -0.054 -0.046 -0.026
0.033 0.003 -0.005 0.019 0.040 0.082 0.076 0.044 0.052 0.044 0.019 -0.004 -0.007 -0.045 -0.050 -0.004 0.018 -0.027 -0.054 -0.028 -0.030 -0.013 -0.002 -0.002 -0.057 -0.119 -0.148 -0.191 -0.174 -0.173 -0.158 -0.116 -0.104 -0.123 -0.072 -0.085 -0.074 -0.085 -0.098 -0.143 -0.147 -0.146 -0.147 -0.138 -0.133 -0.159 -0.162 -0.162 -0.146 -0.101
-0.122 -0.131 -0.135 -0.143 -0.140 -0.126 -0.128 -0.141 -0.138 -0.135 -0.132 -0.091 -0.053 -0.052 -0.004 -0.060 -0.091 -0.006 0.029 0.023 0.028 0.005 -0.025 -0.038 0.047 0.081 0.082 0.069 0.076 0.075 0.078 0.083 0.088 0.085 0.090 0.092 0.092 0.092 0.093 0.084 0.082 0.082 0.079 0.081 0.082 0.079 0.078 0.079 0.081 0.081
-0.207 -0.204 -0.205 -0.230 -0.237 -0.238 -0.238 -0.241 -0.241 -0.232 -0.214 -0.139 -0.079 -0.058 0.018 -0.091 -0.151 0.003 0.071 0.048 0.056 0.012 -0.040 -0.059 0.100 0.185 0.202 0.205 0.207 0.204 0.201 0.186 0.188 0.193 0.173 0.184 0.177 0.184 0.191 0.203 0.202 0.201 0.197 0.195 0.195 0.203 0.204 0.205 0.199 0.175
0.006 -0.019 -0.027 -0.010 0.007 0.043 0.038 0.010 0.017 0.012 -0.007 -0.014 -0.007 -0.036 -0.027 -0.006 0.003 -0.010 -0.022 -0.003 -0.003 0.004 0.005 0.001 -0.020 -0.058 -0.080 -0.117 -0.102 -0.101 -0.089 -0.055 -0.045 -0.060 -0.020 -0.029 -0.021 -0.029 -0.039 -0.076 -0.080 -0.078 -0.080 -0.073 -0.069 -0.090 -0.092 -0.092 -0.079 -0.045
0.103 0.064 0.054 0.090 0.118 0.172 0.164 0.124 0.134 0.123 0.087 0.040 0.023 -0.030 -0.054 0.029 0.071 -0.022 -0.071 -0.033 -0.037 -0.006 0.021 0.024 -0.081 -0.179 -0.220 -0.275 -0.253 -0.251 -0.231 -0.175 -0.161 -0.185 -0.117 -0.136 -0.120 -0.136 -0.154 -0.213 -0.219 -0.216 -0.217 -0.205 -0.199 -0.234 -0.238 -0.238 -0.216 -0.154
0.065 0.032 0.023 0.049 0.072 0.118 0.111 0.077 0.085 0.077 0.050 0.024 0.020 -0.022 -0.028 0.023 0.048 -0.003 -0.033 -0.005 -0.007 0.012 0.025 0.025 -0.037 -0.104 -0.136 -0.182 -0.164 -0.162 -0.146 -0.101 -0.088 -0.108 -0.054 -0.068 -0.056 -0.068 -0.082 -0.130 -0.135 -0.133 -0.135 -0.125 -0.120 -0.148 -0.151 -0.151 -0.133 -0.085
0.076 0.041 0.032 0.060 0.085 0.132 0.125 0.089 0.098 0.089 0.060 0.030 0.024 -0.020 -0.030 0.028 0.056 -0.003 -0.037 -0.007 -0.009 0.012 0.028 0.028 -0.042 -0.115 -0.149 -0.197 -0.178 -0.176 -0.159 -0.111 -0.098 -0.120 -0.062 -0.077 -0.065 -0.077 -0.092 -0.143 -0.148 -0.146 -0.147 -0.137 -0.132 -0.161 -0.165 -0.164 -0.146 -0.095
0.014 -0.012 -0.019 -0.004 0.013 0.049 0.044 0.016 0.023 0.018 0.000 -0.005 0.005 -0.024 -0.013 0.005 0.012 0.004 -0.006 0.012 0.012 0.018 0.017 0.013 -0.003 -0.039 -0.060 -0.097 -0.082 -0.081 -0.069 -0.035 -0.025 -0.040 -0.001 -0.009 -0.001 -0.010 -0.019 -0.056 -0.060 -0.058 -0.061 -0.053 -0.049 -0.070 -0.072 -0.072 -0.059 -0.025
-0.057 -0.074 -0.079 -0.077 -0.067 -0.043 -0.047 -0.067 -0.062 -0.062 -0.069 -0.047 -0.021 -0.034 -0.002 -0.025 -0.040 0.005 0.021 0.025 0.028 0.017 -0.000 -0.010 0.032 0.036 0.027 0.003 0.014 0.014 0.020 0.039 0.046 0.037 0.058 0.055 0.058 0.055 0.051 0.030 0.027 0.028 0.025 0.029 0.032 0.021 0.020 0.020 0.027 0.042
-0.082 -0.095 -0.100 -0.102 -0.095 -0.075 -0.078 -0.095 -0.091 -0.090 -0.093 -0.064 -0.033 -0.041 -0.002 -0.038 -0.059 0.001 0.024 0.025 0.028 0.013 -0.010 -0.020 0.038 0.054 0.048 0.029 0.038 0.038 0.043 0.056 0.063 0.056 0.070 0.070 0.071 0.070 0.067 0.051 0.049 0.049 0.046 0.049 0.052 0.043 0.042 0.043 0.048 0.057
0.140 0.096 0.086 0.128 0.161 0.220 0.212 0.167 0.178 0.165 0.124 0.064 0.038 -0.023 -0.057 0.047 0.100 -0.020 -0.081 -0.037 -0.042 -0.003 0.032 0.038 -0.096 -0.213 -0.260 -0.322 -0.298 -0.295 -0.273 -0.208 -0.193 -0.221 -0.143 -0.164 -0.147 -0.165 -0.185 -0.253 -0.259 -0.256 -0.257 -0.243 -0.236 -0.276 -0.280 -0.280 -0.255 -0.184
0.270 0.206 0.192 0.265 0.314 0.398 0.387 0.325 0.340 0.317 0.250 0.129 0.064 -0.034 -0.119 0.081 0.185 -0.058 -0.179 -0.104 -0.115 -0.039 0.036 0.054 -0.213 -0.421 -0.495 -0.584 -0.552 -0.546 -0.513 -0.415 -0.393 -0.435 -0.315 -0.351 -0.323 -0.352 -0.384 -0.485 -0.494 -0.489 -0.489 -0.468 -0.459 -0.519 -0.526 -0.526 -0.487 -0.375
0.301 0.231 0.216 0.297 0.351 0.443 0.431 0.364 0.381 0.354 0.280 0.140 0.061 -0.046 -0.148 0.082 0.202 -0.080 -0.220 -0.136 -0.149 -0.060 0.027 0.048 -0.260 -0.495 -0.577 -0.674 -0.639 -0.633 -0.596 -0.489 -0.466 -0.512 -0.379 -0.420 -0.388 -0.421 -0.456 -0.567 -0.576 -0.571 -0.570 -0.547 -0.537 -0.603 -0.611 -0.611 -0.568 -0.444
0.318 0.243 0.227 0.318 0.376 0.474 0.461 0.391 0.408 0.379 0.297 0.137 0.045 -0.072 -0.191 0.069 0.205 -0.117 -0.275 -0.182 -0.197 -0.097 0.003 0.029 -0.322 -0.584 -0.674 -0.778 -0.741 -0.734 -0.694 -0.578 -0.553 -0.603 -0.459 -0.504 -0.469 -0.505 -0.544 -0.663 -0.673 -0.668 -0.665 -0.641 -0.630 -0.702 -0.710 -0.710 -0.664 -0.529
0.315 0.242 0.226 0.314 0.371 0.467 0.454 0.385 0.402 0.373 0.294 0.141 0.053 -0.061 -0.174 0.076 0.207 -0.102 -0.253 -0.164 -0.178 -0.082 0.014 0.038 -0.298 -0.552 -0.639 -0.741 -0.704 -0.697 -0.659 -0.545 -0.521 -0.569 -0.429 -0.473 -0.439 -0.474 -0.512 -0.629 -0.638 -0.633 -0.631 -0.607 -0.596 -0.666 -0.674 -0.675 -0.630 -0.498
0.311 0.239 0.223 0.310 0.366 0.461 0.449 0.380 0.397 0.369 0.290 0.139 0.053 -0.061 -0.173 0.075 0.204 -0.101 -0.251 -0.162 -0.176 -0.081 0.014 0.038 -0.295 -0.546 -0.633 -0.734 -0.697 -0.691 -0.652 -0.540 -0.516 -0.564 -0.425 -0.468 -0.434 -0.469 -0.506 -0.622 -0.631 -0.626 -0.625 -0.600 -0.590 -0.660 -0.668 -0.668 -0.623 -0.493
0.302 0.231 0.216 0.299 0.354 0.446 0.434 0.367 0.383 0.357 0.281 0.137 0.056 -0.053 -0.158 0.078 0.201 -0.089 -0.231 -0.146 -0.159 -0.069 0.020 0.043 -0.273 -0.513 -0.596 -0.694 -0.659 -0.652 -0.616 -0.507 -0.483 -0.530 -0.395 -0.437 -0.405 -0.438 -0.474 -0.586 -0.595 -0.590 -0.589 -0.565 -0.556 -0.622 -0.630 -0.630 -0.587 -0.461
0.271 0.207 0.192 0.265 0.313 0.398 0.387 0.325 0.340 0.317 0.251 0.130 0.066 -0.031 -0.116 0.083 0.186 -0.055 -0.175 -0.101 -0.111 -0.035 0.039 0.056 -0.208 -0.415 -0.489 -0.578 -0.545 -0.540 -0.507 -0.409 -0.388 -0.429 -0.310 -0.346 -0.318 -0.346 -0.379 -0.479 -0.487 -0.483 -0.482 -0.461 -0.453 -0.512 -0.519 -0.519 -0.481 -0.369
0.269 0.206 0.192 0.263 0.311 0.394 0.383 0.322 0.337 0.314 0.249 0.133 0.071 -0.023 -0.104 0.088 0.188 -0.045 -0.161 -0.088 -0.098 -0.025 0.046 0.063 -0.193 -0.393 -0.466 -0.553 -0.521 -0.516 -0.483 -0.388 -0.366 -0.407 -0.290 -0.325 -0.298 -0.326 -0.357 -0.456 -0.464 -0.460 -0.460 -0.439 -0.430 -0.489 -0.496 -0.496 -0.458 -0.349
0.281 0.215 0.201 0.276 0.326 0.412 0.401 0.338 0.353 0.329 0.261 0.135 0.066 -0.033 -0.123 0.085 0.193 -0.060 -0.185 -0.108 -0.120 -0.040 0.037 0.056 -0.221 -0.435 -0.512 -0.603 -0.569 -0.564 -0.530 -0.429 -0.407 -0.450 -0.327 -0.364 -0.335 -0.365 -0.398 -0.502 -0.510 -0.506 -0.505 -0.483 -0.474 -0.536 -0.543 -0.543 -0.503 -0.388
0.240 0.183 0.170 0.231 0.274 0.350 0.340 0.284 0.297 0.278 0.221 0.124 0.076 -0.008 -0.072 0.090 0.173 -0.020 -0.117 -0.054 -0.062 -0.001 0.058 0.070 -0.143 -0.315 -0.379 -0.459 -0.429 -0.425 -0.395 -0.310 -0.290 -0.327 -0.222 -0.253 -0.228 -0.254 -0.281 -0.370 -0.378 -0.374 -0.374 -0.356 -0.348 -0.400 -0.406 -0.406 -0.373 -0.276
0.258 0.198 0.184 0.250 0.296 0.375 0.365 0.306 0.320 0.299 0.238 0.132 0.077 -0.013 -0.085 0.092 0.184 -0.029 -0.136 -0.068 -0.077 -0.009 0.055 0.070 -0.164 -0.351 -0.420 -0.504 -0.473 -0.468 -0.437 -0.346 -0.325 -0.364 -0.253 -0.286 -0.260 -0.287 -0.316 -0.410 -0.418 -0.414 -0.414 -0.395 -0.386 -0.442 -0.448 -0.448 -0.412 -0.309
0.246 0.188 0.174 0.237 0.281 0.358 0.347 0.291 0.304 0.285 0.226 0.128 0.077 -0.008 -0.074 0.092 0.177 -0.021 -0.120 -0.056 -0.065 -0.001 0.058 0.071 -0.147 -0.323 -0.388 -0.469 -0.439 -0.434 -0.405 -0.318 -0.298 -0.335 -0.228 -0.260 -0.235 -0.261 -0.289 -0.379 -0.387 -0.383 -0.383 -0.364 -0.356 -0.410 -0.416 -0.416 -0.381 -0.283
0.258 0.198 0.184 0.250 0.296 0.376 0.365 0.307 0.321 0.300 0.239 0.132 0.077 -0.013 -0.085 0.092 0.184 -0.029 -0.136 -0.068 -0.077 -0.010 0.055 0.070 -0.165 -0.352 -0.421 -0.505 -0.474 -0.469 -0.438 -0.346 -0.326 -0.365 -0.254 -0.287 -0.261 -0.287 -0.317 -0.411 -0.419 -0.415 -0.415 -0.395 -0.387 -0.443 -0.449 -0.449 -0.413 -0.310
0.271 0.209 0.195 0.264 0.312 0.395 0.384 0.323 0.338 0.316 0.251 0.137 0.076 -0.018 -0.098 0.093 0.191 -0.039 -0.154 -0.082 -0.092 -0.019 0.051 0.067 -0.185 -0.384 -0.456 -0.544 -0.512 -0.506 -0.474 -0.379 -0.357 -0.398 -0.281 -0.316 -0.289 -0.317 -0.348 -0.447 -0.455 -0.451 -0.450 -0.430 -0.421 -0.480 -0.486 -0.486 -0.449 -0.340
0.300 0.231 0.216 0.296 0.350 0.441 0.429 0.363 0.379 0.353 0.279 0.141 0.064 -0.043 -0.143 0.084 0.203 -0.076 -0.213 -0.130 -0.143 -0.056 0.030 0.051 -0.253 -0.485 -0.567 -0.663 -0.629 -0.622 -0.586 -0.479 -0.456 -0.502 -0.370 -0.410 -0.379 -0.411 -0.447 -0.557 -0.565 -0.561 -0.560 -0.537 -0.527 -0.593 -0.600 -0.600 -0.558 -0.435
0.300 0.231 0.215 0.297 0.351 0.442 0.430 0.364 0.380 0.354 0.280 0.140 0.061 -0.046 -0.147 0.082 0.202 -0.080 -0.219 -0.135 -0.148 -0.060 0.027 0.049 -0.259 -0.494 -0.576 -0.673 -0.638 -0.631 -0.595 -0.487 -0.464 -0.510 -0.378 -0.418 -0.387 -0.419 -0.455 -0.565 -0.574 -0.570 -0.568 -0.545 -0.536 -0.602 -0.609 -0.609 -0.567 -0.443
0.299 0.230 0.215 0.296 0.349 0.440 0.428 0.362 0.378 0.352 0.278 0.139 0.062 -0.045 -0.146 0.082 0.201 -0.078 -0.216 -0.133 -0.146 -0.058 0.028 0.049 -0.256 -0.489 -0.571 -0.668 -0.633 -0.626 -0.590 -0.483 -0.460 -0.506 -0.374 -0.414 -0.383 -0.415 -0.451 -0.561 -0.570 -0.565 -0.564 -0.541 -0.531 -0.597 -0.604 -0.605 -0.562 -0.439
0.294 0.225 0.210 0.291 0.344 0.434 0.422 0.357 0.373 0.347 0.274 0.135 0.059 -0.047 -0.147 0.079 0.197 -0.080 -0.217 -0.135 -0.147 -0.061 0.025 0.046 -0.257 -0.489 -0.570 -0.665 -0.631 -0.625 -0.589 -0.482 -0.460 -0.505 -0.374 -0.414 -0.383 -0.415 -0.450 -0.560 -0.568 -0.564 -0.562 -0.540 -0.530 -0.595 -0.603 -0.603 -0.561 -0.439
0.288 0.221 0.206 0.284 0.336 0.425 0.413 0.348 0.364 0.339 0.268 0.135 0.061 -0.042 -0.138 0.081 0.195 -0.073 -0.205 -0.125 -0.137 -0.053 0.029 0.049 -0.243 -0.468 -0.547 -0.641 -0.607 -0.600 -0.565 -0.461 -0.439 -0.483 -0.356 -0.395 -0.364 -0.395 -0.430 -0.537 -0.545 -0.541 -0.540 -0.517 -0.508 -0.572 -0.579 -0.579 -0.538 -0.419
0.287 0.220 0.205 0.282 0.334 0.422 0.411 0.346 0.362 0.337 0.266 0.135 0.063 -0.039 -0.133 0.082 0.195 -0.069 -0.199 -0.120 -0.132 -0.049 0.032 0.052 -0.236 -0.459 -0.537 -0.630 -0.596 -0.590 -0.556 -0.453 -0.430 -0.474 -0.348 -0.386 -0.356 -0.387 -0.421 -0.527 -0.536 -0.531 -0.530 -0.508 -0.499 -0.562 -0.569 -0.569 -0.529 -0.410
0.306 0.235 0.219 0.303 0.358 0.451 0.439 0.372 0.388 0.361 0.285 0.139 0.057 -0.053 -0.159 0.079 0.203 -0.090 -0.234 -0.148 -0.161 -0.070 0.021 0.043 -0.276 -0.519 -0.603 -0.702 -0.666 -0.660 -0.622 -0.512 -0.489 -0.536 -0.400 -0.442 -0.410 -0.443 -0.480 -0.593 -0.602 -0.597 -0.595 -0.572 -0.562 -0.629 -0.637 -0.637 -0.594 -0.467
0.308 0.236 0.221 0.305 0.361 0.455 0.443 0.375 0.391 0.364 0.287 0.140 0.057 -0.055 -0.162 0.078 0.204 -0.092 -0.238 -0.151 -0.165 -0.072 0.020 0.042 -0.280 -0.526 -0.611 -0.710 -0.674 -0.668 -0.630 -0.519 -0.496 -0.543 -0.406 -0.448 -0.416 -0.449 -0.486 -0.600 -0.609 -0.604 -0.603 -0.579 -0.569 -0.637 -0.645 -0.645 -0.601 -0.473
0.309 0.237 0.222 0.306 0.362 0.456 0.444 0.376 0.392 0.365 0.288 0.140 0.057 -0.054 -0.162 0.079 0.205 -0.092 -0.238 -0.151 -0.164 -0.072 0.020 0.043 -0.280 -0.526 -0.611 -0.710 -0.675 -0.668 -0.630 -0.519 -0.496 -0.543 -0.406 -0.448 -0.416 -0.449 -0.486 -0.600 -0.609 -0.605 -0.603 -0.579 -0.569 -0.637 -0.645 -0.646 -0.602 -0.473
0.296 0.227 0.212 0.292 0.346 0.436 0.425 0.359 0.375 0.349 0.275 0.137 0.061 -0.046 -0.146 0.081 0.199 -0.079 -0.216 -0.133 -0.146 -0.059 0.027 0.048 -0.255 -0.487 -0.568 -0.664 -0.630 -0.623 -0.587 -0.481 -0.458 -0.503 -0.373 -0.412 -0.381 -0.413 -0.449 -0.558 -0.567 -0.562 -0.561 -0.538 -0.529 -0.594 -0.601 -0.602 -0.559 -0.437
0.251 0.191 0.177 0.244 0.290 0.370 0.360 0.301 0.315 0.294 0.232 0.122 0.065 -0.026 -0.101 0.081 0.175 -0.045 -0.154 -0.085 -0.095 -0.025 0.042 0.057 -0.184 -0.375 -0.444 -0.529 -0.498 -0.493 -0.461 -0.369 -0.349 -0.388 -0.276 -0.309 -0.283 -0.310 -0.340 -0.435 -0.443 -0.439 -0.439 -0.419 -0.410 -0.467 -0.473 -0.473 -0.437 -0.333
