-0.6	1.0	0.0	-0.9	0.2	0.9	0.4	0.2	0.5	0.7	0.5	0.9	0.5	-0.1	0.4	-0.5	0.6	0.3	-0.5	0.6	-0.1	0.6	-0.2	0.0	0.3	-0.4	0.1	0.5	0.3	0.2	-0.4	0.5	0.6	-0.7	0.2	-0.9	-0.1	-1.0	-0.4	0.2	-0.7	0.6	0.2	-0.9	0.9
-0.6	1.0	0.0	-0.9	0.2	0.9	0.4	0.2	0.5	0.7	0.5	0.9	0.5	-0.1	0.4	-0.5	0.6	0.3	-0.5	0.6	-0.1	0.6	-0.2	0.0	0.3	-0.4	0.1	0.5	0.3	0.2	-0.4	0.5	0.6	-0.7	0.2	-0.9	-0.1	-1.0	-0.4	0.2	-0.7	0.6	0.2	-0.9	0.9
-0.71067 0.81992 0.21511 -0.42848 0.60389 1.61314 1.67703 0.75672 2.15072 1.12150 0.79507 2.22939 0.92292 0.49721 1.82887 0.13917 2.26434 0.94183 0.33003 2.23580 0.91630 0.20983 0.08245 -0.92883 0.86554 -0.36622 0.76320 0.34376 -0.30114 1.40568 -0.29056 1.33609 1.08339 -0.34970 0.35726 -0.09248 0.12025 -1.44150 0.58013 1.62660 0.59365 -0.13987 0.87841 0.07319 1.12298 
-0.37156 0.40847 0.26888 1.41849 1.10830 1.91808 3.01327 1.99724 2.01520 2.38652 0.69260 2.65536 1.82483 1.39415 2.56967 0.60974 2.87689 2.28414 0.55308 3.80065 2.21392 1.02206 0.32055 0.79556 1.49687 0.23925 0.70970 -0.32483 -0.53023 3.51754 -0.28512 2.28633 1.82997 0.99406 1.17844 0.89376 0.52555 -1.81716 -0.19181 2.30622 2.23256 0.12451 1.86843 0.81707 1.50243 
-0.20994 0.37660 0.84631 2.47971 1.61534 2.37008 4.36062 2.72857 3.79815 2.94653 0.95505 2.67577 2.85680 2.50980 4.73645 1.25511 4.73429 2.97414 1.80552 4.84905 2.99128 0.67130 0.52751 1.48658 2.34008 1.36834 1.38086 -0.25754 0.33744 5.12984 -0.16247 3.65259 2.27205 1.51540 2.46143 1.35637 0.42157 -2.75296 0.47181 3.33687 3.92520 0.40109 2.41901 3.35184 2.41519 
0.19916 0.58087 1.71748 3.34243 2.48138 3.56303 5.78472 4.15748 5.59847 3.66636 1.59157 3.69560 4.07535 3.56433 5.47525 2.55373 7.28258 4.36772 3.42476 5.66936 6.42758 1.37518 1.93916 2.46484 3.15953 1.94895 2.62721 0.82306 0.35811 7.65689 -0.12836 4.54397 3.80239 3.27755 3.40748 2.89367 1.06377 -2.08209 2.54046 4.88049 4.97081 -0.79706 2.90546 4.78526 1.85486 
0.71486 0.98101 2.26262 4.99449 3.54895 4.90574 6.49730 6.10121 6.00261 5.05972 2.51086 4.87137 5.35401 5.53541 5.96336 2.44685 7.98312 5.52704 4.71124 6.42479 7.45975 2.27066 2.73372 4.43055 3.11406 3.08234 4.12416 1.72772 0.72205 10.32327 0.13824 6.17469 4.46633 4.47298 5.41806 4.00883 2.18451 -0.67900 4.33969 5.82026 7.06520 -0.92659 4.76125 5.00836 2.78487 
1.17999 0.94384 3.25585 6.48412 4.50399 6.08542 8.32324 6.94973 8.14513 6.34242 2.11957 5.24082 6.31675 7.57436 5.58555 5.19465 8.28621 6.55513 5.98314 7.89061 8.61722 3.74356 3.79219 5.89662 3.46268 3.73904 5.07798 2.53882 2.11843 11.95792 0.44673 9.04542 5.69996 6.10387 7.26221 5.23115 2.60778 0.80303 4.44877 7.40852 9.96983 -1.56555 5.46019 6.41757 2.01056 
1.60707 1.48480 4.20846 8.26513 5.72393 8.05293 10.77196 7.24742 10.29387 6.99084 2.77598 5.75618 6.92077 9.59577 6.46221 6.66508 9.29436 8.33362 9.02066 9.68251 9.55615 4.58590 5.81007 3.87068 4.30719 4.60932 5.07296 3.38149 4.13294 12.42278 0.90552 10.33168 7.60108 8.45879 8.04648 6.79825 2.87473 1.66584 5.28025 8.82712 13.27248 -0.90788 6.58403 7.36786 4.51906 
1.99997 2.38244 4.75119 9.73699 6.71128 9.80268 12.54818 8.93167 11.83544 7.88062 3.22622 6.87960 8.32592 10.08681 7.41538 7.96057 10.14002 8.53133 10.33008 11.01184 10.21560 5.77540 8.85355 5.18569 5.08986 6.16753 6.60464 4.10982 5.42460 13.71810 1.19915 12.59952 9.21723 9.21679 9.29094 8.42826 3.31885 2.39453 5.49743 10.01579 15.24827 0.32419 7.06411 7.41227 5.51725 
2.82091 3.52418 5.77558 11.02032 7.65591 10.94023 14.64641 10.95659 14.26558 8.34130 4.04715 8.18013 9.40317 12.18385 7.38237 9.86405 9.66775 9.03555 12.28353 12.35650 10.61651 8.00839 10.46768 5.67696 5.82184 7.32681 6.81516 5.12422 7.31846 15.74333 1.53275 14.01351 10.47769 10.88727 10.11924 9.16335 4.57659 3.98783 6.64962 10.99901 16.18349 0.90487 8.63381 8.73755 5.67349 
3.34201 3.69752 6.64811 12.79280 8.86375 12.73283 16.63873 12.38537 15.58954 8.78136 5.33553 8.21533 10.45440 15.32222 8.64085 10.22758 11.18572 9.40289 14.70510 12.77576 10.94262 9.57076 11.61630 4.81460 6.28554 8.47066 6.96516 5.99672 8.89287 16.95986 1.87106 15.87334 11.56148 11.84801 11.06571 9.52531 6.21985 4.55135 8.29802 12.36453 17.57976 2.32812 9.36725 9.40200 6.16840 
3.75240 4.68287 6.50054 13.57238 10.06705 14.46807 18.03917 14.41306 17.86591 9.41482 6.17071 9.03084 11.58773 17.03623 10.07885 12.63770 10.96456 9.26958 14.98552 14.50617 12.23497 10.71266 12.18508 5.20390 7.09865 9.03284 7.51688 7.23612 9.55523 18.30299 2.09333 17.12323 12.51253 13.79279 12.55861 10.70082 6.90510 5.45829 8.27342 13.55756 20.19346 3.37302 10.22085 10.94744 6.98362 
4.24081 5.32627 7.39598 14.74109 11.15839 15.87530 19.70578 15.82639 18.53944 9.75458 7.68391 10.33470 12.49675 17.04325 10.60463 13.99432 11.52020 10.26123 16.40581 15.79396 13.11462 12.51652 15.43707 6.97579 7.46190 9.95914 8.79577 8.25110 10.93195 19.47178 2.51305 17.49392 13.20861 14.88354 13.25378 11.54497 7.58085 5.89580 9.86938 14.37952 21.78714 4.25098 10.68147 11.66408 7.77278 
4.56593 6.22203 8.25686 16.00554 11.64152 17.71429 21.27199 16.89870 19.92164 10.29404 8.48099 11.57313 12.89705 19.73844 10.53360 14.31185 13.06483 10.53638 17.52009 16.82853 14.64446 13.62210 16.78340 7.56874 7.93461 10.90297 9.32070 9.06078 11.08718 21.18963 2.71888 18.62507 14.59525 15.84101 14.64717 12.59070 7.79144 6.86176 11.03441 15.79076 23.13411 5.29855 11.32250 13.62311 7.72474 
4.99654 6.28180 9.16578 17.58300 12.66198 19.73417 22.08616 17.44471 21.02052 10.99476 8.43806 12.63243 13.82875 19.69112 11.47764 15.68026 13.27230 11.50415 18.66732 17.22934 16.33482 14.45699 17.75626 8.09523 8.59232 11.89068 9.84785 9.93182 11.30422 23.71141 2.91037 19.89409 15.55731 17.14316 15.63058 13.75025 9.39810 8.44807 12.73832 17.08933 24.69372 7.08969 11.86194 14.87318 7.80890 
5.34455 7.50966 8.60073 18.32000 13.46798 22.05585 22.45466 18.69223 22.76414 11.78903 9.19406 13.39991 15.23209 20.69552 12.29144 16.98267 13.99619 11.79272 18.43753 18.34855 16.32299 16.01071 19.36124 8.63147 9.07955 13.11425 11.31444 10.92629 11.83500 24.79873 3.19130 20.60077 16.69209 17.36443 16.66990 14.47695 10.47184 8.72180 13.90762 17.96685 26.50793 6.57637 12.41701 17.38393 8.05926 
5.77036 8.11248 9.58001 19.51376 14.51805 23.63088 23.49525 19.43997 23.26681 11.94219 11.07309 14.05226 16.29694 22.58649 14.16551 18.53872 15.41688 12.43378 20.38528 20.18422 18.21527 16.68272 20.87500 8.58730 9.39387 13.64223 11.79889 11.27162 12.27746 26.00364 3.12532 21.58656 17.24916 18.56124 17.86111 15.59687 10.95816 10.10065 15.03176 19.28249 27.83414 7.79973 13.60188 18.09457 8.40834 
5.73080 8.43699 10.05510 20.29630 15.86012 24.92025 24.92674 20.68248 24.72175 12.60921 11.72744 14.87426 16.92856 23.75222 14.50539 19.34027 15.17378 12.88947 21.70097 20.75007 17.46328 18.00005 21.42469 9.83999 9.83028 14.76223 12.20482 11.74147 13.86608 27.61454 3.35409 22.85400 18.36925 19.19926 18.62886 15.87239 10.80571 10.79217 16.80558 20.66134 28.12603 8.34556 14.27381 18.85892 8.08864 
6.06710 8.87085 11.45375 21.46947 16.68124 27.09096 26.46520 20.83977 25.43967 13.30562 11.41781 15.11161 17.83428 23.91602 15.33017 19.60410 16.02725 13.77003 22.81896 21.45024 16.95037 19.32965 22.87489 9.88180 10.18975 15.40308 13.48130 12.57954 14.68287 29.35856 3.51424 24.98718 18.80102 19.81916 19.93174 16.57900 11.07218 10.92128 15.81601 21.31036 29.45725 9.59842 15.02608 19.87897 8.52204 
6.29688 9.24843 11.92315 22.12294 17.46754 28.43372 28.29896 21.19864 26.78569 13.94349 11.28747 16.28130 18.76932 24.72797 15.96450 20.95207 17.81042 14.53414 23.67198 21.32850 16.94722 19.40844 24.28632 10.80539 10.96435 15.87486 13.61896 12.93122 14.97975 30.21330 3.77654 26.03066 19.77742 20.54688 20.34146 17.12680 11.67291 11.11056 15.65393 22.05844 30.47417 10.17159 15.62019 21.65455 9.33663 
6.54756 9.79047 12.60643 23.05000 17.79529 30.42094 30.29955 22.68080 27.33374 14.82968 12.07047 17.43360 19.29377 25.91719 15.71085 21.07495 18.62537 15.17078 23.84264 21.47283 16.94535 19.86557 25.52953 11.27923 11.70112 16.75134 14.97494 13.70444 15.38998 31.84150 3.93317 25.93081 20.53832 22.12174 20.95789 17.90629 12.36476 11.93569 17.27358 23.04718 31.55640 9.63923 16.40708 22.94364 9.29926 
6.72528 9.86557 12.93615 23.69648 18.22009 31.92274 31.11331 23.15148 27.52839 15.28415 12.54829 18.65180 19.78554 28.11885 17.00164 21.18294 19.49748 15.37752 24.81323 22.27439 17.94702 20.60428 26.63349 11.53690 11.91210 17.24828 16.42175 14.40775 16.05851 32.71348 4.19544 26.81893 21.71751 22.46104 21.94546 18.55624 13.28543 11.75942 17.79541 23.54274 32.71671 10.74448 16.93921 23.59563 9.53735 
7.18708 10.03894 13.35688 24.18482 18.58353 32.78474 31.28436 24.21512 29.50876 15.94779 13.08753 18.90633 20.87271 29.99083 17.88123 22.02020 20.48785 16.13407 25.62078 23.21992 18.41994 21.53883 27.03392 12.17995 12.21475 17.31509 18.02535 14.60549 16.74808 34.30414 4.33861 28.08988 22.67927 23.24720 23.06777 19.16223 13.49194 13.01959 17.87554 24.44837 33.88701 11.30301 17.52794 24.71673 9.85456 
7.24925 10.58424 13.76619 25.39999 19.38959 34.75325 32.17647 24.67996 30.07772 16.86912 12.85195 20.20616 21.59100 30.50113 18.76319 23.57410 20.73032 16.74786 26.64880 23.98248 19.14187 22.42543 28.52341 12.29552 12.31861 18.05013 18.63520 15.39367 17.69195 35.27826 4.29284 29.20888 23.06642 24.22777 23.40904 19.79976 13.90737 13.74541 16.82656 25.04751 35.64558 11.68459 18.07555 26.17931 10.48158 
7.50904 11.26349 13.71655 26.13639 19.65403 36.55918 32.89522 25.31240 31.72694 17.30524 13.35283 21.40030 21.69860 31.75906 19.79889 24.28806 21.47919 17.57450 28.15438 25.19225 19.79393 23.93954 28.27476 12.56708 12.89708 18.76664 19.07376 15.86761 18.07471 36.56412 4.64937 31.25114 23.30248 25.51444 23.55586 20.91124 14.43008 13.73222 18.48214 25.92613 36.90084 12.00086 18.47815 27.37873 10.39954 
7.73154 11.65781 14.45586 26.98679 20.28454 36.23902 34.19328 26.56859 31.64199 17.85400 14.07474 21.99466 22.30964 32.58025 20.09431 25.73791 22.85441 18.17437 28.79392 26.17409 21.11812 24.60919 28.69341 13.80553 13.03863 18.98444 19.89316 16.17494 17.99389 37.26090 4.75842 32.51192 23.89943 25.59583 24.69754 21.42299 15.00612 14.61383 19.40355 26.75599 38.46447 13.13510 19.10870 28.36924 10.99438 
7.95060 12.39806 14.17083 27.53991 20.62039 37.65352 34.57879 27.99628 32.35043 18.69090 14.13096 22.77095 23.17898 33.86329 20.35800 27.08252 23.93477 18.63113 29.48488 26.85608 21.45476 25.65990 29.91744 15.01868 13.35961 19.20464 20.69598 17.05013 18.45510 38.79965 4.92507 34.41031 24.77071 26.87372 25.50135 22.56423 15.03539 15.00816 19.64161 27.84113 40.19458 13.59327 19.21329 29.22549 11.43315 
8.03855 12.86810 14.64108 28.56088 20.99983 38.48859 35.71187 28.47455 32.32357 19.10026 14.73535 22.99484 24.19222 34.40242 20.89100 28.07946 25.03125 19.31078 29.82341 27.36259 21.53194 26.76582 30.17204 15.40018 13.68450 19.26061 21.92216 17.60903 19.37381 39.51197 4.98474 35.49787 25.68461 27.22171 27.03125 23.23287 15.81793 14.74930 20.15481 28.73872 42.17361 13.84534 19.90435 29.69245 11.39383 
7.85864 13.39604 14.81101 28.88483 22.22290 39.86315 36.85828 29.51231 33.56849 19.68911 14.85444 23.47865 24.69756 35.50528 21.96084 27.98987 25.87573 19.72832 31.16218 27.24989 20.84555 27.63601 31.03538 15.66190 14.25790 19.54152 21.75954 18.27087 20.12113 41.08668 5.24512 36.98045 26.53248 27.59988 27.90330 23.95782 16.20841 15.60204 20.70861 29.49158 43.76437 14.16073 20.86724 30.48950 11.87767 
8.06320 14.23406 15.53620 29.89843 22.49681 40.56728 38.07211 30.38972 34.33366 19.97688 15.68505 24.15670 25.12061 37.12626 22.79482 28.32904 26.36959 19.95558 32.04673 27.75197 21.09888 28.62481 30.44549 15.97384 14.76767 20.22460 22.76217 19.65304 20.49069 42.06694 5.41850 37.78880 27.18062 27.88544 28.68391 25.44994 16.39427 15.35325 21.77471 30.10827 44.77241 13.85594 21.31862 31.73362 12.59261 
8.29478 14.82063 16.35305 29.89188 22.48026 41.53748 38.15752 30.71514 35.44449 20.55307 16.21118 24.99844 25.41070 37.32560 23.54771 29.48911 27.67768 20.47769 32.32472 28.56691 22.00164 29.15534 30.98730 16.90864 14.93864 20.58576 23.57610 20.30050 21.21084 42.90505 5.68487 38.47553 27.61533 28.86384 29.48523 25.68133 16.98566 16.01892 22.07033 31.15085 45.62724 14.21882 21.78508 33.05086 12.82461 
8.60645 15.44774 16.90067 29.48923 23.29454 42.33338 40.05080 30.77537 36.05212 21.23517 16.16420 25.60148 25.78656 38.17391 24.08746 28.48704 28.73664 20.98998 33.07123 29.29372 22.45587 29.55642 31.58719 17.11840 15.37825 21.10627 23.75322 21.02742 21.76008 43.90265 5.90181 39.21388 27.75935 30.02521 30.17132 26.93941 17.39321 17.03880 23.09671 32.45312 46.56754 13.56576 22.37863 33.64989 13.45464 
9.11689 15.39609 17.65752 30.71560 24.29637 42.57249 41.03041 32.29116 37.23879 21.63037 16.23136 26.23122 26.27960 39.91907 24.20539 29.72086 28.95296 21.67724 34.18693 28.79943 23.17099 30.10051 32.82989 17.23180 15.82129 22.01305 23.69900 21.85552 22.34382 44.50489 6.28657 38.74231 27.86628 30.29784 30.42783 27.74567 17.45415 17.80512 24.43081 32.95632 47.96043 13.75346 22.80476 34.51975 13.20871 
9.33019 15.25914 17.93954 31.34949 24.55581 44.54193 41.73089 32.03851 38.52193 22.31126 16.48092 27.15158 26.75923 40.88820 24.94383 30.26566 29.44036 21.94524 34.65730 29.31167 24.08950 30.96924 32.90623 17.47896 16.08939 22.43080 24.71109 22.03620 23.09396 45.27652 6.60072 39.67741 28.88679 29.79565 30.44921 28.51211 17.89986 18.58623 24.11633 33.60127 49.57622 14.31841 23.72762 35.48169 14.44686 
9.47398 15.43054 18.66833 31.67989 24.75919 44.65694 42.44042 32.93601 39.73243 23.08235 17.54723 27.86894 27.69893 41.12377 25.55326 31.59975 29.66812 22.10794 35.14272 29.81268 23.92202 31.59216 34.19236 18.67713 16.25785 23.00679 26.04928 22.73686 23.45583 46.25689 6.42740 40.44772 29.85518 30.37266 30.68462 29.09104 18.27865 19.11927 24.11817 34.11270 50.18899 14.97714 24.23987 36.24083 15.17813 
9.78904 15.97666 18.57873 32.29880 25.59565 44.39896 42.30509 33.23611 40.28346 23.51784 17.90641 28.26652 28.51152 42.70282 26.41674 32.32564 29.32979 22.42456 36.01489 30.77454 24.72116 31.79837 34.65397 19.85674 16.78697 23.68481 26.45651 22.99624 23.70012 47.10649 6.52547 41.35023 30.43196 31.47223 31.36626 29.55669 19.10049 19.12408 24.71622 34.84096 51.19864 15.38947 24.84760 38.07057 15.18194 
9.82939 15.93205 17.92584 33.24773 25.87201 45.53148 43.22044 33.99549 41.38602 24.34451 18.46613 28.72454 29.10365 42.99725 27.24640 33.15121 30.01433 22.60544 37.14423 31.36230 25.33728 32.36635 35.34429 20.30514 17.13445 24.26477 26.72462 22.87103 24.65138 48.07595 6.86258 42.58374 31.09518 32.14288 32.20924 30.10663 19.40514 20.86761 25.99303 35.62535 52.15396 16.18811 25.18495 38.26955 15.15976 
10.03043 16.46809 18.54494 33.86525 26.62372 46.12256 44.60398 34.62749 41.76248 24.98625 18.99647 29.58943 29.85410 44.10517 27.49249 33.44688 30.20471 23.23068 36.74693 31.81928 24.32493 34.33955 37.20337 21.36667 17.54312 25.37641 27.83057 22.87072 25.35216 49.51085 7.03054 43.00251 31.50357 32.53869 32.28980 31.08692 20.65487 21.72712 27.71531 36.65099 53.43672 17.26827 25.54477 39.21654 14.87243 
10.31588 16.51817 18.88787 34.73402 26.93115 47.29394 45.06947 35.44043 42.30991 25.42890 18.73537 30.78226 30.38787 44.86170 27.61854 34.21982 30.79093 23.93983 37.73253 32.27769 24.13975 34.97086 37.84951 21.79078 17.97247 25.28441 28.39842 23.53196 25.69576 50.33369 7.26385 43.27671 32.82796 31.91484 33.33509 31.77500 20.96593 22.80202 28.05257 37.62604 54.26927 17.70366 26.36304 39.12373 15.02929 
10.49689 16.93755 19.75113 34.76551 27.32248 48.49750 45.94246 36.20149 42.65321 26.04065 19.24215 31.94506 30.93081 45.76924 28.51590 34.94597 31.26697 24.45042 39.15053 32.36821 24.21605 34.93505 38.78447 21.84556 18.31062 25.50780 28.82082 24.27958 25.96443 51.00455 7.44657 43.56172 33.68074 31.86540 34.52412 32.73454 21.63836 22.69758 28.26449 38.60272 54.61896 17.73762 26.79712 40.03578 15.34089 
10.51685 17.77772 19.98545 35.70398 26.14498 48.49071 46.86264 37.43671 42.53695 26.55974 19.76386 32.46977 32.18949 46.99136 28.39360 35.74493 31.45639 24.91631 39.20954 33.23499 25.34284 33.85610 40.23970 23.36347 18.64598 26.14733 29.52662 24.91629 26.46678 52.67732 7.53523 45.19162 34.50509 33.30179 35.28166 32.97160 22.82013 22.88087 29.32571 39.55113 55.29790 18.42694 27.56781 40.80134 15.45396 
10.63657 17.77400 20.57678 36.87557 26.58855 49.30490 48.41363 38.47062 42.64812 27.46560 19.80043 33.11431 32.68159 48.51737 29.27493 36.29787 31.45235 25.41657 39.39965 33.88019 26.50801 34.17021 41.42108 23.33399 18.83738 26.13978 29.51457 25.91261 27.44574 53.70361 7.59586 46.20250 35.25657 34.53175 36.32676 33.18032 23.76730 23.62680 29.74181 40.30382 56.53748 18.76773 28.46436 41.81115 15.62151 
11.04863 18.18273 20.94463 37.15308 27.33021 50.50636 48.28492 39.60571 43.62589 28.21780 19.48758 33.25678 32.98377 48.62248 29.02963 38.30856 32.43615 25.82409 40.09881 34.21234 28.27703 34.76581 42.12352 23.66881 19.28561 26.60440 29.86153 26.38352 28.29686 54.78284 7.74160 47.07832 36.27847 34.38686 36.75435 33.99931 24.29138 24.72953 30.35360 40.59449 57.84953 19.16635 28.73152 41.51339 16.47021 
11.15714 18.66040 21.22839 38.43663 27.06499 52.22104 49.00369 40.91138 45.07922 28.83077 20.61003 33.13705 33.27923 48.70045 29.46586 39.34824 32.87627 26.38299 40.81819 35.50610 28.68610 35.17057 43.28869 23.50709 19.84393 27.28690 30.37654 27.09976 28.64757 55.18611 7.91662 47.46713 36.87245 35.32368 36.51833 34.92832 25.12367 24.21915 31.41926 41.32564 59.52358 19.84932 28.92879 41.78302 15.92619 
11.50223 19.00406 20.84062 38.81275 27.62574 52.57336 50.15771 42.15080 45.24094 29.48191 21.55936 33.67439 34.25778 49.79807 30.56529 40.69399 33.35708 26.64218 41.51826 36.42977 29.36174 35.83813 44.33345 23.46058 20.14844 27.77639 30.57178 27.24632 29.55465 56.18408 7.75572 48.36305 37.53363 36.56574 37.78750 35.16315 24.96038 24.65978 31.67775 41.56088 60.32681 20.87857 29.82589 42.83263 16.01502 
11.77658 19.37002 21.28403 38.69933 28.03532 54.36673 50.91078 41.41178 45.77040 30.05222 22.62068 34.00081 35.24230 49.84819 30.71612 41.01927 34.67341 27.60006 42.76214 36.88736 30.36049 37.54228 45.59571 24.24824 20.56554 28.14533 31.36483 27.24135 31.10296 57.65205 7.87528 48.28877 38.34964 36.62114 37.65722 35.62327 25.69784 24.66993 32.88938 42.17610 61.15601 20.72763 30.05053 42.06479 16.59213 
11.85247 19.92821 20.89594 39.50146 28.74138 54.83517 51.03770 42.46963 46.46755 30.44344 23.13282 34.98723 35.62742 49.68908 32.03270 41.43876 35.24036 28.13959 42.38989 37.18505 31.33473 37.29308 46.68119 25.11574 21.01974 28.64669 31.94848 27.96539 31.59651 58.34367 8.21692 49.21328 38.52303 37.28690 38.01845 36.52114 25.60203 24.85186 33.78456 43.32636 61.19165 21.49676 30.50851 42.43883 17.49707 
12.12055 20.08167 20.95128 39.81408 29.52097 56.15451 51.32462 42.93217 46.72235 30.99588 23.13448 35.45681 36.06984 49.90702 33.32963 42.49940 35.32832 28.88644 42.51819 37.14567 31.38812 38.46419 47.05871 25.69519 21.50912 29.12447 32.87945 28.24304 32.17179 59.66940 8.50990 49.92980 38.90251 37.98998 38.75365 37.14924 26.36725 25.55888 34.14717 44.08601 61.75944 21.93208 30.93461 43.32298 17.88493 
12.19896 19.94221 21.40084 40.33139 30.21671 57.22725 52.09284 43.02740 47.72061 31.11595 23.45057 36.15991 37.16909 50.69698 34.68330 43.13035 35.58475 29.44217 42.60955 37.60822 30.98241 39.24181 47.06707 27.00011 21.55312 29.40857 32.99093 28.96000 32.31654 60.71882 8.67571 50.33910 38.65804 38.63117 39.54042 38.21364 26.48119 26.44739 34.46214 44.55190 62.57468 21.76556 31.88419 43.91558 18.15512 
12.26198 19.72340 21.98763 40.83126 30.87113 57.65495 52.87953 42.85320 49.30642 31.64754 24.17952 36.56643 37.58971 52.07698 35.46411 43.73056 36.38363 29.51175 42.78486 38.68223 31.24889 39.37875 47.20828 27.84432 21.73858 30.20004 33.11202 29.15905 33.17442 61.53318 8.75720 50.78972 38.90744 39.69830 40.01977 38.93965 27.67014 27.26351 34.92173 45.29153 64.02884 21.87616 32.31927 44.77689 18.44827 
12.36682 20.34088 23.04559 41.50676 31.21915 59.11091 53.37856 44.33136 49.54375 31.77774 24.73397 36.90149 37.90845 52.51209 35.28063 44.47162 37.32862 29.98792 43.92540 39.49774 31.60855 39.81226 47.89220 28.53418 22.07814 30.52845 33.25123 29.68261 33.38988 61.86947 8.72319 51.50375 40.14831 40.51674 40.06196 39.70239 27.89212 26.77738 34.65281 45.55947 64.55603 21.82863 32.75429 44.85128 18.54658 
12.53077 20.05224 23.41087 41.82492 31.68708 60.05131 54.61823 44.84211 50.91539 32.40958 25.17015 37.81510 38.18411 52.00559 35.88101 45.78321 38.52378 30.51053 44.68495 40.26272 33.30589 40.60294 48.56068 30.34346 22.59072 30.76864 34.00726 30.28005 33.37645 62.02059 8.64712 52.64690 40.49120 41.25502 40.12934 40.18584 27.96425 27.58031 35.09456 46.36360 65.34296 22.97266 32.56475 44.77764 18.40170 
12.73649 20.84949 23.57174 42.14483 31.56640 61.68974 55.16413 46.28122 51.45582 32.65547 25.02680 38.18015 38.56475 53.43082 36.99124 46.82015 39.39295 30.45355 44.29707 40.16949 35.10579 41.04843 49.65330 30.06503 22.92900 31.41291 35.18576 30.64300 34.00629 62.60639 8.68953 53.32286 41.02426 42.65611 41.01603 40.60206 28.48504 28.01586 35.78064 46.85937 66.52236 24.17281 33.48955 44.88385 18.99421 
12.94596 20.96502 23.78394 42.38480 32.03770 62.01824 56.12276 46.84893 52.13234 33.18189 25.45699 37.63339 39.30479 53.52904 37.51348 47.49404 40.07698 30.71979 45.27145 40.86984 35.85138 41.49086 50.56256 30.20854 23.44052 31.59395 35.67857 31.37978 34.84721 63.51100 8.81896 53.89534 41.34171 42.91114 41.54737 40.94209 28.91362 28.19008 36.31400 47.68889 66.96788 24.50293 34.05203 45.69373 19.24532 
12.88775 21.24091 23.82000 43.75061 32.52225 63.41145 56.76768 47.03673 52.33895 33.61386 26.78971 37.86295 39.98021 54.04569 38.14315 48.40635 40.27867 31.12815 46.15915 40.92810 36.27616 41.74254 51.14053 30.47353 23.90670 32.21634 35.98608 31.62233 35.75664 64.06136 9.11831 54.29430 41.74026 43.06697 41.95643 41.80635 28.99310 28.74279 37.18923 48.37460 67.68607 24.71759 34.32025 46.17360 19.21161 
13.07381 21.59797 24.28345 45.10798 32.73487 62.65909 56.79865 46.76758 53.26693 34.01346 27.17837 38.44994 40.42015 55.44333 39.50626 48.91761 41.57425 32.25351 47.14464 41.36958 36.02379 42.27509 51.47634 30.46175 24.23427 32.48603 37.14347 32.01074 36.76004 65.51651 9.29921 54.07933 42.31253 44.12865 42.17714 41.97737 29.33530 29.29615 37.19717 48.61682 68.52164 25.21513 35.20843 46.46271 19.69458 
13.38629 22.00689 24.72430 45.88091 33.82520 62.66705 57.86130 45.96628 54.41483 34.13066 27.60301 39.15442 41.07938 56.36952 39.79226 49.96718 41.38545 32.47708 47.30283 42.12767 36.00712 42.93126 51.64723 30.60239 24.46655 33.20771 37.43822 32.14162 37.63789 65.93134 9.32348 54.56672 43.13157 44.78286 42.48277 42.30075 29.94334 30.05856 37.63603 49.43751 69.49478 26.03668 35.90066 46.84600 20.39800 
13.20847 22.39958 24.80389 46.50480 33.94515 64.34713 58.76900 46.86207 55.38401 34.60390 27.88592 40.24139 41.76667 57.06146 40.91477 50.45620 42.08598 32.77841 48.48024 42.59737 36.21177 44.17923 52.85567 31.73728 24.90330 32.77268 36.50572 32.83453 37.80964 66.94167 9.41291 55.17735 43.59483 45.31662 42.98486 42.47730 31.00355 29.29225 38.63075 50.44945 69.94001 26.48116 36.67463 47.42646 20.79662 
13.52452 22.09898 24.91224 46.81724 34.17476 64.69117 58.78625 48.01696 57.01962 34.96084 27.23313 40.94922 41.57503 57.67719 41.54371 51.31654 43.33351 33.06601 49.18796 43.15200 37.04450 44.15868 53.07219 32.29652 25.28959 33.19401 37.38010 32.98373 38.20740 67.34339 9.59445 56.01767 43.54537 46.49012 43.15539 43.55386 31.03303 30.17939 39.41730 50.89531 70.83022 27.29580 36.99882 48.60008 21.14554 
13.72003 22.30273 25.25178 47.28788 34.04387 66.33516 59.69419 47.86770 57.45002 35.46103 27.60631 41.55148 40.91418 58.83791 41.76072 51.75891 44.00062 33.43773 50.50897 42.90807 38.30370 44.86207 53.92599 33.08780 25.65618 33.31676 37.91749 33.79961 38.59052 68.27072 9.84072 56.73515 44.14644 47.34222 43.47978 44.31112 31.90802 31.05074 39.92283 51.71237 71.65249 27.83525 37.44917 48.86082 21.29578 
13.91499 23.01662 25.95532 47.96932 34.08596 65.14231 59.62289 48.84518 57.50580 35.82806 27.98374 42.45810 41.00046 59.25943 42.48758 52.57800 45.14194 33.86746 50.81141 43.12207 39.00928 44.14457 54.33335 34.31301 26.11963 33.98316 38.74960 34.70073 39.27934 68.91280 9.88337 57.86139 45.32375 48.73632 43.63349 44.87491 32.86208 32.21350 39.91574 52.10696 72.92061 27.49629 37.24727 49.71391 20.84256 
14.20896 23.50741 26.70040 48.23956 34.80393 65.23946 60.23796 50.05468 57.00007 36.17574 28.40565 43.21527 41.53155 59.95753 42.38149 53.07087 45.23059 34.07551 51.35933 43.20140 38.76322 44.93977 54.82627 35.41449 26.61069 34.44072 39.50075 35.26217 39.49081 69.55483 9.96310 57.75415 45.63125 49.44968 44.13784 45.42537 33.19292 32.39485 40.72832 52.95000 73.82031 27.54062 37.82988 50.18139 21.17823 
13.85090 24.00957 27.11434 48.40164 35.55430 66.94115 61.30233 50.86223 58.21645 36.41724 28.46425 43.97453 41.77387 60.69282 42.58749 53.00421 46.17668 34.16509 51.84051 43.95122 39.39471 44.72004 55.47964 35.81501 26.97356 34.62422 40.07121 36.17806 39.65759 70.27603 9.96519 57.68918 46.21130 49.51915 44.37061 45.48892 34.43736 32.91903 41.33966 53.96488 74.26820 28.30889 38.37316 51.43351 20.93777 
13.80704 24.36435 27.31685 49.22998 36.35173 68.21130 62.65401 51.01434 58.54170 36.90899 28.89251 44.83966 42.07404 61.53770 43.78031 53.43810 47.64403 34.28464 52.54175 44.27700 39.26629 44.92140 55.79458 36.78436 27.28696 34.82463 40.84515 36.40031 40.21714 70.54887 10.11770 59.18419 46.06125 49.87020 44.39532 46.01718 35.40730 32.70554 41.01212 54.33883 75.04674 28.30330 39.10105 52.31751 21.51886 
13.94096 24.43906 27.65409 50.12366 36.42174 68.50981 64.09269 51.76761 58.23492 37.24624 29.27244 45.49368 42.54640 59.98397 44.00668 54.37581 47.82047 34.98026 53.50130 44.67908 36.75806 45.16616 56.13102 36.58966 27.78500 35.42097 42.22295 36.91109 40.40959 71.30517 10.06060 60.17845 46.83659 50.54023 45.16619 46.83499 35.90216 34.00390 41.07797 54.95021 75.75921 28.26015 39.93328 52.82572 21.97467 
14.25935 24.66141 27.66036 51.08147 35.70802 69.38687 64.38759 53.17804 59.19603 37.64759 29.48161 46.16691 43.02306 60.48439 45.25817 55.16964 48.33005 35.22237 54.35884 45.32025 37.38680 45.01002 56.64421 37.03471 28.00220 36.33882 42.81130 37.24511 40.78122 71.80990 10.14713 60.75219 47.45911 50.85539 45.78018 47.60592 35.66515 34.50858 41.52704 55.70132 76.99654 28.67658 40.37712 54.17673 22.44461 
14.39190 25.20840 28.11595 51.75327 35.53030 69.47160 64.88802 54.08931 60.19792 38.25700 29.78619 46.62056 43.39564 60.65448 46.08286 56.51764 48.58321 35.52334 54.94356 45.57734 37.82686 45.71994 56.99781 36.94297 28.33441 36.45252 43.75014 37.35449 41.09720 72.57896 10.30210 61.09560 48.52557 51.23014 46.84888 48.34309 36.87313 35.04546 41.83487 56.12319 77.80349 29.12938 40.98720 54.48416 22.10654 
14.33303 25.13492 28.31277 52.63455 36.12632 70.46232 65.66171 55.12672 60.66437 38.69925 30.26884 46.88340 43.87647 61.69000 45.99030 57.20387 48.58750 35.79410 56.02928 46.33012 37.22132 46.33368 57.55954 37.57904 28.85499 37.24851 43.62985 37.19439 41.87110 73.22674 10.28148 61.23075 48.70157 51.62907 46.19977 48.76872 36.90749 36.14194 43.39623 56.93639 78.36609 29.15621 41.68718 54.99091 22.20036 
14.54938 25.74009 28.67407 52.98307 36.25382 71.76916 66.55162 54.50103 62.43106 39.20670 30.59793 47.17228 44.05373 62.55922 46.93287 58.07260 49.19048 35.95196 56.71164 46.82673 37.95682 47.26430 57.04860 37.45974 29.08134 37.20517 44.19133 37.28732 42.58671 73.91161 10.38127 61.35781 49.10935 51.93371 47.22622 49.21110 36.62454 36.65140 44.64601 57.65086 79.21650 30.03093 41.70408 55.46446 22.38532 
14.79703 26.11375 29.16251 53.08991 36.59983 72.58536 66.88706 54.87152 63.57442 39.77648 31.49562 47.58310 44.02413 63.68368 47.26101 57.99581 50.44593 36.25766 57.54127 47.34222 39.86901 47.64737 57.97777 37.63241 29.52842 37.93118 44.44501 37.44397 43.27807 74.33203 10.43987 62.79261 49.62496 52.13733 47.62401 49.85792 36.86288 37.60113 44.18709 58.17069 79.36072 30.58872 42.15086 56.00254 22.76489 
15.00497 26.92465 29.63188 53.42168 37.00490 74.24978 67.64697 55.69533 64.09740 40.27760 31.30552 47.53670 44.27784 64.33625 47.61210 58.40031 51.38575 36.59384 57.91510 47.39660 40.64672 48.65358 58.38248 38.21274 29.76389 37.93342 44.60042 37.99746 43.60098 75.46867 10.48718 63.34121 50.47081 53.07633 48.36646 50.13676 37.05641 38.07370 43.54454 59.17092 80.08292 30.63714 43.15710 56.85214 22.46189 
15.38435 27.29879 29.78769 54.05848 37.23049 75.08948 68.17813 56.41078 64.59191 40.84855 31.82837 48.75311 44.58415 65.09648 48.27779 59.05240 52.12492 36.85235 57.80170 48.20669 41.89020 49.56523 58.93170 39.04683 29.84106 38.11388 44.51464 38.19571 44.30575 76.16336 10.48548 63.82678 50.89875 53.05952 49.01428 50.61431 37.23097 37.46699 44.90288 59.50271 80.86175 30.74967 43.64430 57.33879 22.63841 
15.42660 27.53598 30.02981 54.33710 37.74990 75.64783 68.08267 57.88737 64.43687 41.21023 31.79363 49.49785 45.30499 65.85315 49.49385 59.55906 52.54198 37.14365 58.19743 48.80196 42.99657 50.93468 59.79827 39.11654 30.33041 38.20811 44.31445 38.80456 44.92787 77.16905 10.63568 64.76018 51.42840 53.53309 49.36201 51.05949 38.22623 37.20490 45.70148 60.11374 81.81018 31.12795 43.83461 58.34997 22.66520 
15.70416 28.15619 30.12276 55.40751 37.97123 77.29263 68.32990 58.14167 65.05436 41.55426 31.76012 50.00635 45.69833 66.43143 50.46017 59.74549 52.52126 37.54923 58.38724 49.68723 43.41072 51.29434 60.71858 39.90824 30.73349 38.88184 44.59547 39.14270 44.88686 77.82734 10.74530 64.99952 52.01341 54.20779 49.61561 51.10842 38.00656 37.98834 45.90146 60.43243 82.76151 30.74815 44.21581 59.15667 23.32563 
15.71203 27.93702 30.74983 57.35110 38.72215 77.79535 69.21506 58.59854 65.26625 41.77732 32.35160 50.70464 46.34309 68.35559 51.41684 58.82388 53.54732 37.73472 59.52629 50.36402 44.02418 52.80338 60.63162 39.81759 31.16164 38.42236 45.29763 39.44110 46.31798 78.33213 10.83438 66.25299 52.81147 54.64880 50.37651 51.88465 38.20551 38.57709 46.13042 60.61887 82.95580 31.48214 44.61565 59.60174 23.75610 
15.87436 27.87540 31.45665 57.59400 39.32244 77.58068 70.71679 58.96475 66.24054 42.36290 32.70572 50.89508 46.90071 68.56467 52.05699 60.10048 54.03446 38.22583 59.89650 50.93763 44.32974 53.06663 60.79053 40.54591 31.41046 38.74949 46.13109 39.89735 46.94662 78.87571 10.92212 67.34905 52.94098 55.37227 50.08590 52.04138 38.77132 39.25467 45.77027 61.24783 83.88201 32.10220 44.83878 60.72072 24.33165 
16.10895 28.17824 31.96482 58.05998 39.42344 77.35020 71.63698 58.75708 66.89690 42.67655 32.94254 51.30505 46.66805 68.67964 53.28264 60.43440 54.86284 38.78273 61.12382 50.61453 44.72081 54.12140 61.50019 40.88871 31.77549 39.00779 47.04664 40.17755 47.80813 79.57094 11.06491 67.79314 53.52923 55.31257 50.94950 52.10259 39.59547 39.13819 45.24237 62.26886 84.84184 33.45659 45.09370 61.33874 24.57079 
16.17913 28.70743 32.35332 58.49646 39.99157 77.25511 72.23010 59.27744 66.98418 43.28820 33.48394 51.78583 47.52166 69.11998 53.96971 61.11537 55.78866 39.39324 61.92624 50.69192 45.29518 55.10407 61.00631 41.46722 32.06484 39.33192 47.18168 40.61449 47.92276 80.33372 11.21382 69.02523 53.90729 55.08662 51.12935 52.44808 39.71058 39.07598 46.22412 62.64569 85.53742 33.74797 45.71566 62.38590 24.82274 
16.30610 29.09558 32.62740 59.08947 40.10107 77.99979 72.90523 60.65335 67.62849 43.51658 33.73356 52.13720 48.14752 69.62839 54.44955 61.99308 56.18520 40.09268 62.66093 50.90702 45.40547 55.58747 61.72922 41.75478 32.52038 39.20451 47.32435 41.06550 48.06406 81.38044 11.39074 70.27089 53.91555 54.96725 51.32290 53.07420 40.63660 39.22476 46.84506 62.84145 86.18115 34.62019 46.32517 62.58510 24.91835 
16.53382 29.03168 33.63359 60.01622 40.59940 79.44413 73.52846 60.03556 68.02605 44.07755 33.73438 52.36755 48.14212 69.93831 55.17375 62.25494 56.26733 40.39713 63.31472 50.77400 45.65518 56.23459 62.97559 41.49119 32.93853 39.66703 48.31257 41.23593 48.94404 82.01035 11.58210 70.23017 54.03771 55.88619 52.10129 53.44272 41.28538 39.89197 47.13809 63.42840 86.81446 34.87978 46.45424 63.69246 25.19972 
16.65116 29.09455 33.92093 61.07430 40.54109 80.05390 74.28260 60.81457 68.36171 44.43547 33.84825 53.02964 48.23768 70.72046 55.32789 62.07737 56.91102 40.59624 63.87770 51.60648 46.11140 56.70094 63.69736 41.57171 33.36958 40.07773 48.94790 41.43255 49.10047 82.81737 11.68979 70.61324 54.62199 56.14136 53.06170 53.93127 41.73006 41.37038 47.46274 64.01946 88.08707 35.51354 47.41280 63.69574 25.67299 
17.01145 29.16416 34.13570 62.17235 41.16356 81.99879 74.39773 61.90356 68.01420 44.81095 34.10168 53.48853 48.79752 71.72313 55.22344 63.20453 57.99467 41.14680 64.38245 52.67019 46.27046 57.02947 63.60911 41.13017 33.33639 40.56113 48.45592 41.65818 49.62911 82.92111 11.83169 70.92850 55.09029 56.31976 53.80799 54.36946 42.78984 41.44761 47.51564 64.42693 89.10699 36.08861 48.39810 64.14981 26.00706 
17.02812 29.67256 34.23840 62.54863 41.87065 82.53142 74.69369 61.81503 68.74652 45.19975 34.81455 53.84190 48.95050 72.38911 55.03007 63.53307 58.55705 41.51971 64.96889 53.25808 46.76529 57.79669 63.62529 40.87522 33.70644 41.26085 49.00125 41.92764 50.08837 83.26102 12.05050 72.29246 55.67489 56.21409 53.95190 54.76104 43.54412 41.89955 47.88296 64.94926 90.03313 36.34570 48.76250 64.91888 26.47808 
17.21101 29.94060 34.09385 62.51875 42.47222 84.58814 76.01105 62.78044 69.94166 45.90156 35.08181 54.27099 49.89403 72.71375 55.07581 64.17752 58.95907 41.99570 65.00744 54.20698 47.50648 58.38376 64.14099 40.58992 34.18592 41.77400 49.05285 42.11543 50.39379 83.49768 12.00598 72.34066 55.82540 56.60977 54.91291 54.89893 44.01605 43.05874 47.68965 65.64919 91.50570 37.13697 49.56134 64.44254 26.36364 
17.30836 30.49345 34.81956 62.09471 42.16526 84.35631 76.79799 64.34238 70.03215 46.44651 34.99390 54.96033 50.40716 73.98952 54.99770 64.93054 59.42120 42.26270 65.04081 54.38928 47.64519 58.50606 64.56471 41.17728 34.61598 42.19373 49.95950 42.77391 50.60307 84.53363 12.08917 73.37466 56.13349 57.60612 55.44425 55.46967 44.76368 42.90208 47.71692 66.15651 92.06249 38.04542 50.18094 65.44800 27.09212 
17.34376 30.44716 34.34864 62.82024 43.17061 83.98396 77.76022 65.30307 70.32856 47.03463 34.94591 56.41983 51.09926 74.50454 55.38616 64.96727 60.05686 42.56865 65.23164 55.56253 48.32061 59.42901 65.51026 41.59769 34.93297 42.72412 49.99369 43.33005 50.98267 84.88189 12.19265 73.16141 56.30179 57.81783 55.73437 55.95419 44.44316 43.25744 48.51916 66.42621 92.56099 38.51333 50.41327 65.09369 27.02336 
17.58792 30.52207 34.67772 63.06836 44.09577 84.58387 77.86183 66.21006 70.89280 47.13431 35.65094 56.44482 51.36181 75.00341 55.98683 65.08558 60.70041 42.74034 66.37771 55.96782 49.31517 59.19690 66.70567 42.14806 35.06947 42.68794 50.39002 43.63514 51.51845 85.62710 12.41139 73.96475 57.02920 58.64010 56.32040 56.61230 44.25637 44.11058 48.44923 67.08933 92.46253 38.61416 50.73192 65.74811 27.50100 
17.85236 31.17152 34.97113 62.97838 44.60055 85.27143 78.42614 66.54809 70.41605 47.50578 35.99681 56.92559 51.66266 75.97078 57.17786 64.89495 61.61429 43.40083 66.31865 56.10530 48.94801 59.82969 66.94919 42.74067 35.69863 42.84764 51.60591 44.43776 51.66601 86.22885 12.59318 74.26499 57.97216 59.07888 56.40877 57.08871 44.61967 44.44875 48.98611 67.90804 93.75200 38.79254 50.99563 66.03973 27.89844 
17.95518 31.49938 35.30145 63.77685 44.71336 85.84106 78.25294 66.39064 70.96100 47.75953 36.55807 57.35537 52.30409 76.60483 57.43628 65.75101 61.88898 43.65286 66.47737 56.09468 49.50217 60.95630 67.44851 43.95695 36.00938 43.33871 51.88040 44.72667 51.67178 87.15959 12.78255 75.52618 58.84358 58.94869 56.34756 57.59832 44.61116 44.71776 49.30732 68.39965 94.93623 39.02955 51.15440 66.66053 27.94267 
17.97538 31.61907 35.21438 64.06336 45.06924 86.84484 78.62893 67.70069 71.23224 48.13472 37.25878 58.42181 53.14186 77.44897 58.14239 66.02946 61.73282 43.72458 66.81062 56.38008 50.41964 61.10855 68.07729 45.01231 36.56750 43.49841 52.40270 45.40289 52.29982 88.14037 12.79434 75.48182 59.59611 59.11475 56.82298 58.06280 45.16704 45.14881 49.52606 69.43407 95.12592 38.98777 51.48166 67.10435 28.20148 
18.16891 31.53360 35.54512 64.80287 44.66431 88.01027 79.57465 68.85417 71.86986 48.72741 37.17095 59.27239 53.66043 78.93489 59.05275 65.93858 62.16448 44.01098 67.74799 56.58872 50.29852 62.02633 67.90539 44.73021 36.93557 44.32919 52.18939 45.87722 52.45495 88.82859 12.91306 75.93642 60.55274 59.04692 56.43815 58.47101 45.15468 45.32814 49.83175 70.20546 96.23726 38.84939 51.69992 67.93890 28.93325 
17.96314 31.63591 36.06217 64.86905 45.33480 89.25699 80.09417 69.38634 73.00591 49.05272 37.93164 59.68549 54.33196 80.93180 59.01752 67.17066 62.28321 44.35048 68.21889 57.44472 50.81800 62.98935 67.92701 44.46025 37.17197 44.29788 52.49307 46.71339 52.24034 90.04147 12.88769 76.47476 61.02975 58.86656 57.19415 58.81014 45.17422 44.95897 48.92585 70.88341 97.58649 39.55833 51.96479 68.34848 29.27717 
18.15061 31.78909 36.42033 65.53408 45.61421 89.72299 80.81879 69.27239 73.41233 49.54466 39.13156 59.83363 54.55778 81.46084 59.48952 67.07695 63.28767 44.98058 69.01640 57.07287 51.29945 64.30283 67.78113 44.63628 37.61693 44.92312 53.09927 47.03851 52.28882 90.65598 12.85898 76.77411 61.94061 59.08375 56.91816 59.37647 46.02614 44.97193 48.63137 71.46010 98.65314 40.42953 52.31115 68.33325 30.62398 
18.13721 32.23037 36.88703 66.45865 46.47190 90.15370 80.84787 69.54115 73.30756 49.60524 39.59032 61.02751 55.68002 82.54731 60.31941 67.17409 64.47802 45.49703 69.91891 57.84158 52.99663 63.26336 69.21754 44.71827 37.92115 45.41693 53.12437 47.13907 52.88018 91.63959 12.58605 77.02228 62.53708 59.05681 57.60437 60.13118 46.14971 45.19064 49.63409 72.02418 99.28773 40.33726 52.93127 68.81590 30.97325 
18.35292 32.70187 37.21371 66.22498 46.39195 90.49542 81.58618 70.49653 74.01674 50.34676 39.57428 62.24164 55.63875 83.90451 60.74684 68.15243 65.09810 45.97213 70.31798 58.50628 52.83352 64.36336 69.41285 45.23512 38.20869 45.73466 53.32068 47.61207 53.46501 92.62387 12.59045 78.03065 62.74428 59.99048 57.82538 60.87842 46.14897 45.49163 50.73194 72.54588 100.22421 41.05236 52.74492 69.40385 31.02181 
18.49529 32.81736 37.29663 66.92560 46.39303 91.72551 82.42234 70.64603 75.51314 50.58351 39.79249 63.61100 55.75184 83.73196 61.90425 68.31440 66.03157 46.18993 71.13936 58.11681 53.21820 64.76765 70.77873 45.12466 38.67384 46.27158 54.22878 48.11216 53.50300 93.39349 12.63544 78.42767 62.71753 60.35180 58.23172 61.44924 45.84013 46.53568 50.20094 73.29838 101.63093 40.46404 53.27530 69.92334 31.41019 
18.68444 33.33751 37.34102 67.64785 46.90526 93.53716 83.14884 71.32705 75.73190 50.96666 40.24401 64.63123 55.99182 83.96395 62.46731 69.35342 65.20691 46.47834 71.53248 58.95142 52.27101 64.77483 71.86941 45.22402 38.94498 46.64673 54.46226 49.22615 53.52184 94.06405 12.83237 78.51828 62.91051 60.95963 58.16326 62.05388 45.93216 46.59296 51.01217 73.90454 102.30382 41.32162 53.38855 70.48527 31.55079 
18.75897 33.40995 37.21127 67.64111 47.17400 93.74417 84.19641 71.66028 76.82270 51.25844 40.33616 65.83803 55.30512 83.26454 62.82565 71.08502 65.17583 46.54252 71.92935 58.54658 52.79839 65.38868 73.55046 45.72920 39.19278 47.43294 55.19782 50.09381 54.11394 94.89482 13.06262 78.46388 63.56030 60.98378 58.06598 62.70861 46.21896 47.23336 51.45884 74.54027 103.48877 41.41633 53.79130 71.88428 32.38389 
19.06550 33.66712 37.43263 68.23612 47.77168 93.10733 84.35596 72.16911 77.57283 51.96280 40.57323 65.81376 55.51709 83.77785 62.98219 71.25101 66.29452 46.94636 73.18727 59.30123 54.23778 65.99332 73.81044 46.58212 39.58536 47.79353 55.74226 50.74280 55.21344 95.32027 13.02508 79.39819 63.63095 61.14664 58.56022 63.24039 46.46842 47.41205 51.88542 75.10481 104.44460 41.15803 53.96941 71.76938 32.53413 
19.16887 33.94808 37.52632 69.06523 47.54841 93.61801 85.19758 72.51465 78.46859 52.48221 41.03721 65.98973 55.82918 85.41266 62.71324 71.51870 66.10471 47.34727 74.20676 59.24299 54.72706 67.11435 74.11437 46.68477 39.66309 47.93772 55.72869 51.39459 55.55441 96.09761 12.86013 80.43580 64.49042 62.31866 59.24026 63.63011 46.95316 48.34678 52.31910 76.00974 105.25318 41.54110 54.45265 72.67597 32.65102 
19.25023 34.51096 37.99350 68.74812 47.85587 93.05498 86.37232 72.52103 79.61069 53.05412 41.53479 66.44824 56.30014 85.92792 63.61762 72.46354 66.93135 47.69318 74.04234 58.64071 55.11854 67.71080 75.06625 47.07382 39.78751 48.26440 56.23380 51.99049 55.27303 97.22416 12.88119 81.28709 65.46549 62.83722 59.52998 64.21693 47.01630 48.28156 52.16057 76.80483 106.31789 41.53281 54.69361 73.51062 33.10580 
