0.48042718735727136
0.4056707760362002
0.3371650853528192
0.2885110829133768
0.2531024515007766
0.22351139703409878
0.20708317246600405
0.18637336102253543
0.17893066557422488
0.16498897026571238
0.15050002180603952
0.150812159343976
0.141400082883608
0.13273257936093302
0.1320540024874527
0.12625832864920614
0.1281996325054962
0.12134327670738464
0.12829965845819363
0.12834619025473654
0.1299346423557373
0.1219410848839636
0.10630720129556112
0.1302779631752406
0.11224457530272879
0.11574739388472237
0.10831184265026315
0.11789439275788349
0.11021971250536469
0.13988159904886044
0.11776743450184159
0.13382935778468943
0.11602829290005699
0.09798471062788235
0.11043467132624825
0.1029662834789216
0.10008439264277892
0.12679490459843049
0.12504898153037086
0.11608989481975253
0.09527189830556185
0.1031235452694618
0.10599749412977129
0.09502341476369922
0.11878083628629689
0.11608408470864215
0.10104452248227563
0.10401180562883565
0.09411860290280132
0.08898442490988123
0.08611326284541537
0.09633715731319686
0.097502377824208
0.12043607267309077
0.1106206415507791
0.08905099193211329
0.10334585106951837
0.10931410598322429
0.1302875186483306
0.09778124300944355
0.10332625686348913
0.09074793769460145
0.09806139029883447
0.08573473186259731
0.09579945860177791
0.12181717075342974
0.0855587223866334
0.09069124946120936
0.10446576916453965
0.09061175970765319
0.09224020150156463
0.0930624670597425
0.0866279704284157
0.08434764952538557
0.08797226129986373
0.11849359483553902
0.09079855401050765
0.11532355604195364
0.10975077538079486
0.08552826956201236
0.08752593683529053
0.0913108431942234
0.08237700278803968
0.09733284905006521
0.08785943385003539
0.086912341650112
0.11427005660804462
0.0880986846642951
0.0822700963850858
0.10126160664962308
0.07829708932324979
0.08163897551930642
0.08332341487529703
0.09077833597256385
0.08730113741864645
0.10051607372539563
0.12316722633433037
0.08544321185687316
0.07685357263012021
0.08781251163940046
