1.583
1.610
1.640
1.669
1.697
1.730
1.765
1.791
1.830
1.863
1.886
1.923
1.963
2.001
2.038
2.065
2.102
2.137
2.175
2.207
2.241
2.283
2.321
2.363
2.394
2.432
2.467
2.508
2.544
2.588
2.620
2.664
2.700
2.736
2.772
2.814
2.851
2.893
2.930
2.969
3.006
3.042
3.081
3.124
3.157
3.202
3.236
3.272
3.307
3.346
3.383
3.416
3.454
3.493
3.532
3.562
3.597
3.634
3.670
3.702
3.742
3.766
3.802
3.833
3.870
3.901
3.930
3.963
3.999
4.029
4.057
4.086
4.117
4.143
4.171
4.202
4.230
4.260
4.287
4.314
4.338
4.361
4.388
4.420
4.442
4.464
4.488
4.508
4.530
4.557
4.576
4.601
4.619
4.642
4.660
4.686
4.702
4.728
4.740
4.756
4.777
4.798
4.811
4.838
4.848
4.864
4.875
4.896
4.918
4.934
4.942
4.959
4.972
4.986
5.004
5.012
5.023
5.038
5.051
5.065
5.073
5.090
5.102
5.114
5.131
5.136
5.148
5.154
5.167
5.181
5.184
5.197
5.201
5.217
5.225
5.234
5.248
5.251
5.257
5.259
5.273
5.285
5.280
5.296
5.303
5.310
5.318
5.327
5.327
5.344
5.346
5.352
5.354
5.363
5.369
5.374
5.379
5.387
5.392
5.395
5.398
5.405
5.408
5.411
5.414
5.420
5.430
5.435
5.444
5.435
5.453
5.451
5.452
5.459
5.462
5.458
5.466
5.474
5.475
5.476
5.476
5.485
5.483
5.489
5.487
5.497
5.498
5.503
5.501
5.506
5.504
5.515
5.515
5.510
5.522
5.524
5.519
5.524
5.525
5.526
5.529
5.535
5.532
5.536
5.535
5.545
5.543
5.541
5.545
5.552
5.547
5.554
5.554
5.551
5.554
5.558
5.553
5.559
5.564
5.561
5.562
5.560
5.561
5.566
5.569
5.566
5.570
5.572
5.574
5.576
5.576
5.574
5.572
5.579
5.573
5.578
5.581
5.581
5.579
5.578
5.581
5.577
5.585
5.585
5.586
5.578
5.586
5.589
5.592
5.587
5.591
5.587
5.585
5.588
5.586
5.583
5.599
5.590
5.593
5.595
5.589
5.597
5.598
5.596
5.592
5.601
5.591
5.588
5.599
5.595
5.598
5.593
5.601
5.595
5.599
5.595
5.596
5.592
5.601
5.601
5.598
5.603
5.598
5.603
5.602
5.597
5.595
5.604
5.599
5.601
5.599
5.599
5.598
5.606
5.602
5.602
5.606
5.596
5.605
5.603
5.598
5.595
5.605
5.601
5.605
5.596
5.600
5.600
5.605
5.607
5.597
5.597
5.596
5.605
5.603
5.599
5.607
5.602
5.605
5.607
5.603
5.599
5.604
5.602
5.603
5.599
5.599
5.605
5.605
5.597
5.597
5.607
5.606
5.598
5.604
5.598
5.594
5.599
5.604
5.601
5.603
5.605
5.598
5.598
5.601
5.603
5.604
5.601
5.607
5.594
5.597
5.596
5.601
5.601
5.602
5.601
5.599
5.598
5.604
5.601
5.602
5.599
5.601
5.596
5.594
5.587
5.603
5.596
5.603
5.596
5.603
5.600
5.607
5.597
5.595
5.605
5.592
5.600
5.594
5.591
5.592
5.595
5.594
5.599
5.605
5.605
5.596
5.595
5.595
5.601
5.597
5.596
5.594
5.591
5.596
5.592
5.596
5.596
5.592
5.596
5.593
5.595
5.598
5.597
5.594
5.590
5.598
5.588
5.597
5.590
5.593
5.601
5.589
5.598
5.594
5.589
5.597
5.593
5.596
5.593
5.594
5.599
5.596
5.593
5.597
5.587
5.593
5.589
5.593
5.593
5.590
5.595
5.597
5.593
5.594
5.590
5.595
5.595
5.591
5.585
5.585
5.593
5.581
5.586
5.590
5.583
5.590
5.590
5.589
5.589
5.581
5.590
5.593
5.586
5.593
5.586
5.593
5.591
5.589
5.587
5.581
5.592
5.595
5.587
5.589
5.588
5.590
5.586
5.588
5.587
5.584
5.588
5.588
5.583
5.588
5.592
5.582
5.584
5.586
5.582
5.588
5.581
5.585
5.583
5.585
5.588
5.591
5.584
5.588
5.588
5.589
5.586
5.585
5.589
5.588
5.594
5.589
5.581
5.585
5.588
5.587
5.586
5.585
5.590
5.585
5.587
5.582
5.583
5.587
5.585
5.583
5.591
5.585
5.588
5.584
5.581
5.582
5.585
5.581
5.581
5.580
5.579
5.583
5.583
5.582
5.587
5.586
5.582
5.589
5.576
5.582
5.587
5.583
5.580
5.583
5.589
5.582
5.583
5.577
5.579
5.584
5.586
5.580
5.585
5.585
5.578
5.580
5.587
5.574
5.576
5.586
5.583
5.588
5.582
5.580
5.588
5.588
5.587
5.584
5.584
5.571
5.585
5.583
5.578
5.584
5.580
5.583
5.582
5.575
5.574
5.576
5.579
5.586
5.585
5.584
5.586
5.588
5.582
5.583
5.580
5.576
5.584
5.585
5.578
5.583
5.575
5.579
5.578
5.576
5.575
5.586
5.582
5.578
5.577
5.581
5.580
5.579
5.579
5.576
5.583
5.577
5.580
5.581
5.586
5.578
5.583
5.579
5.580
5.583
5.581
5.580
5.584
5.583
5.580
5.581
5.580
5.581
5.584
5.577
5.585
5.580
5.586
5.583
5.574
5.580
5.583
5.576
5.586
5.584
5.577
5.582
5.580
5.581
5.580
5.581
5.580
5.577
5.581
5.580
5.578
5.576
5.580
5.584
5.583
5.578
5.580
5.581
5.583
5.588
5.577
5.585
5.587
5.580
5.585
5.591
5.582
5.579
5.575
5.579
5.579
5.583
5.579
5.581
5.585
5.582
5.589
5.581
5.581
5.587
5.584
5.577
5.580
5.572
5.582
5.583
5.583
5.589
5.580
5.585
5.574
5.588
5.582
5.584
5.586
5.580
5.585
5.574
5.589
5.585
5.587
5.581
5.583
5.582
5.581
5.580
5.574
5.576
5.591
5.576
5.585
5.574
5.584
5.582
5.585
5.581
5.584
5.583
5.584
5.580
5.585
5.579
5.582
5.584
5.581
5.584
5.587
5.577
5.580
5.583
5.584
5.582
5.584
5.585
5.585
5.580
5.577
5.576
5.576
5.579
5.580
5.583
5.587
5.584
5.576
5.587
5.587
5.571
5.590
5.585
5.582
5.582
5.591
5.583
5.575
5.589
5.584
5.582
5.586
5.583
5.582
5.588
5.587
5.584
5.576
5.584
5.579
5.579
5.578
5.587
5.583
5.585
5.579
5.574
5.586
5.584
5.587
5.582
5.588
5.577
5.581
5.582
5.581
5.581
5.585
5.583
5.585
5.586
5.588
5.581
5.591
5.584
5.582
5.580
5.585
5.586
5.590
5.588
5.587
5.584
5.583
5.589
5.593
5.590
5.584
5.587
5.581
5.587
5.582
5.585
5.583
5.590
5.583
5.585
5.578
5.583
5.593
5.588
5.583
5.583
5.578
5.594
5.587
5.589
5.590
5.582
5.589
5.585
5.583
5.585
5.586
5.592
5.582
5.581
5.585
5.593
5.590
5.590
5.587
5.589
5.588
5.594
5.581
5.585
5.592
5.582
5.587
5.591
5.584
5.591
5.590
5.584
5.587
5.588
5.589
5.586
5.591
5.587
5.589
5.589
5.583
5.589
5.591
5.595
5.586
5.586
5.590
5.585
5.586
5.590
5.593
5.586
5.593
5.593
5.585
5.584
5.589
5.587
5.584
5.582
5.589
5.586
5.587
5.592
5.586
5.589
5.587
5.586
5.587
5.593
5.586
5.591
5.584
5.594
5.585
5.593
5.587
5.589
5.587
5.593
5.591
5.592
5.589
5.589
5.584
5.595
5.594
5.591
5.589
5.580
5.594
5.596
5.596
5.587
5.595
5.584
5.597
5.585
5.587
5.589
5.592
5.590
5.590
5.585
5.591
5.591
5.590
5.590
5.596
5.596
5.598
5.593
5.589
5.598
5.590
5.586
5.598
5.587
5.589
5.593
5.595
5.587
5.593
5.589
5.590
5.596
5.594
5.588
5.595
5.600
5.600
5.584
5.590
5.593
5.585
5.587
5.591
5.597
5.595
5.593
5.596
5.599
5.595
5.588
5.596
5.595
5.592
5.596
5.590
5.594
5.596
5.589
5.590
5.594
5.596
5.590
5.594
5.588
5.589
5.588
5.588
5.591
5.597
5.592
5.591
5.594
5.601
5.599
5.601
5.594
5.595
5.603
5.594
5.597
5.596
5.594
5.594
5.594
5.593
5.594
5.591
5.594
5.588
5.587
5.590
5.590
5.596
5.592
5.600
5.591
5.590
5.593
5.601
5.595
5.598
5.597
5.598
5.592
5.599
5.598
5.589
5.589
5.597
5.596
5.594
5.596
5.599
5.595
5.596
5.596
5.594
5.596
5.596
5.599
5.592
