2.001
2.020
2.035
2.057
2.075
2.102
2.123
2.135
2.164
2.182
2.200
2.219
2.248
2.273
2.288
2.310
2.333
2.362
2.384
2.404
2.426
2.447
2.473
2.498
2.516
2.543
2.565
2.590
2.608
2.644
2.663
2.689
2.713
2.732
2.753
2.777
2.806
2.832
2.859
2.874
2.899
2.926
2.955
2.977
2.990
3.021
3.046
3.069
3.091
3.117
3.134
3.160
3.179
3.204
3.232
3.250
3.269
3.298
3.323
3.345
3.368
3.383
3.403
3.425
3.442
3.466
3.486
3.504
3.534
3.550
3.569
3.594
3.603
3.630
3.652
3.669
3.686
3.703
3.720
3.745
3.757
3.771
3.792
3.808
3.826
3.833
3.859
3.869
3.884
3.904
3.923
3.939
3.948
3.969
3.974
3.989
4.010
4.022
4.038
4.047
4.058
4.071
4.082
4.099
4.105
4.127
4.140
4.153
4.169
4.174
4.181
4.204
4.205
4.218
4.232
4.243
4.248
4.260
4.267
4.284
4.292
4.306
4.306
4.324
4.340
4.342
4.350
4.357
4.369
4.385
4.393
4.398
4.410
4.424
4.428
4.435
4.443
4.454
4.456
4.460
4.470
4.478
4.484
4.502
4.508
4.508
4.518
4.532
4.530
4.543
4.554
4.551
4.558
4.569
4.577
4.585
4.595
4.588
4.599
4.617
4.616
4.619
4.631
4.634
4.640
4.643
4.654
4.658
4.658
4.667
4.675
4.682
4.683
4.699
4.702
4.699
4.703
4.713
4.717
4.724
4.731
4.733
4.732
4.738
4.744
4.755
4.760
4.768
4.763
4.773
4.776
4.782
4.783
4.797
4.799
4.809
4.796
4.808
4.820
4.818
4.823
4.826
4.823
4.831
4.841
4.838
4.842
4.842
4.862
4.860
4.857
4.866
4.870
4.871
4.871
4.886
4.888
4.885
4.894
4.893
4.892
4.903
4.908
4.913
4.917
4.915
4.916
4.921
4.927
4.938
4.933
4.933
4.936
4.950
4.945
4.950
4.960
4.961
4.958
4.960
4.972
4.966
4.976
4.972
4.984
4.982
4.983
4.993
4.994
4.992
4.999
4.991
5.004
4.997
5.008
5.016
5.016
5.017
5.020
5.025
5.018
5.021
5.025
5.030
5.029
5.042
5.034
5.035
5.042
5.051
5.042
5.052
5.058
5.058
5.064
5.055
5.062
5.061
5.070
5.077
5.075
5.075
5.077
5.086
5.084
5.089
5.087
5.085
5.088
5.095
5.094
5.103
5.093
5.097
5.104
5.104
5.115
5.111
5.116
5.109
5.113
5.121
5.120
5.119
5.124
5.120
5.130
5.127
5.130
5.139
5.136
5.132
5.136
5.145
5.138
5.150
5.149
5.151
5.151
5.156
5.155
5.156
5.160
5.162
5.162
5.154
5.158
5.173
5.174
5.166
5.174
5.177
5.176
5.175
5.183
5.180
5.177
5.182
5.179
5.184
5.189
5.194
5.184
5.188
5.196
5.198
5.194
5.206
5.203
5.197
5.199
5.196
5.212
5.209
5.210
5.203
5.211
5.214
5.218
5.215
5.219
5.215
5.221
5.218
5.220
5.219
5.225
5.232
5.228
5.234
5.231
5.235
5.238
5.231
5.242
5.233
5.231
5.233
5.234
5.238
5.237
5.240
5.247
5.243
5.249
5.252
5.253
5.253
5.252
5.252
5.254
5.247
5.257
5.253
5.263
5.264
5.261
5.266
5.262
5.263
5.261
5.270
5.262
5.272
5.273
5.266
5.273
5.274
5.270
5.274
5.276
5.286
5.274
5.284
5.278
5.285
5.290
5.282
5.288
5.285
5.288
5.292
5.280
5.287
5.298
5.284
5.290
5.296
5.295
5.298
5.299
5.298
5.299
5.296
5.297
5.304
5.300
5.307
5.298
5.299
5.306
5.299
5.302
5.305
5.304
5.306
5.307
5.311
5.310
5.311
5.313
5.320
5.318
5.310
5.320
5.322
5.319
5.316
5.326
5.322
5.319
5.323
5.316
5.321
5.327
5.329
5.329
5.325
5.326
5.330
5.328
5.333
5.336
5.336
5.328
5.340
5.328
5.333
5.335
5.333
5.339
5.333
5.342
5.338
5.338
5.348
5.347
5.341
5.344
5.346
5.338
5.343
5.352
5.342
5.356
5.348
5.352
5.350
5.350
5.350
5.353
5.346
5.352
5.361
5.357
5.357
5.356
5.354
5.358
5.353
5.357
5.359
5.364
5.359
5.354
5.358
5.362
5.358
5.358
5.367
5.363
5.361
5.369
5.366
5.373
5.362
5.371
5.371
5.373
5.365
5.367
5.376
5.376
5.368
5.369
5.372
5.378
5.374
5.375
5.367
5.379
5.377
5.374
5.381
5.379
5.375
5.372
5.382
5.376
5.379
5.385
5.381
5.385
5.387
5.386
5.388
5.380
5.390
5.383
5.386
5.383
5.392
5.393
5.390
5.387
5.391
5.385
5.388
5.385
5.388
5.388
5.388
5.393
5.386
5.400
5.395
5.397
5.400
5.399
5.395
5.389
5.398
5.396
5.398
5.405
5.395
5.406
5.394
5.397
5.396
5.399
5.393
5.396
5.395
5.395
5.407
5.405
5.410
5.401
5.406
5.402
5.409
5.409
5.408
5.404
5.410
5.407
5.408
5.416
5.408
5.416
5.409
5.414
5.404
5.410
5.409
5.412
5.418
5.407
5.410
5.406
5.417
5.420
5.413
5.408
5.420
5.408
5.419
5.416
5.412
5.412
5.411
5.413
5.414
5.418
5.417
5.424
5.419
5.425
5.413
5.420
5.421
5.423
5.426
5.418
5.426
5.420
5.427
5.418
5.428
5.418
5.427
5.424
5.429
5.424
5.426
5.424
5.421
5.433
5.425
5.425
5.429
5.432
5.432
5.428
5.424
5.426
5.435
5.432
5.433
5.424
5.428
5.427
5.436
5.430
5.435
5.432
5.431
5.438
5.429
5.438
5.427
5.436
5.436
5.441
5.434
5.432
5.437
5.443
5.432
5.436
5.437
5.441
5.431
5.445
5.437
5.437
5.441
5.433
5.448
5.439
5.443
5.436
5.445
5.443
5.435
5.444
5.446
5.446
5.443
5.444
5.450
5.451
5.450
5.448
5.441
5.444
5.451
5.448
5.448
5.440
5.446
5.451
5.451
5.439
5.442
5.441
5.447
5.443
5.455
5.441
5.455
5.450
5.442
5.455
5.448
5.445
5.455
5.456
5.449
5.447
5.453
5.457
5.447
5.456
5.455
5.449
5.453
5.450
5.451
5.456
5.455
5.451
5.450
5.456
5.460
5.455
5.457
5.457
5.457
5.456
5.451
5.456
5.455
5.457
5.452
5.463
5.461
5.460
5.455
5.455
5.460
5.463
5.465
5.456
5.460
5.456
5.461
5.457
5.460
5.456
5.461
5.456
5.458
5.457
5.467
5.457
5.460
5.462
5.455
5.458
5.468
5.469
5.467
5.468
5.465
5.467
5.458
5.471
5.461
5.472
5.470
5.465
5.461
5.462
5.464
5.472
5.465
5.470
5.468
5.476
5.461
5.462
5.475
5.463
5.462
5.470
5.469
5.463
5.474
5.470
5.461
5.466
5.464
5.467
5.471
5.473
5.474
5.472
5.477
5.468
5.466
5.476
5.477
5.480
5.473
5.471
5.467
5.477
5.471
5.467
5.471
5.469
5.478
5.477
5.470
5.475
5.470
5.476
5.470
5.474
5.473
5.477
5.473
5.478
5.484
5.473
5.480
5.470
5.480
5.472
5.480
5.470
5.470
5.474
5.479
5.472
5.479
5.479
5.479
5.474
5.476
5.474
5.474
5.484
5.477
5.480
5.478
5.485
5.475
5.474
5.477
5.486
5.482
5.483
5.481
5.483
5.485
5.481
5.485
5.479
5.483
5.485
5.477
5.482
5.486
5.480
5.487
5.479
5.484
5.486
5.488
5.482
5.482
5.486
5.488
5.488
5.481
5.488
5.485
5.479
5.489
5.485
5.492
5.487
5.488
5.488
5.482
5.486
5.488
5.487
5.488
5.488
5.487
5.478
5.492
5.482
5.484
5.486
5.484
5.485
5.491
5.491
5.493
5.494
5.489
5.483
5.495
5.488
5.491
5.487
5.486
5.498
5.485
5.487
5.488
5.497
5.485
5.484
5.489
5.499
5.495
5.487
5.497
5.488
5.489
5.485
5.500
5.493
5.499
5.491
5.485
5.494
5.496
5.495
5.497
5.494
5.489
5.493
5.492
5.492
5.499
5.491
5.495
5.493
5.499
5.494
5.488
5.489
5.490
5.497
5.496
5.488
5.501
5.492
5.498
5.495
5.497
5.496
5.492
5.493
5.499
5.500
5.492
5.495
5.494
5.492
5.499
5.493
5.500
5.491
5.496
5.490
5.500
5.500
5.492
5.504
5.501
5.501
5.498
5.495
5.500
5.500
5.495
5.494
5.496
5.495
5.498
5.496
5.505
5.496
5.491
5.504
5.502
