4.515
4.519
4.496
4.502
5.382
5.399
5.390
5.412
6.542
6.538
6.587
6.574
7.998
7.999
8.004
8.017
9.720
9.729
9.724
9.725
11.665
11.680
11.664
11.668
13.773
13.776
13.775
13.764
15.877
15.877
15.871
15.867
17.903
17.900
17.903
17.888
19.709
19.715
19.717
19.708
21.262
21.275
21.268
21.266
22.553
22.546
22.556
22.549
23.583
23.587
23.571
23.570
24.402
24.408
24.391
24.408
25.051
25.060
25.054
25.043
25.558
25.577
25.582
25.570
27.298
27.285
27.289
27.297
27.295
27.289
27.293
27.303
27.290
27.288
27.289
27.289
27.291
27.287
27.278
27.296
27.296
27.298
27.285
27.277
27.302
27.301
27.282
27.300
27.304
27.289
27.306
27.280
27.299
27.299
27.294
27.291
27.286
27.284
27.295
27.293
27.287
27.294
27.298
27.297
27.298
27.288
27.292
27.283
27.303
27.296
27.302
27.305
27.288
27.291
27.290
27.300
27.276
27.301
27.289
27.296
27.305
27.286
27.293
27.289
28.238
28.249
28.247
28.235
28.244
28.231
28.231
28.237
28.235
28.228
28.227
28.252
28.236
28.251
28.239
28.241
28.243
28.241
28.233
28.240
28.240
28.233
28.228
28.233
28.236
28.245
28.230
28.237
28.231
28.240
28.237
28.237
28.241
28.244
28.237
28.233
28.230
28.240
28.237
28.240
28.231
28.241
28.229
28.238
28.245
28.239
28.229
28.231
28.235
28.229
28.226
28.230
28.249
28.234
28.230
28.247
28.232
28.233
28.233
28.233
28.433
28.420
28.434
28.431
28.420
28.431
28.432
28.433
28.433
28.426
28.433
28.434
28.431
28.431
28.421
28.414
28.421
28.428
28.418
28.429
28.421
28.422
28.428
28.411
28.424
28.430
28.428
28.412
28.432
28.427
28.419
28.424
28.415
28.416
28.419
28.422
28.426
28.435
28.420
28.417
28.420
28.416
28.433
28.415
28.434
28.421
28.429
28.412
28.419
28.425
28.415
28.419
28.433
28.421
28.417
28.427
28.427
28.422
28.417
28.425
28.473
28.478
28.479
28.483
28.479
28.482
28.474
28.469
28.473
28.481
28.467
28.472
28.475
28.468
28.467
28.481
28.468
28.471
28.464
28.467
28.465
28.464
28.468
28.480
28.462
28.464
28.473
28.481
28.472
28.469
28.478
28.461
28.481
28.469
28.466
28.475
28.474
28.466
28.467
28.478
28.473
28.483
28.480
28.468
28.485
28.478
28.473
28.468
28.465
28.474
28.468
28.463
28.475
28.466
28.479
28.470
28.474
28.483
28.473
28.480
28.476
28.492
28.479
28.480
28.486
28.496
28.478
28.486
28.491
28.489
28.491
28.476
28.479
28.499
28.481
28.475
28.484
28.484
28.480
28.480
28.487
28.485
28.496
28.479
28.493
28.481
28.495
28.488
28.489
28.494
28.478
28.494
28.484
28.484
28.496
28.482
28.477
28.480
28.489
28.490
28.489
28.473
28.482
28.493
28.481
28.486
28.481
28.480
28.486
28.474
28.476
28.480
28.490
28.494
28.494
28.484
28.477
28.483
28.492
28.492
28.496
28.483
28.490
28.484
28.485
28.478
28.478
28.485
28.479
28.482
28.494
28.491
28.481
28.483
28.498
28.493
28.491
28.483
28.488
28.490
28.488
28.488
28.477
28.482
28.492
28.486
28.494
28.480
28.495
28.495
28.498
28.492
28.478
28.477
28.494
28.492
28.484
28.481
28.497
28.494
28.493
28.476
28.481
28.484
28.478
28.490
28.493
28.481
28.489
28.475
28.495
28.488
28.478
28.486
28.500
28.485
28.496
28.486
28.488
28.496
28.487
28.484
28.474
28.491
28.485
28.484
28.498
28.489
28.484
28.478
28.491
28.489
28.503
28.492
28.482
28.494
28.480
28.490
28.485
28.490
28.492
28.491
28.490
28.491
28.488
28.493
28.497
28.484
28.490
28.476
28.491
28.483
28.480
28.480
28.482
28.493
28.498
28.497
28.486
28.487
28.480
28.494
28.490
28.481
28.482
28.486
28.499
28.487
28.493
28.480
28.492
28.499
28.497
28.491
28.480
28.496
28.488
28.491
28.489
28.502
28.496
28.495
28.503
28.490
28.497
28.481
28.491
28.489
28.491
28.478
28.497
28.496
28.493
28.490
28.485
28.497
28.496
28.502
28.482
28.497
28.488
28.484
28.479
28.491
28.490
28.479
28.486
28.475
28.488
28.498
28.495
28.480
28.488
28.487
28.493
28.488
28.501
28.489
28.481
28.485
28.497
28.490
28.486
28.491
28.497
28.482
28.484
28.491
28.487
28.490
28.495
28.490
28.495
28.490
28.499
28.488
28.495
28.479
28.494
28.484
28.494
28.499
28.491
28.497
28.481
28.482
28.497
28.498
28.487
28.484
28.488
28.484
28.493
28.492
28.484
28.500
28.496
28.483
28.501
28.487
28.494
28.497
28.488
28.478
28.494
28.489
28.488
28.489
28.502
28.495
28.495
28.487
28.483
28.490
28.479
28.498
28.486
28.489
28.483
28.486
28.487
28.492
28.493
28.478
28.501
28.497
28.483
28.484
28.497
28.488
28.483
28.483
28.494
28.494
28.480
28.497
28.491
28.483
28.487
28.499
28.480
28.482
28.477
28.484
28.499
28.500
28.489
28.480
28.491
28.496
28.497
28.477
28.497
28.497
28.486
28.491
28.489
28.490
28.485
28.492
28.494
28.484
28.485
28.496
28.482
28.490
28.487
28.493
28.486
28.491
28.479
28.484
28.503
28.482
28.499
28.494
28.498
28.487
28.494
28.485
28.478
28.500
28.499
28.493
28.480
28.500
28.489
28.501
28.482
28.494
28.486
28.486
28.485
28.501
28.491
28.495
28.478
28.483
28.496
28.499
28.483
28.483
28.493
28.499
28.495
28.485
28.480
28.493
28.490
28.488
28.486
28.483
28.495
28.492
28.495
28.481
28.481
28.493
28.485
28.481
28.499
28.489
28.490
28.496
28.487
28.488
28.500
28.490
28.476
28.490
28.492
28.490
28.489
28.492
28.480
28.497
28.487
28.478
28.493
28.488
28.495
28.499
28.483
28.491
28.483
28.489
28.479
28.498
28.492
28.486
28.490
28.476
28.486
28.485
28.486
28.483
28.492
28.486
28.481
28.482
28.486
28.478
28.497
28.481
28.484
28.490
28.496
28.495
28.477
28.495
28.494
28.483
28.482
28.488
28.498
28.494
28.488
28.480
28.481
28.488
28.496
28.488
28.504
28.492
28.479
28.498
28.496
28.492
28.481
28.494
28.498
28.493
28.484
28.485
28.487
28.498
28.491
28.487
28.489
28.486
28.488
28.489
28.499
28.492
28.491
28.494
28.489
28.486
28.498
28.498
28.492
28.491
28.494
28.482
28.477
28.483
28.490
28.498
28.500
28.483
28.499
28.493
28.488
28.492
28.492
28.495
28.490
28.482
28.486
28.493
28.481
28.481
28.478
28.485
28.502
28.497
28.491
28.499
28.491
28.499
28.486
28.486
28.487
28.491
28.487
28.492
28.483
28.495
28.481
28.500
28.486
28.490
28.484
28.485
28.488
28.481
28.479
28.479
28.485
28.489
28.500
28.497
28.481
28.491
28.498
28.488
28.479
28.495
28.482
28.495
28.485
28.490
28.476
28.494
28.481
28.483
28.482
28.489
28.495
28.486
28.485
28.497
28.482
28.501
28.488
28.502
28.486
28.484
28.495
28.479
28.488
28.487
28.489
28.491
28.486
28.482
28.496
28.499
28.477
28.483
28.488
28.492
28.497
28.496
28.478
28.486
28.486
28.503
28.481
28.489
28.482
28.487
28.492
28.495
28.497
28.490
28.498
28.488
28.487
28.498
28.490
28.492
28.486
28.493
28.496
28.486
28.492
28.496
28.498
28.502
28.492
28.486
28.495
28.503
28.490
28.498
28.481
28.491
28.482
28.501
28.499
28.481
28.491
28.489
28.493
28.479
28.488
28.491
28.483
28.501
28.484
28.490
28.492
28.498
28.496
28.485
28.496
28.488
28.496
28.484
28.484
28.490
28.492
28.481
28.495
28.486
28.492
28.498
28.490
28.503
28.481
28.494
28.497
28.491
28.482
28.486
28.485
28.495
28.497
28.500
28.489
28.482
28.499
28.489
28.488
28.486
28.485
28.499
28.494
28.487
28.481
28.493
28.493
28.484
28.480
28.500
28.502
28.490
28.502
28.494
28.491
28.499
28.483
28.497
28.488
28.500
28.495
28.496
28.497
28.499
28.486
28.495
28.493
28.484
28.491
28.479
28.481
28.493
28.486
28.484
28.490
28.482
28.500
28.497
28.486
28.503
28.492
28.492
28.483
28.498
28.489
28.500
28.489
28.497
28.491
28.489
28.487
28.482
28.481
28.482
28.481
28.494
28.487
28.492
28.477
28.495
28.500
28.489
28.489
28.481
28.494
28.489
28.493
28.491
28.488
28.498
28.490
28.490
28.499
28.492
