-0.992 -0.992 -0.992 -0.992 -0.992 -0.992 -0.992 -0.992 -0.992 -0.992 -0.992 -0.992 -0.992 -0.992 -0.992 -0.992 -0.992 -0.992 -0.992 -0.992 -0.992 -0.992 -0.992 -0.992 -0.992 -0.992 -0.992 -0.992 -0.992 -0.000 -0.000 -0.000 -0.000 -0.000 -0.000 -0.992 -0.992 -0.992 -0.003 -0.003 -0.003 -0.003 0.989 0.989 0.989 0.989 0.989 0.989 0.989 0.989
-0.992 -0.992 -0.992 -0.992 -0.992 -0.992 -0.992 -0.992 -0.992 -0.992 -0.992 -0.992 -0.992 -0.992 -0.992 -0.992 -0.992 -0.992 -0.992 -0.992 -0.992 -0.992 -0.992 -0.992 -0.992 -0.992 -0.992 -0.992 -0.992 -0.000 -0.000 -0.000 -0.000 -0.000 -0.000 -0.992 -0.992 -0.992 -0.003 -0.003 -0.003 -0.003 0.989 0.989 0.989 0.989 0.989 0.989 0.989 0.989
-0.992 -0.992 -0.992 -0.992 -0.992 -0.992 -0.992 -0.992 -0.992 -0.992 -0.992 -0.992 -0.992 -0.992 -0.992 -0.992 -0.992 -0.992 -0.992 -0.992 -0.992 -0.992 -0.992 -0.992 -0.992 -0.992 -0.992 -0.992 -0.992 -0.000 -0.000 -0.000 -0.000 -0.000 -0.000 -0.992 -0.992 -0.992 -0.003 -0.003 -0.003 -0.003 0.989 0.989 0.989 0.989 0.989 0.989 0.989 0.989
-0.992 -0.992 -0.992 -0.992 -0.992 -0.992 -0.992 -0.992 -0.992 -0.992 -0.992 -0.992 -0.992 -0.992 -0.992 -0.992 -0.992 -0.992 -0.992 -0.992 -0.992 -0.992 -0.992 -0.992 -0.992 -0.992 -0.992 -0.992 -0.992 -0.000 -0.000 -0.000 -0.000 -0.000 -0.000 -0.992 -0.992 -0.992 -0.003 -0.003 -0.003 -0.003 0.989 0.989 0.989 0.989 0.989 0.989 0.989 0.989
-0.992 -0.992 -0.992 -0.992 -0.992 -0.992 -0.992 -0.992 -0.992 -0.992 -0.992 -0.992 -0.992 -0.992 -0.992 -0.992 -0.992 -0.992 -0.992 -0.992 -0.992 -0.992 -0.992 -0.992 -0.992 -0.992 -0.992 -0.992 -0.992 -0.000 -0.000 -0.000 -0.000 -0.000 -0.000 -0.992 -0.992 -0.992 -0.003 -0.003 -0.003 -0.003 0.989 0.989 0.989 0.989 0.989 0.989 0.989 0.989
-0.992 -0.992 -0.992 -0.992 -0.992 -0.992 -0.992 -0.992 -0.992 -0.992 -0.992 -0.992 -0.992 -0.992 -0.992 -0.992 -0.992 -0.992 -0.992 -0.992 -0.992 -0.992 -0.992 -0.992 -0.992 -0.992 -0.992 -0.992 -0.992 -0.000 -0.000 -0.000 -0.000 -0.000 -0.000 -0.992 -0.992 -0.992 -0.003 -0.003 -0.003 -0.003 0.989 0.989 0.989 0.989 0.989 0.989 0.989 0.989
-0.992 -0.992 -0.992 -0.992 -0.992 -0.992 -0.992 -0.992 -0.992 -0.992 -0.992 -0.992 -0.992 -0.992 -0.992 -0.992 -0.992 -0.992 -0.992 -0.992 -0.992 -0.992 -0.992 -0.992 -0.992 -0.992 -0.992 -0.992 -0.992 -0.000 -0.000 -0.000 -0.000 -0.000 -0.000 -0.992 -0.992 -0.992 -0.003 -0.003 -0.003 -0.003 0.989 0.989 0.989 0.989 0.989 0.989 0.989 0.989
-0.992 -0.992 -0.992 -0.992 -0.992 -0.992 -0.992 -0.992 -0.992 -0.992 -0.992 -0.992 -0.992 -0.992 -0.992 -0.992 -0.992 -0.992 -0.992 -0.992 -0.992 -0.992 -0.992 -0.992 -0.992 -0.992 -0.992 -0.992 -0.992 -0.000 -0.000 -0.000 -0.000 -0.000 -0.000 -0.992 -0.992 -0.992 -0.003 -0.003 -0.003 -0.003 0.989 0.989 0.989 0.989 0.989 0.989 0.989 0.989
-0.992 -0.992 -0.992 -0.992 -0.992 -0.992 -0.992 -0.992 -0.992 -0.992 -0.992 -0.992 -0.992 -0.992 -0.992 -0.992 -0.992 -0.992 -0.992 -0.992 -0.992 -0.992 -0.992 -0.992 -0.992 -0.992 -0.992 -0.992 -0.992 -0.000 -0.000 -0.000 -0.000 -0.000 -0.000 -0.992 -0.992 -0.992 -0.003 -0.003 -0.003 -0.003 0.989 0.989 0.989 0.989 0.989 0.989 0.989 0.989
-0.992 -0.992 -0.992 -0.992 -0.992 -0.992 -0.992 -0.992 -0.992 -0.992 -0.992 -0.992 -0.992 -0.992 -0.992 -0.992 -0.992 -0.992 -0.992 -0.992 -0.992 -0.992 -0.992 -0.992 -0.992 -0.992 -0.992 -0.992 -0.992 -0.000 -0.000 -0.000 -0.000 -0.000 -0.000 -0.992 -0.992 -0.992 -0.003 -0.003 -0.003 -0.003 0.989 0.989 0.989 0.989 0.989 0.989 0.989 0.989
-0.992 -0.992 -0.992 -0.992 -0.992 -0.992 -0.992 -0.992 -0.992 -0.992 -0.992 -0.992 -0.992 -0.992 -0.992 -0.992 -0.992 -0.992 -0.992 -0.992 -0.992 -0.992 -0.992 -0.992 -0.992 -0.992 -0.992 -0.992 -0.992 -0.000 -0.000 -0.000 -0.000 -0.000 -0.000 -0.992 -0.992 -0.992 -0.003 -0.003 -0.003 -0.003 0.989 0.989 0.989 0.989 0.989 0.989 0.989 0.989
-0.992 -0.992 -0.992 -0.992 -0.992 -0.992 -0.992 -0.992 -0.992 -0.992 -0.992 -0.992 -0.992 -0.992 -0.992 -0.992 -0.992 -0.992 -0.992 -0.992 -0.992 -0.992 -0.992 -0.992 -0.992 -0.992 -0.992 -0.992 -0.992 -0.000 -0.000 -0.000 -0.000 -0.000 -0.000 -0.992 -0.992 -0.992 -0.003 -0.003 -0.003 -0.003 0.989 0.989 0.989 0.989 0.989 0.989 0.989 0.989
-0.992 -0.992 -0.992 -0.992 -0.992 -0.992 -0.992 -0.992 -0.992 -0.992 -0.992 -0.992 -0.992 -0.992 -0.992 -0.992 -0.992 -0.992 -0.992 -0.992 -0.992 -0.992 -0.992 -0.992 -0.992 -0.992 -0.992 -0.992 -0.992 -0.000 -0.000 -0.000 -0.000 -0.000 -0.000 -0.992 -0.992 -0.992 -0.003 -0.003 -0.003 -0.003 0.989 0.989 0.989 0.989 0.989 0.989 0.989 0.989
-0.992 -0.992 -0.992 -0.992 -0.992 -0.992 -0.992 -0.992 -0.992 -0.992 -0.992 -0.992 -0.992 -0.992 -0.992 -0.992 -0.992 -0.992 -0.992 -0.992 -0.992 -0.992 -0.992 -0.992 -0.992 -0.992 -0.992 -0.992 -0.992 -0.000 -0.000 -0.000 -0.000 -0.000 -0.000 -0.992 -0.992 -0.992 -0.003 -0.003 -0.003 -0.003 0.989 0.989 0.989 0.989 0.989 0.989 0.989 0.989
-0.992 -0.992 -0.992 -0.992 -0.992 -0.992 -0.992 -0.992 -0.992 -0.992 -0.992 -0.992 -0.992 -0.992 -0.992 -0.992 -0.992 -0.992 -0.992 -0.992 -0.992 -0.992 -0.992 -0.992 -0.992 -0.992 -0.992 -0.992 -0.992 -0.000 -0.000 -0.000 -0.000 -0.000 -0.000 -0.992 -0.992 -0.992 -0.003 -0.003 -0.003 -0.003 0.989 0.989 0.989 0.989 0.989 0.989 0.989 0.989
-0.992 -0.992 -0.992 -0.992 -0.992 -0.992 -0.992 -0.992 -0.992 -0.992 -0.992 -0.992 -0.992 -0.992 -0.992 -0.992 -0.992 -0.992 -0.992 -0.992 -0.992 -0.992 -0.992 -0.992 -0.992 -0.992 -0.992 -0.992 -0.992 -0.000 -0.000 -0.000 -0.000 -0.000 -0.000 -0.992 -0.992 -0.992 -0.003 -0.003 -0.003 -0.003 0.989 0.989 0.989 0.989 0.989 0.989 0.989 0.989
-0.992 -0.992 -0.992 -0.992 -0.992 -0.992 -0.992 -0.992 -0.992 -0.992 -0.992 -0.992 -0.992 -0.992 -0.992 -0.992 -0.992 -0.992 -0.992 -0.992 -0.992 -0.992 -0.992 -0.992 -0.992 -0.992 -0.992 -0.992 -0.992 -0.000 -0.000 -0.000 -0.000 -0.000 -0.000 -0.992 -0.992 -0.992 -0.003 -0.003 -0.003 -0.003 0.989 0.989 0.989 0.989 0.989 0.989 0.989 0.989
-0.992 -0.992 -0.992 -0.992 -0.992 -0.992 -0.992 -0.992 -0.992 -0.992 -0.992 -0.992 -0.992 -0.992 -0.992 -0.992 -0.992 -0.992 -0.992 -0.992 -0.992 -0.992 -0.992 -0.992 -0.992 -0.992 -0.992 -0.992 -0.992 -0.000 -0.000 -0.000 -0.000 -0.000 -0.000 -0.992 -0.992 -0.992 -0.003 -0.003 -0.003 -0.003 0.989 0.989 0.989 0.989 0.989 0.989 0.989 0.989
-0.992 -0.992 -0.992 -0.992 -0.992 -0.992 -0.992 -0.992 -0.992 -0.992 -0.992 -0.992 -0.992 -0.992 -0.992 -0.992 -0.992 -0.992 -0.992 -0.992 -0.992 -0.992 -0.992 -0.992 -0.992 -0.992 -0.992 -0.992 -0.992 -0.000 -0.000 -0.000 -0.000 -0.000 -0.000 -0.992 -0.992 -0.992 -0.003 -0.003 -0.003 -0.003 0.989 0.989 0.989 0.989 0.989 0.989 0.989 0.989
-0.992 -0.992 -0.992 -0.992 -0.992 -0.992 -0.992 -0.992 -0.992 -0.992 -0.992 -0.992 -0.992 -0.992 -0.992 -0.992 -0.992 -0.992 -0.992 -0.992 -0.992 -0.992 -0.992 -0.992 -0.992 -0.992 -0.992 -0.992 -0.992 -0.000 -0.000 -0.000 -0.000 -0.000 -0.000 -0.992 -0.992 -0.992 -0.003 -0.003 -0.003 -0.003 0.989 0.989 0.989 0.989 0.989 0.989 0.989 0.989
-0.992 -0.992 -0.992 -0.992 -0.992 -0.992 -0.992 -0.992 -0.992 -0.992 -0.992 -0.992 -0.992 -0.992 -0.992 -0.992 -0.992 -0.992 -0.992 -0.992 -0.992 -0.992 -0.992 -0.992 -0.992 -0.992 -0.992 -0.992 -0.992 -0.000 -0.000 -0.000 -0.000 -0.000 -0.000 -0.992 -0.992 -0.992 -0.003 -0.003 -0.003 -0.003 0.989 0.989 0.989 0.989 0.989 0.989 0.989 0.989
-0.992 -0.992 -0.992 -0.992 -0.992 -0.992 -0.992 -0.992 -0.992 -0.992 -0.992 -0.992 -0.992 -0.992 -0.992 -0.992 -0.992 -0.992 -0.992 -0.992 -0.992 -0.992 -0.992 -0.992 -0.992 -0.992 -0.992 -0.992 -0.992 -0.000 -0.000 -0.000 -0.000 -0.000 -0.000 -0.992 -0.992 -0.992 -0.003 -0.003 -0.003 -0.003 0.989 0.989 0.989 0.989 0.989 0.989 0.989 0.989
-0.992 -0.992 -0.992 -0.992 -0.992 -0.992 -0.992 -0.992 -0.992 -0.992 -0.992 -0.992 -0.992 -0.992 -0.992 -0.992 -0.992 -0.992 -0.992 -0.992 -0.992 -0.992 -0.992 -0.992 -0.992 -0.992 -0.992 -0.992 -0.992 -0.000 -0.000 -0.000 -0.000 -0.000 -0.000 -0.992 -0.992 -0.992 -0.003 -0.003 -0.003 -0.003 0.989 0.989 0.989 0.989 0.989 0.989 0.989 0.989
-0.992 -0.992 -0.992 -0.992 -0.992 -0.992 -0.992 -0.992 -0.992 -0.992 -0.992 -0.992 -0.992 -0.992 -0.992 -0.992 -0.992 -0.992 -0.992 -0.992 -0.992 -0.992 -0.992 -0.992 -0.992 -0.992 -0.992 -0.992 -0.992 -0.000 -0.000 -0.000 -0.000 -0.000 -0.000 -0.992 -0.992 -0.992 -0.003 -0.003 -0.003 -0.003 0.989 0.989 0.989 0.989 0.989 0.989 0.989 0.989
-0.992 -0.992 -0.992 -0.992 -0.992 -0.992 -0.992 -0.992 -0.992 -0.992 -0.992 -0.992 -0.992 -0.992 -0.992 -0.992 -0.992 -0.992 -0.992 -0.992 -0.992 -0.992 -0.992 -0.992 -0.992 -0.992 -0.992 -0.992 -0.992 -0.000 -0.000 -0.000 -0.000 -0.000 -0.000 -0.992 -0.992 -0.992 -0.003 -0.003 -0.003 -0.003 0.989 0.989 0.989 0.989 0.989 0.989 0.989 0.989
-0.992 -0.992 -0.992 -0.992 -0.992 -0.992 -0.992 -0.992 -0.992 -0.992 -0.992 -0.992 -0.992 -0.992 -0.992 -0.992 -0.992 -0.992 -0.992 -0.992 -0.992 -0.992 -0.992 -0.992 -0.992 -0.992 -0.992 -0.992 -0.992 -0.000 -0.000 -0.000 -0.000 -0.000 -0.000 -0.992 -0.992 -0.992 -0.003 -0.003 -0.003 -0.003 0.989 0.989 0.989 0.989 0.989 0.989 0.989 0.989
-0.992 -0.992 -0.992 -0.992 -0.992 -0.992 -0.992 -0.992 -0.992 -0.992 -0.992 -0.992 -0.992 -0.992 -0.992 -0.992 -0.992 -0.992 -0.992 -0.992 -0.992 -0.992 -0.992 -0.992 -0.992 -0.992 -0.992 -0.992 -0.992 -0.000 -0.000 -0.000 -0.000 -0.000 -0.000 -0.992 -0.992 -0.992 -0.003 -0.003 -0.003 -0.003 0.989 0.989 0.989 0.989 0.989 0.989 0.989 0.989
-0.992 -0.992 -0.992 -0.992 -0.992 -0.992 -0.992 -0.992 -0.992 -0.992 -0.992 -0.992 -0.992 -0.992 -0.992 -0.992 -0.992 -0.992 -0.992 -0.992 -0.992 -0.992 -0.992 -0.992 -0.992 -0.992 -0.992 -0.992 -0.992 -0.000 -0.000 -0.000 -0.000 -0.000 -0.000 -0.992 -0.992 -0.992 -0.003 -0.003 -0.003 -0.003 0.989 0.989 0.989 0.989 0.989 0.989 0.989 0.989
-0.992 -0.992 -0.992 -0.992 -0.992 -0.992 -0.992 -0.992 -0.992 -0.992 -0.992 -0.992 -0.992 -0.992 -0.992 -0.992 -0.992 -0.992 -0.992 -0.992 -0.992 -0.992 -0.992 -0.992 -0.992 -0.992 -0.992 -0.992 -0.992 -0.000 -0.000 -0.000 -0.000 -0.000 -0.000 -0.992 -0.992 -0.992 -0.003 -0.003 -0.003 -0.003 0.989 0.989 0.989 0.989 0.989 0.989 0.989 0.989
0.000 0.000 0.000 0.000 0.000 0.000 0.000 0.000 0.000 0.000 0.000 0.000 0.000 0.000 0.000 0.000 0.000 0.000 0.000 0.000 0.000 0.000 0.000 0.000 0.000 0.000 0.000 0.000 0.000 0.002 0.002 0.002 0.002 0.002 0.002 0.000 0.000 0.000 -0.003 -0.003 -0.003 -0.003 -0.001 -0.001 -0.001 -0.001 -0.001 -0.001 -0.001 -0.001
0.000 0.000 0.000 0.000 0.000 0.000 0.000 0.000 0.000 0.000 0.000 0.000 0.000 0.000 0.000 0.000 0.000 0.000 0.000 0.000 0.000 0.000 0.000 0.000 0.000 0.000 0.000 0.000 0.000 0.002 0.002 0.002 0.002 0.002 0.002 0.000 0.000 0.000 -0.003 -0.003 -0.003 -0.003 -0.001 -0.001 -0.001 -0.001 -0.001 -0.001 -0.001 -0.001
0.000 0.000 0.000 0.000 0.000 0.000 0.000 0.000 0.000 0.000 0.000 0.000 0.000 0.000 0.000 0.000 0.000 0.000 0.000 0.000 0.000 0.000 0.000 0.000 0.000 0.000 0.000 0.000 0.000 0.002 0.002 0.002 0.002 0.002 0.002 0.000 0.000 0.000 -0.003 -0.003 -0.003 -0.003 -0.001 -0.001 -0.001 -0.001 -0.001 -0.001 -0.001 -0.001
0.000 0.000 0.000 0.000 0.000 0.000 0.000 0.000 0.000 0.000 0.000 0.000 0.000 0.000 0.000 0.000 0.000 0.000 0.000 0.000 0.000 0.000 0.000 0.000 0.000 0.000 0.000 0.000 0.000 0.002 0.002 0.002 0.002 0.002 0.002 0.000 0.000 0.000 -0.003 -0.003 -0.003 -0.003 -0.001 -0.001 -0.001 -0.001 -0.001 -0.001 -0.001 -0.001
0.000 0.000 0.000 0.000 0.000 0.000 0.000 0.000 0.000 0.000 0.000 0.000 0.000 0.000 0.000 0.000 0.000 0.000 0.000 0.000 0.000 0.000 0.000 0.000 0.000 0.000 0.000 0.000 0.000 0.002 0.002 0.002 0.002 0.002 0.002 0.000 0.000 0.000 -0.003 -0.003 -0.003 -0.003 -0.001 -0.001 -0.001 -0.001 -0.001 -0.001 -0.001 -0.001
0.000 0.000 0.000 0.000 0.000 0.000 0.000 0.000 0.000 0.000 0.000 0.000 0.000 0.000 0.000 0.000 0.000 0.000 0.000 0.000 0.000 0.000 0.000 0.000 0.000 0.000 0.000 0.000 0.000 0.002 0.002 0.002 0.002 0.002 0.002 0.000 0.000 0.000 -0.003 -0.003 -0.003 -0.003 -0.001 -0.001 -0.001 -0.001 -0.001 -0.001 -0.001 -0.001
-0.992 -0.992 -0.992 -0.992 -0.992 -0.992 -0.992 -0.992 -0.992 -0.992 -0.992 -0.992 -0.992 -0.992 -0.992 -0.992 -0.992 -0.992 -0.992 -0.992 -0.992 -0.992 -0.992 -0.992 -0.992 -0.992 -0.992 -0.992 -0.992 -0.000 -0.000 -0.000 -0.000 -0.000 -0.000 -0.992 -0.992 -0.992 -0.003 -0.003 -0.003 -0.003 0.989 0.989 0.989 0.989 0.989 0.989 0.989 0.989
-0.992 -0.992 -0.992 -0.992 -0.992 -0.992 -0.992 -0.992 -0.992 -0.992 -0.992 -0.992 -0.992 -0.992 -0.992 -0.992 -0.992 -0.992 -0.992 -0.992 -0.992 -0.992 -0.992 -0.992 -0.992 -0.992 -0.992 -0.992 -0.992 -0.000 -0.000 -0.000 -0.000 -0.000 -0.000 -0.992 -0.992 -0.992 -0.003 -0.003 -0.003 -0.003 0.989 0.989 0.989 0.989 0.989 0.989 0.989 0.989
-0.992 -0.992 -0.992 -0.992 -0.992 -0.992 -0.992 -0.992 -0.992 -0.992 -0.992 -0.992 -0.992 -0.992 -0.992 -0.992 -0.992 -0.992 -0.992 -0.992 -0.992 -0.992 -0.992 -0.992 -0.992 -0.992 -0.992 -0.992 -0.992 -0.000 -0.000 -0.000 -0.000 -0.000 -0.000 -0.992 -0.992 -0.992 -0.003 -0.003 -0.003 -0.003 0.989 0.989 0.989 0.989 0.989 0.989 0.989 0.989
-0.003 -0.003 -0.003 -0.003 -0.003 -0.003 -0.003 -0.003 -0.003 -0.003 -0.003 -0.003 -0.003 -0.003 -0.003 -0.003 -0.003 -0.003 -0.003 -0.003 -0.003 -0.003 -0.003 -0.003 -0.003 -0.003 -0.003 -0.003 -0.003 -0.003 -0.003 -0.003 -0.003 -0.003 -0.003 -0.003 -0.003 -0.003 -0.003 -0.003 -0.003 -0.003 -0.003 -0.003 -0.003 -0.003 -0.003 -0.003 -0.003 -0.003
-0.003 -0.003 -0.003 -0.003 -0.003 -0.003 -0.003 -0.003 -0.003 -0.003 -0.003 -0.003 -0.003 -0.003 -0.003 -0.003 -0.003 -0.003 -0.003 -0.003 -0.003 -0.003 -0.003 -0.003 -0.003 -0.003 -0.003 -0.003 -0.003 -0.003 -0.003 -0.003 -0.003 -0.003 -0.003 -0.003 -0.003 -0.003 -0.003 -0.003 -0.003 -0.003 -0.003 -0.003 -0.003 -0.003 -0.003 -0.003 -0.003 -0.003
-0.003 -0.003 -0.003 -0.003 -0.003 -0.003 -0.003 -0.003 -0.003 -0.003 -0.003 -0.003 -0.003 -0.003 -0.003 -0.003 -0.003 -0.003 -0.003 -0.003 -0.003 -0.003 -0.003 -0.003 -0.003 -0.003 -0.003 -0.003 -0.003 -0.003 -0.003 -0.003 -0.003 -0.003 -0.003 -0.003 -0.003 -0.003 -0.003 -0.003 -0.003 -0.003 -0.003 -0.003 -0.003 -0.003 -0.003 -0.003 -0.003 -0.003
-0.003 -0.003 -0.003 -0.003 -0.003 -0.003 -0.003 -0.003 -0.003 -0.003 -0.003 -0.003 -0.003 -0.003 -0.003 -0.003 -0.003 -0.003 -0.003 -0.003 -0.003 -0.003 -0.003 -0.003 -0.003 -0.003 -0.003 -0.003 -0.003 -0.003 -0.003 -0.003 -0.003 -0.003 -0.003 -0.003 -0.003 -0.003 -0.003 -0.003 -0.003 -0.003 -0.003 -0.003 -0.003 -0.003 -0.003 -0.003 -0.003 -0.003
0.989 0.989 0.989 0.989 0.989 0.989 0.989 0.989 0.989 0.989 0.989 0.989 0.989 0.989 0.989 0.989 0.989 0.989 0.989 0.989 0.989 0.989 0.989 0.989 0.989 0.989 0.989 0.989 0.989 -0.001 -0.001 -0.001 -0.001 -0.001 -0.001 0.989 0.989 0.989 -0.003 -0.003 -0.003 -0.003 -0.993 -0.993 -0.993 -0.993 -0.993 -0.993 -0.993 -0.993
0.989 0.989 0.989 0.989 0.989 0.989 0.989 0.989 0.989 0.989 0.989 0.989 0.989 0.989 0.989 0.989 0.989 0.989 0.989 0.989 0.989 0.989 0.989 0.989 0.989 0.989 0.989 0.989 0.989 -0.001 -0.001 -0.001 -0.001 -0.001 -0.001 0.989 0.989 0.989 -0.003 -0.003 -0.003 -0.003 -0.993 -0.993 -0.993 -0.993 -0.993 -0.993 -0.993 -0.993
0.989 0.989 0.989 0.989 0.989 0.989 0.989 0.989 0.989 0.989 0.989 0.989 0.989 0.989 0.989 0.989 0.989 0.989 0.989 0.989 0.989 0.989 0.989 0.989 0.989 0.989 0.989 0.989 0.989 -0.001 -0.001 -0.001 -0.001 -0.001 -0.001 0.989 0.989 0.989 -0.003 -0.003 -0.003 -0.003 -0.993 -0.993 -0.993 -0.993 -0.993 -0.993 -0.993 -0.993
0.989 0.989 0.989 0.989 0.989 0.989 0.989 0.989 0.989 0.989 0.989 0.989 0.989 0.989 0.989 0.989 0.989 0.989 0.989 0.989 0.989 0.989 0.989 0.989 0.989 0.989 0.989 0.989 0.989 -0.001 -0.001 -0.001 -0.001 -0.001 -0.001 0.989 0.989 0.989 -0.003 -0.003 -0.003 -0.003 -0.993 -0.993 -0.993 -0.993 -0.993 -0.993 -0.993 -0.993
0.989 0.989 0.989 0.989 0.989 0.989 0.989 0.989 0.989 0.989 0.989 0.989 0.989 0.989 0.989 0.989 0.989 0.989 0.989 0.989 0.989 0.989 0.989 0.989 0.989 0.989 0.989 0.989 0.989 -0.001 -0.001 -0.001 -0.001 -0.001 -0.001 0.989 0.989 0.989 -0.003 -0.003 -0.003 -0.003 -0.993 -0.993 -0.993 -0.993 -0.993 -0.993 -0.993 -0.993
0.989 0.989 0.989 0.989 0.989 0.989 0.989 0.989 0.989 0.989 0.989 0.989 0.989 0.989 0.989 0.989 0.989 0.989 0.989 0.989 0.989 0.989 0.989 0.989 0.989 0.989 0.989 0.989 0.989 -0.001 -0.001 -0.001 -0.001 -0.001 -0.001 0.989 0.989 0.989 -0.003 -0.003 -0.003 -0.003 -0.993 -0.993 -0.993 -0.993 -0.993 -0.993 -0.993 -0.993
0.989 0.989 0.989 0.989 0.989 0.989 0.989 0.989 0.989 0.989 0.989 0.989 0.989 0.989 0.989 0.989 0.989 0.989 0.989 0.989 0.989 0.989 0.989 0.989 0.989 0.989 0.989 0.989 0.989 -0.001 -0.001 -0.001 -0.001 -0.001 -0.001 0.989 0.989 0.989 -0.003 -0.003 -0.003 -0.003 -0.993 -0.993 -0.993 -0.993 -0.993 -0.993 -0.993 -0.993
0.989 0.989 0.989 0.989 0.989 0.989 0.989 0.989 0.989 0.989 0.989 0.989 0.989 0.989 0.989 0.989 0.989 0.989 0.989 0.989 0.989 0.989 0.989 0.989 0.989 0.989 0.989 0.989 0.989 -0.001 -0.001 -0.001 -0.001 -0.001 -0.001 0.989 0.989 0.989 -0.003 -0.003 -0.003 -0.003 -0.993 -0.993 -0.993 -0.993 -0.993 -0.993 -0.993 -0.993
