2.067
2.086
2.102
2.125
2.144
2.171
2.192
2.206
2.235
2.255
2.273
2.294
2.322
2.349
2.364
2.387
2.411
2.440
2.463
2.484
2.507
2.529
2.556
2.581
2.601
2.629
2.652
2.678
2.697
2.733
2.754
2.780
2.805
2.825
2.847
2.872
2.901
2.928
2.956
2.973
2.998
3.026
3.055
3.079
3.093
3.125
3.151
3.174
3.198
3.224
3.242
3.269
3.289
3.315
3.343
3.362
3.382
3.412
3.437
3.461
3.484
3.500
3.521
3.544
3.562
3.587
3.607
3.626
3.656
3.674
3.693
3.719
3.729
3.756
3.778
3.797
3.814
3.832
3.849
3.874
3.888
3.903
3.924
3.941
3.959
3.968
3.993
4.005
4.020
4.040
4.060
4.076
4.086
4.107
4.114
4.129
4.150
4.163
4.179
4.189
4.200
4.214
4.226
4.242
4.249
4.272
4.285
4.298
4.315
4.320
4.328
4.351
4.353
4.367
4.380
4.392
4.398
4.410
4.417
4.435
4.443
4.457
4.458
4.476
4.492
4.495
4.503
4.510
4.522
4.539
4.547
4.553
4.565
4.578
4.584
4.591
4.599
4.610
4.613
4.617
4.628
4.636
4.642
4.660
4.666
4.667
4.677
4.691
4.689
4.702
4.713
4.712
4.718
4.730
4.738
4.746
4.755
4.750
4.761
4.778
4.778
4.782
4.794
4.797
4.803
4.806
4.817
4.821
4.822
4.831
4.839
4.846
4.848
4.863
4.867
4.864
4.869
4.879
4.883
4.890
4.897
4.900
4.899
4.905
4.911
4.922
4.927
4.935
4.930
4.941
4.944
4.950
4.952
4.965
4.967
4.977
4.965
4.977
4.988
4.987
4.992
4.996
4.993
5.001
5.011
5.008
5.012
5.013
5.032
5.030
5.028
5.036
5.041
5.042
5.042
5.057
5.059
5.057
5.065
5.065
5.065
5.075
5.080
5.086
5.090
5.088
5.089
5.094
5.100
5.111
5.106
5.107
5.110
5.123
5.119
5.124
5.133
5.135
5.132
5.134
5.146
5.141
5.151
5.147
5.158
5.157
5.158
5.168
5.169
5.167
5.174
5.167
5.179
5.173
5.183
5.191
5.192
5.193
5.196
5.201
5.194
5.198
5.201
5.207
5.206
5.219
5.211
5.212
5.219
5.228
5.219
5.229
5.235
5.235
5.241
5.233
5.240
5.239
5.248
5.255
5.253
5.253
5.255
5.264
5.262
5.267
5.265
5.263
5.267
5.273
5.273
5.282
5.272
5.276
5.283
5.283
5.293
5.290
5.295
5.288
5.293
5.300
5.300
5.298
5.304
5.300
5.310
5.307
5.310
5.318
5.316
5.312
5.317
5.324
5.318
5.330
5.329
5.331
5.331
5.337
5.336
5.337
5.340
5.342
5.343
5.336
5.339
5.353
5.355
5.347
5.355
5.358
5.357
5.356
5.364
5.361
5.358
5.364
5.361
5.366
5.371
5.375
5.366
5.370
5.377
5.380
5.376
5.387
5.385
5.379
5.381
5.379
5.394
5.391
5.393
5.386
5.393
5.396
5.400
5.397
5.402
5.397
5.404
5.401
5.403
5.401
5.408
5.414
5.411
5.416
5.414
5.417
5.421
5.414
5.425
5.417
5.415
5.416
5.418
5.422
5.420
5.423
5.430
5.427
5.432
5.436
5.436
5.437
5.436
5.436
5.438
5.431
5.441
5.437
5.447
5.448
5.444
5.450
5.446
5.447
5.446
5.455
5.447
5.456
5.457
5.451
5.457
5.458
5.454
5.459
5.461
5.470
5.458
5.468
5.463
5.469
5.474
5.467
5.473
5.469
5.473
5.477
5.466
5.472
5.482
5.469
5.476
5.480
5.480
5.482
5.484
5.483
5.484
5.482
5.482
5.489
5.485
5.492
5.484
5.484
5.491
5.485
5.487
5.491
5.489
5.492
5.493
5.497
5.496
5.497
5.498
5.505
5.504
5.496
5.506
5.507
5.505
5.502
5.512
5.508
5.505
5.509
5.502
5.507
5.512
5.515
5.515
5.511
5.512
5.516
5.514
5.519
5.522
5.522
5.514
5.525
5.515
5.519
5.521
5.520
5.525
5.519
5.528
5.524
5.524
5.534
5.533
5.527
5.530
5.532
5.525
5.530
5.538
5.529
5.542
5.535
5.538
5.537
5.537
5.537
5.540
5.533
5.539
5.547
5.543
5.544
5.542
5.541
5.545
5.540
5.543
5.546
5.550
5.546
5.541
5.545
5.549
5.545
5.545
5.553
5.550
5.549
5.556
5.553
5.560
5.550
5.557
5.558
5.560
5.552
5.555
5.563
5.563
5.555
5.556
5.559
5.564
5.561
5.562
5.555
5.566
5.564
5.561
5.568
5.566
5.563
5.560
5.569
5.564
5.567
5.572
5.569
5.573
5.574
5.573
5.575
5.568
5.577
5.571
5.574
5.570
5.579
5.580
5.578
5.575
5.579
5.573
5.576
5.573
5.576
5.576
5.576
5.581
5.574
5.587
5.583
5.584
5.587
5.587
5.583
5.577
5.586
5.584
5.586
5.592
5.584
5.594
5.583
5.585
5.584
5.587
5.581
5.584
5.584
5.584
5.594
5.593
5.598
5.589
5.594
5.591
5.597
5.597
5.596
5.593
5.598
5.595
5.596
5.604
5.597
5.604
5.598
5.603
5.592
5.599
5.598
5.600
5.606
5.596
5.598
5.595
5.605
5.608
5.601
5.597
5.608
5.597
5.607
5.604
5.601
5.601
5.600
5.602
5.603
5.606
5.605
5.612
5.608
5.613
5.602
5.609
5.610
5.612
5.614
5.607
5.614
5.608
5.615
5.608
5.616
5.607
5.616
5.613
5.618
5.612
5.615
5.613
5.610
5.621
5.614
5.614
5.618
5.621
5.621
5.617
5.613
5.615
5.623
5.621
5.622
5.613
5.617
5.616
5.625
5.619
5.624
5.621
5.620
5.627
5.618
5.627
5.616
5.625
5.625
5.630
5.623
5.621
5.626
5.632
5.622
5.625
5.627
5.630
5.621
5.634
5.626
5.626
5.630
5.622
5.637
5.628
5.632
5.625
5.634
5.632
5.624
5.633
5.635
5.635
5.632
5.633
5.639
5.640
5.639
5.637
5.630
5.633
5.640
5.637
5.637
5.630
5.635
5.640
5.640
5.628
5.632
5.631
5.636
5.633
5.644
5.631
5.644
5.640
5.631
5.644
5.637
5.635
5.644
5.645
5.639
5.636
5.642
5.646
5.637
5.645
5.644
5.638
5.643
5.639
5.641
5.645
5.644
5.641
5.640
5.645
5.649
5.645
5.647
5.647
5.647
5.645
5.641
5.646
5.644
5.647
5.642
5.652
5.651
5.649
5.645
5.645
5.649
5.653
5.654
5.646
5.649
5.646
5.651
5.647
5.649
5.646
5.650
5.646
5.648
5.647
5.656
5.647
5.650
5.652
5.646
5.648
5.658
5.659
5.657
5.658
5.655
5.657
5.649
5.660
5.651
5.661
5.659
5.655
5.651
5.652
5.653
5.661
5.655
5.660
5.658
5.665
5.651
5.652
5.664
5.653
5.652
5.659
5.659
5.653
5.664
5.660
5.652
5.656
5.654
5.657
5.661
5.663
5.664
5.662
5.666
5.659
5.656
5.666
5.667
5.669
5.664
5.661
5.658
5.666
5.661
5.658
5.661
5.659
5.667
5.667
5.661
5.665
5.660
5.666
5.661
5.664
5.663
5.667
5.663
5.668
5.673
5.663
5.669
5.661
5.669
5.663
5.670
5.660
5.661
5.664
5.670
5.663
5.669
5.669
5.670
5.664
5.666
5.664
5.665
5.674
5.667
5.670
5.668
5.675
5.665
5.664
5.667
5.676
5.672
5.674
5.671
5.673
5.675
5.671
5.675
5.669
5.673
5.675
5.667
5.673
5.676
5.670
5.677
5.669
5.674
5.676
5.678
5.672
5.672
5.676
5.678
5.677
5.671
5.678
5.675
5.669
5.679
5.675
5.682
5.677
5.679
5.679
5.672
5.676
5.678
5.677
5.678
5.678
5.677
5.669
5.682
5.672
5.674
5.676
5.675
5.675
5.681
5.682
5.683
5.684
5.679
5.673
5.685
5.679
5.681
5.677
5.676
5.687
5.675
5.678
5.679
5.687
5.676
5.675
5.679
5.689
5.685
5.677
5.687
5.678
5.680
5.676
5.690
5.683
5.689
5.681
5.676
5.684
5.686
5.685
5.687
5.684
5.680
5.683
5.683
5.682
5.689
5.682
5.685
5.684
5.689
5.685
5.679
5.680
5.681
5.687
5.686
5.679
5.691
5.683
5.688
5.685
5.687
5.686
5.683
5.683
5.689
5.690
5.683
5.686
5.684
5.682
5.689
5.684
5.691
5.682
5.687
5.681
5.691
5.690
5.683
5.694
5.692
5.691
5.689
5.685
5.690
5.690
5.686
5.685
5.686
5.686
5.688
5.686
5.695
5.687
5.682
5.694
5.693
