0.828
0.833
0.827
0.845
0.844
0.864
0.875
0.866
0.888
0.889
0.887
0.893
0.915
0.927
0.920
0.929
0.938
0.963
0.967
0.977
0.978
0.982
0.998
1.011
1.007
1.026
1.023
1.041
1.032
1.071
1.065
1.078
1.089
1.087
1.091
1.099
1.117
1.136
1.145
1.140
1.145
1.163
1.183
1.186
1.174
1.196
1.212
1.223
1.219
1.232
1.235
1.250
1.252
1.260
1.277
1.276
1.276
1.302
1.310
1.323
1.335
1.322
1.331
1.344
1.342
1.355
1.364
1.359
1.386
1.386
1.400
1.413
1.400
1.424
1.436
1.440
1.445
1.451
1.452
1.475
1.467
1.465
1.485
1.486
1.498
1.486
1.508
1.507
1.506
1.521
1.528
1.541
1.532
1.555
1.537
1.543
1.562
1.561
1.570
1.568
1.565
1.577
1.572
1.585
1.575
1.603
1.601
1.608
1.623
1.611
1.611
1.641
1.617
1.626
1.634
1.642
1.631
1.639
1.636
1.653
1.655
1.665
1.649
1.664
1.680
1.672
1.671
1.669
1.678
1.696
1.701
1.692
1.703
1.718
1.706
1.710
1.714
1.720
1.709
1.705
1.717
1.716
1.715
1.744
1.742
1.728
1.732
1.753
1.733
1.750
1.755
1.742
1.747
1.756
1.764
1.768
1.776
1.749
1.761
1.788
1.775
1.773
1.784
1.780
1.785
1.775
1.787
1.792
1.778
1.789
1.789
1.802
1.791
1.816
1.812
1.796
1.795
1.808
1.808
1.815
1.821
1.809
1.802
1.807
1.808
1.823
1.826
1.832
1.815
1.830
1.825
1.830
1.828
1.846
1.847
1.857
1.819
1.840
1.856
1.848
1.843
1.851
1.835
1.842
1.857
1.843
1.847
1.838
1.873
1.865
1.850
1.861
1.863
1.861
1.853
1.878
1.875
1.863
1.873
1.865
1.857
1.878
1.881
1.882
1.883
1.875
1.871
1.877
1.883
1.897
1.884
1.879
1.885
1.905
1.887
1.894
1.905
1.898
1.895
1.891
1.910
1.891
1.908
1.897
1.915
1.907
1.907
1.920
1.919
1.906
1.915
1.898
1.919
1.893
1.915
1.927
1.920
1.925
1.923
1.930
1.907
1.910
1.916
1.922
1.914
1.939
1.916
1.917
1.926
1.940
1.916
1.934
1.945
1.939
1.950
1.924
1.935
1.925
1.940
1.958
1.941
1.935
1.937
1.954
1.949
1.955
1.945
1.939
1.942
1.954
1.950
1.958
1.934
1.946
1.954
1.946
1.969
1.956
1.964
1.945
1.949
1.966
1.960
1.951
1.958
1.947
1.968
1.954
1.959
1.975
1.970
1.956
1.958
1.975
1.955
1.983
1.972
1.979
1.973
1.983
1.974
1.979
1.979
1.981
1.980
1.957
1.962
1.991
1.988
1.971
1.984
1.989
1.984
1.978
1.991
1.984
1.974
1.987
1.979
1.987
1.994
2.003
1.971
1.977
1.990
1.993
1.983
2.007
2.001
1.982
1.985
1.977
2.007
2.004
2.000
1.983
1.995
2.001
2.002
1.993
2.002
1.987
2.005
1.992
2.004
1.995
2.003
2.018
2.004
2.017
2.008
2.014
2.019
2.004
2.022
2.002
1.990
1.999
1.996
2.000
1.999
2.007
2.014
2.008
2.012
2.023
2.015
2.016
2.015
2.014
2.015
1.995
2.018
2.008
2.027
2.028
2.018
2.025
2.019
2.014
2.012
2.031
2.010
2.030
2.023
2.013
2.022
2.026
2.012
2.021
2.024
2.045
2.019
2.037
2.023
2.039
2.038
2.025
2.037
2.024
2.033
2.033
2.016
2.025
2.049
2.013
2.024
2.042
2.033
2.045
2.039
2.035
2.035
2.035
2.033
2.044
2.037
2.047
2.023
2.023
2.040
2.025
2.030
2.034
2.028
2.033
2.035
2.042
2.034
2.036
2.039
2.053
2.045
2.033
2.044
2.053
2.042
2.036
2.057
2.047
2.038
2.046
2.027
2.040
2.053
2.055
2.055
2.047
2.041
2.051
2.047
2.053
2.061
2.058
2.042
2.066
2.036
2.050
2.056
2.048
2.054
2.040
2.060
2.050
2.051
2.072
2.066
2.056
2.062
2.061
2.041
2.053
2.071
2.049
2.076
2.058
2.066
2.061
2.060
2.056
2.066
2.050
2.059
2.076
2.061
2.066
2.060
2.059
2.069
2.056
2.061
2.066
2.072
2.062
2.050
2.060
2.067
2.057
2.050
2.078
2.067
2.058
2.075
2.065
2.088
2.057
2.075
2.071
2.080
2.060
2.068
2.082
2.083
2.063
2.061
2.071
2.083
2.072
2.076
2.052
2.079
2.077
2.069
2.087
2.072
2.071
2.060
2.078
2.065
2.068
2.082
2.075
2.081
2.084
2.078
2.088
2.068
2.089
2.074
2.076
2.070
2.086
2.089
2.080
2.078
2.087
2.072
2.078
2.074
2.071
2.073
2.070
2.084
2.069
2.101
2.086
2.085
2.098
2.089
2.084
2.070
2.086
2.081
2.082
2.099
2.080
2.101
2.076
2.077
2.075
2.079
2.074
2.069
2.076
2.070
2.101
2.088
2.097
2.084
2.088
2.078
2.094
2.090
2.096
2.083
2.095
2.085
2.087
2.107
2.089
2.105
2.088
2.101
2.080
2.091
2.088
2.092
2.105
2.083
2.085
2.076
2.097
2.105
2.090
2.081
2.106
2.078
2.099
2.094
2.081
2.084
2.080
2.084
2.088
2.096
2.089
2.103
2.095
2.109
2.083
2.095
2.096
2.097
2.105
2.088
2.103
2.090
2.102
2.082
2.104
2.087
2.103
2.098
2.109
2.092
2.096
2.092
2.089
2.110
2.093
2.093
2.102
2.111
2.106
2.100
2.090
2.094
2.109
2.103
2.101
2.085
2.103
2.096
2.109
2.095
2.106
2.100
2.099
2.114
2.095
2.113
2.089
2.106
2.109
2.112
2.100
2.091
2.105
2.124
2.096
2.105
2.106
2.111
2.089
2.119
2.097
2.099
2.109
2.094
2.124
2.104
2.109
2.100
2.114
2.110
2.095
2.113
2.118
2.112
2.108
2.114
2.124
2.122
2.120
2.120
2.102
2.104
2.122
2.116
2.117
2.101
2.109
2.121
2.121
2.091
2.102
2.098
2.104
2.105
2.126
2.101
2.126
2.112
2.099
2.123
2.108
2.100
2.127
2.128
2.111
2.106
2.112
2.127
2.106
2.124
2.114
2.109
2.111
2.111
2.110
2.115
2.121
2.104
2.108
2.115
2.116
2.114
2.120
2.119
2.119
2.115
2.104
2.113
2.112
2.117
2.106
2.133
2.125
2.123
2.113
2.109
2.116
2.127
2.127
2.113
2.117
2.111
2.117
2.114
2.117
2.113
2.117
2.108
2.112
2.106
2.131
2.107
2.109
2.117
2.104
2.108
2.132
2.131
2.129
2.132
2.120
2.127
2.109
2.132
2.113
2.133
2.129
2.125
2.113
2.111
2.118
2.132
2.116
2.127
2.122
2.142
2.110
2.107
2.133
2.109
2.110
2.129
2.122
2.109
2.133
2.125
2.104
2.114
2.110
2.116
2.126
2.132
2.131
2.123
2.139
2.118
2.109
2.128
2.137
2.142
2.124
2.125
2.113
2.134
2.121
2.115
2.120
2.117
2.133
2.134
2.117
2.127
2.123
2.126
2.114
2.120
2.126
2.128
2.121
2.131
2.138
2.119
2.132
2.113
2.132
2.118
2.134
2.115
2.112
2.119
2.130
2.118
2.130
2.130
2.129
2.124
2.123
2.117
2.116
2.138
2.125
2.128
2.124
2.144
2.117
2.115
2.123
2.141
2.136
2.134
2.128
2.130
2.139
2.129
2.138
2.126
2.133
2.137
2.118
2.123
2.136
2.120
2.138
2.120
2.136
2.139
2.141
2.125
2.124
2.127
2.143
2.138
2.123
2.137
2.130
2.119
2.142
2.135
2.146
2.134
2.136
2.141
2.121
2.131
2.132
2.135
2.131
2.136
2.130
2.120
2.142
2.122
2.131
2.129
2.121
2.124
2.139
2.142
2.142
2.146
2.138
2.121
2.149
2.133
2.140
2.126
2.127
2.153
2.125
2.132
2.128
2.145
2.122
2.120
2.131
2.150
2.142
2.126
2.151
2.129
2.129
2.126
2.157
2.137
2.152
2.131
2.124
2.136
2.143
2.141
2.149
2.136
2.128
2.139
2.137
2.134
2.147
2.132
2.138
2.127
2.151
2.135
2.126
2.128
2.128
2.148
2.141
2.122
2.155
2.127
2.139
2.140
2.141
2.135
2.132
2.132
2.145
2.146
2.132
2.139
2.133
2.128
2.146
2.131
2.149
2.130
2.136
2.129
2.141
2.143
2.126
2.154
2.145
2.146
2.141
2.133
2.146
2.139
2.128
2.131
2.140
2.131
2.139
2.130
2.153
2.131
2.118
2.151
2.144
