1.021
1.015
1.029
1.025
1.038
1.037
1.029
1.027
1.023
1.028
1.038
1.028
1.046
1.038
1.034
1.059
1.047
1.069
1.043
1.052
1.061
1.058
1.056
1.069
1.054
1.052
1.054
1.048
1.068
1.060
1.072
1.054
1.045
1.079
1.061
1.054
1.073
1.066
1.055
1.068
1.066
1.059
1.070
1.068
1.047
1.057
1.060
1.070
1.077
1.076
1.050
1.070
1.079
1.046
1.074
1.071
1.063
1.078
1.078
1.089
1.095
1.083
1.073
1.088
1.063
1.088
1.087
1.073
1.079
1.078
1.105
1.075
1.088
1.110
1.103
1.106
1.081
1.098
1.084
1.110
1.093
1.101
1.112
1.112
1.107
1.108
1.113
1.104
1.120
1.126
1.126
1.120
1.125
1.120
1.132
1.139
1.135
1.138
1.143
1.166
1.159
1.136
1.141
1.156
1.144
1.141
1.175
1.166
1.165
1.168
1.184
1.184
1.159
1.167
1.194
1.201
1.179
1.167
1.186
1.197
1.194
1.198
1.208
1.221
1.204
1.190
1.205
1.223
1.219
1.205
1.216
1.213
1.212
1.226
1.218
1.245
1.217
1.240
1.222
1.234
1.236
1.241
1.254
1.233
1.245
1.254
1.259
1.251
1.266
1.255
1.257
1.278
1.280
1.267
1.287
1.276
1.279
1.270
1.293
1.278
1.307
1.298
1.306
1.285
1.286
1.299
1.313
1.313
1.301
1.300
1.295
1.304
1.312
1.312
1.336
1.309
1.304
1.326
1.326
1.333
1.322
1.351
1.350
1.335
1.323
1.327
1.364
1.339
1.348
1.343
1.340
1.345
1.335
1.365
1.346
1.353
1.370
1.359
1.373
1.353
1.373
1.365
1.366
1.376
1.362
1.373
1.381
1.375
1.389
1.373
1.377
1.377
1.386
1.398
1.402
1.385
1.397
1.410
1.385
1.384
1.382
1.382
1.393
1.403
1.405
1.429
1.406
1.383
1.403
1.408
1.422
1.431
1.423
1.417
1.425
1.412
1.415
1.438
1.412
1.447
1.439
1.417
1.427
1.453
1.424
1.435
1.439
1.435
1.456
1.465
1.438
1.454
1.429
1.457
1.458
1.469
1.448
1.475
1.447
1.467
1.461
1.456
1.456
1.465
1.461
1.447
1.466
1.470
1.464
1.474
1.481
1.462
1.485
1.485
1.471
1.474
1.492
1.490
1.487
1.498
1.489
1.469
1.497
1.493
1.489
1.475
1.493
1.491
1.482
1.481
1.484
1.500
1.544
1.526
1.493
1.498
1.505
1.508
1.502
1.508
1.510
1.497
1.518
1.522
1.520
1.510
1.510
1.522
1.526
1.490
1.511
1.531
1.534
1.515
1.522
1.518
1.521
1.521
1.533
1.521
1.522
1.510
1.539
1.521
1.512
1.538
1.526
1.542
1.512
1.536
1.531
1.531
1.548
1.541
1.542
1.522
1.537
1.547
1.546
1.562
1.554
1.540
1.568
1.550
1.557
1.556
1.547
1.556
1.561
1.549
1.556
1.564
1.558
1.559
1.559
1.580
1.545
1.562
1.562
1.566
1.592
1.561
1.576
1.579
1.568
1.562
1.563
1.575
1.565
1.571
1.563
1.577
1.581
1.595
1.578
1.593
1.582
1.585
1.577
1.582
1.588
1.572
1.592
1.573
1.582
1.593
1.585
1.582
1.587
1.597
1.573
1.588
1.593
1.578
1.572
1.596
1.593
1.594
1.597
1.585
1.611
1.588
1.578
1.595
1.590
1.581
1.611
1.601
1.591
1.616
1.588
1.608
1.588
1.633
1.590
1.632
1.610
1.586
1.616
1.624
1.630
1.613
1.616
1.610
1.606
1.597
1.613
1.631
1.608
1.631
1.618
1.614
1.623
1.626
1.624
1.632
1.611
1.625
1.620
1.626
1.628
1.611
1.639
1.645
1.623
1.630
1.644
1.627
1.633
1.624
1.635
1.637
1.623
1.632
1.635
1.623
1.630
1.654
1.635
1.638
1.656
1.645
1.640
1.657
1.631
1.634
1.646
1.638
1.651
1.650
1.632
1.644
1.660
1.654
1.663
1.661
1.641
1.664
1.651
1.676
1.660
1.635
1.643
1.675
1.657
1.651
1.644
1.653
1.663
1.661
1.640
1.670
1.647
1.656
1.655
1.661
1.653
1.674
1.648
1.667
1.664
1.654
1.666
1.656
1.666
1.664
1.662
1.664
1.664
1.661
1.660
1.659
1.684
1.665
1.671
1.690
1.689
1.672
1.678
1.686
1.688
1.685
1.661
1.688
1.669
1.675
1.668
1.680
1.676
1.701
1.677
1.684
1.685
1.680
1.675
1.680
1.678
1.675
1.685
1.680
1.691
1.673
1.686
1.690
1.699
1.699
1.674
1.692
1.701
1.685
1.699
1.684
1.683
1.684
1.704
1.693
1.704
1.704
1.696
1.716
1.706
1.711
1.709
1.695
1.699
1.689
1.722
1.695
1.703
1.714
1.723
1.689
1.724
1.710
1.704
1.717
1.712
1.716
1.716
1.710
1.710
1.709
1.713
1.711
1.703
1.729
1.706
1.694
1.723
1.720
1.724
1.725
1.717
1.713
1.719
1.718
1.728
1.706
1.716
1.709
1.720
1.718
1.713
1.730
1.707
1.742
1.732
1.730
1.726
1.712
1.730
1.730
1.736
1.719
1.725
1.703
1.724
1.733
1.734
1.726
1.734
1.728
1.747
1.741
1.724
1.732
1.723
1.714
1.733
1.732
1.730
1.731
1.733
1.733
1.740
1.749
1.750
1.720
1.733
1.737
1.733
1.751
1.758
1.739
1.744
1.743
1.754
1.752
1.752
1.756
1.743
1.748
1.734
1.747
1.754
1.744
1.747
1.749
1.763
1.752
1.755
1.773
1.733
1.753
1.736
1.749
1.749
1.757
1.755
1.769
1.775
1.771
1.768
1.765
1.766
1.777
1.750
1.745
1.754
1.749
1.754
1.761
1.783
1.761
1.753
1.754
1.766
1.770
1.755
1.751
1.773
1.765
1.763
1.776
1.767
1.784
1.795
1.774
1.790
1.767
1.761
1.763
1.766
1.775
1.775
1.752
1.774
1.771
1.781
1.778
1.790
1.765
1.783
1.780
1.796
1.775
1.784
1.776
1.793
1.773
1.797
1.785
1.795
1.801
1.778
1.781
1.791
1.798
1.786
1.781
1.788
1.786
1.789
1.781
1.769
1.778
1.782
1.785
1.777
1.796
1.799
1.788
1.798
1.784
1.802
1.812
1.792
1.803
1.806
1.780
1.792
1.807
1.811
1.791
1.797
1.781
1.789
1.793
1.798
1.802
1.816
1.792
1.793
1.793
1.783
1.821
1.819
1.809
1.808
1.822
1.800
1.806
1.784
1.798
1.800
1.802
1.810
1.807
1.794
1.816
1.811
1.816
1.805
1.830
1.823
1.793
1.806
1.825
1.807
1.812
1.805
1.822
1.806
1.817
1.811
1.806
1.812
1.818
1.798
1.810
1.817
1.822
1.803
1.822
1.810
1.815
1.808
1.811
1.810
1.829
1.822
1.836
1.806
1.825
1.807
1.813
1.831
1.818
1.810
1.835
1.831
1.832
1.815
1.822
1.809
1.826
1.817
1.812
1.832
1.829
1.820
1.838
1.827
1.822
1.825
1.832
1.809
1.848
1.816
1.833
1.821
1.833
1.817
1.845
1.828
1.840
1.839
1.827
1.841
1.810
1.824
1.846
1.857
1.825
1.838
1.835
1.844
1.847
1.823
1.837
1.835
1.836
1.832
1.831
1.843
1.847
1.859
1.839
1.844
1.850
1.849
1.832
1.833
1.824
1.842
1.846
1.839
1.846
1.853
1.839
1.834
1.833
1.845
1.842
1.830
1.827
1.858
1.840
1.847
1.856
1.849
1.858
1.859
1.835
1.844
1.849
1.850
1.843
1.873
1.851
1.853
1.864
1.842
1.843
1.851
1.865
1.846
1.863
1.869
1.866
1.858
1.838
1.844
1.852
1.866
1.854
1.851
1.850
1.870
1.865
1.843
1.857
1.865
1.840
1.869
1.846
1.860
1.839
1.861
1.873
1.850
1.849
1.860
1.871
1.853
1.852
1.859
1.855
1.872
1.869
1.875
1.857
1.868
1.878
1.879
1.859
1.864
1.865
1.867
1.862
1.881
1.893
1.862
1.894
1.850
1.867
1.867
1.867
1.880
1.872
1.873
1.877
1.880
1.866
1.874
1.869
1.886
1.852
1.872
1.870
1.874
1.872
1.877
1.900
1.883
1.863
1.882
1.871
1.890
1.882
1.869
1.885
1.864
1.881
1.865
1.875
1.875
1.882
1.870
1.889
1.877
1.891
1.864
1.901
1.884
1.897
1.878
1.882
1.883
1.885
1.905
1.883
1.908
1.858
1.877
1.876
1.878
1.881
1.897
1.898
1.898
1.879
1.867
1.893
1.894
1.882
1.889
1.890
1.890
1.867
1.889
1.903
1.884
1.905
