3.977
4.016
4.062
4.100
4.142
4.180
4.221
4.270
4.307
4.353
4.401
4.445
4.484
4.527
4.578
4.625
4.670
4.709
4.756
4.804
4.852
4.903
4.947
4.992
5.044
5.091
5.138
5.184
5.237
5.276
5.327
5.375
5.424
5.478
5.529
5.578
5.621
5.668
5.716
5.772
5.818
5.863
5.908
5.960
6.015
6.058
6.104
6.153
6.200
6.247
6.299
6.345
6.393
6.438
6.480
6.528
6.576
6.615
6.659
6.704
6.747
6.796
6.841
6.881
6.930
6.969
7.012
7.056
7.089
7.132
7.174
7.211
7.259
7.291
7.327
7.366
7.405
7.446
7.483
7.513
7.553
7.593
7.626
7.659
7.696
7.738
7.763
7.802
7.835
7.863
7.892
7.925
7.960
7.986
8.025
8.055
8.074
8.106
8.136
8.166
8.197
8.224
8.255
8.280
8.311
8.329
8.357
8.378
8.402
8.430
8.459
8.474
8.503
8.528
8.549
8.573
8.600
8.621
8.646
8.660
8.686
8.701
8.734
8.746
8.760
8.788
8.809
8.829
8.847
8.857
8.880
8.900
8.915
8.930
8.950
8.971
8.989
9.005
9.027
9.044
9.059
9.077
9.093
9.102
9.118
9.137
9.151
9.162
9.182
9.195
9.206
9.227
9.243
9.252
9.265
9.280
9.289
9.313
9.322
9.328
9.348
9.361
9.370
9.386
9.397
9.414
9.420
9.436
9.453
9.460
9.470
9.481
9.496
9.499
9.510
9.528
9.539
9.549
9.560
9.569
9.578
9.591
9.605
9.616
9.626
9.630
9.640
9.647
9.665
9.669
9.679
9.688
9.701
9.703
9.715
9.719
9.741
9.743
9.748
9.759
9.769
9.777
9.791
9.797
9.802
9.815
9.822
9.833
9.831
9.843
9.858
9.862
9.869
9.878
9.887
9.885
9.896
9.909
9.913
9.923
9.931
9.935
9.941
9.946
9.952
9.962
9.972
9.979
9.983
9.984
9.998
10.008
10.014
10.012
10.023
10.031
10.029
10.037
10.048
10.056
10.054
10.070
10.070
10.081
10.081
10.088
10.095
10.097
10.102
10.116
10.115
10.131
10.129
10.142
10.141
10.141
10.149
10.155
10.159
10.166
10.177
10.181
10.187
10.191
10.200
10.195
10.206
10.213
10.218
10.215
10.229
10.229
10.231
10.238
10.239
10.252
10.255
10.261
10.260
10.262
10.268
10.274
10.282
10.278
10.288
10.291
10.297
10.303
10.309
10.313
10.316
10.314
10.330
10.330
10.332
10.338
10.336
10.344
10.344
10.354
10.357
10.358
10.366
10.370
10.371
10.379
10.378
10.385
10.390
10.387
10.395
10.405
10.404
10.402
10.415
10.410
10.414
10.419
10.423
10.423
10.429
10.433
10.437
10.436
10.443
10.451
10.456
10.450
10.454
10.464
10.463
10.465
10.468
10.475
10.473
10.478
10.488
10.486
10.494
10.496
10.494
10.496
10.507
10.507
10.505
10.508
10.518
10.509
10.516
10.527
10.527
10.535
10.526
10.535
10.535
10.546
10.542
10.543
10.545
10.551
10.551
10.559
10.558
10.565
10.566
10.572
10.570
10.569
10.574
10.576
10.580
10.579
10.581
10.591
10.585
10.597
10.600
10.603
10.605
10.607
10.610
10.613
10.609
10.617
10.615
10.615
10.619
10.619
10.623
10.629
10.630
10.639
10.635
10.642
10.636
10.638
10.644
10.642
10.649
10.651
10.655
10.649
10.660
10.656
10.659
10.667
10.666
10.666
10.673
10.673
10.672
10.669
10.681
10.677
10.686
10.681
10.680
10.690
10.687
10.695
10.692
10.693
10.703
10.700
10.696
10.711
10.708
10.706
10.708
10.710
10.710
10.714
10.716
10.721
10.724
10.719
10.725
10.722
10.731
10.735
10.731
10.738
10.738
10.739
10.743
10.743
10.744
10.747
10.749
10.750
10.751
10.745
10.749
10.759
10.755
10.757
10.759
10.763
10.758
10.764
10.770
10.767
10.774
10.774
10.772
10.769
10.772
10.781
10.781
10.780
10.786
10.781
10.781
10.784
10.793
10.783
10.795
10.795
10.794
10.798
10.796
10.802
10.798
10.801
10.804
10.799
10.800
10.807
10.807
10.808
10.818
10.814
10.809
10.819
10.811
10.815
10.816
10.818
10.821
10.822
10.822
10.831
10.828
10.825
10.828
10.830
10.835
10.834
10.832
10.839
10.839
10.838
10.838
10.842
10.848
10.848
10.843
10.848
10.851
10.845
10.851
10.854
10.851
10.854
10.850
10.861
10.855
10.858
10.858
10.865
10.863
10.860
10.861
10.869
10.869
10.869
10.867
10.872
10.872
10.879
10.870
10.875
10.876
10.872
10.879
10.882
10.886
10.883
10.886
10.885
10.883
10.885
10.884
10.886
10.889
10.888
10.895
10.889
10.896
10.894
10.898
10.892
10.892
10.895
10.902
10.899
10.903
10.907
10.909
10.905
10.909
10.908
10.907
10.913
10.906
10.909
10.910
10.909
10.911
10.916
10.922
10.914
10.916
10.921
10.913
10.922
10.913
10.927
10.927
10.927
10.926
10.932
10.931
10.933
10.933
10.926
10.928
10.927
10.935
10.930
10.935
10.932
10.934
10.937
10.940
10.937
10.941
10.938
10.934
10.940
10.937
10.942
10.939
10.949
10.947
10.949
10.946
10.944
10.951
10.951
10.955
10.948
10.947
10.955
10.958
10.951
10.961
10.954
10.956
10.960
10.962
10.964
10.964
10.964
10.962
10.964
10.961
10.963
10.961
10.971
10.968
10.968
10.964
10.965
10.973
10.966
10.974
10.969
10.975
10.970
10.981
10.971
10.975
10.974
10.978
10.977
10.980
10.986
10.974
10.983
10.983
10.980
10.980
10.979
10.986
10.987
10.989
10.981
10.985
10.986
10.993
10.990
10.992
10.986
10.991
10.986
10.992
10.997
10.987
10.997
10.992
11.000
10.996
10.995
10.992
10.998
11.000
10.996
10.995
11.003
11.002
11.000
10.999
11.005
10.997
11.004
11.007
11.004
11.013
11.001
11.008
11.005
11.012
11.006
11.009
11.015
11.009
11.009
11.008
11.013
11.014
11.009
11.011
11.007
11.012
11.019
11.015
11.014
11.014
11.019
11.022
11.019
11.015
11.016
11.026
11.026
11.027
11.028
11.027
11.019
11.029
11.019
11.024
11.032
11.021
11.028
11.032
11.024
11.023
11.029
11.034
11.031
11.027
11.037
11.027
11.030
11.037
11.034
11.036
11.037
11.032
11.034
11.038
11.041
11.036
11.033
11.039
11.038
11.038
11.037
11.040
11.044
11.040
11.044
11.038
11.045
11.039
11.039
11.041
11.049
11.046
11.043
11.042
11.041
11.049
11.047
11.051
11.045
11.052
11.047
11.054
11.050
11.053
11.055
11.054
11.046
11.056
11.052
11.053
11.059
11.058
11.048
11.050
11.053
11.051
11.056
11.055
11.060
11.050
11.061
11.051
11.055
11.062
11.062
11.063
11.064
11.056
11.060
11.057
11.062
11.055
11.068
11.068
11.056
11.071
11.068
11.064
11.065
11.070
11.061
11.066
11.070
11.070
11.072
11.070
11.065
11.067
11.066
11.067
11.064
11.072
11.074
11.068
11.066
11.068
11.069
11.073
11.076
11.070
11.077
11.080
11.077
11.078
11.073
11.074
11.078
11.073
11.078
11.075
11.081
11.078
11.081
11.076
11.079
11.076
11.074
11.083
11.077
11.085
11.076
11.085
11.079
11.087
11.087
11.086
11.081
11.087
11.082
11.082
11.083
11.088
11.085
11.089
11.091
11.081
11.090
11.085
11.088
11.084
11.092
11.093
11.094
11.085
11.085
11.085
11.088
11.087
11.086
11.093
11.088
11.094
11.093
11.089
11.099
11.092
11.090
11.096
11.090
11.097
11.094
11.091
11.089
11.097
11.097
11.092
11.093
11.093
11.101
11.096
11.097
11.104
11.094
11.101
11.094
11.098
11.099
11.094
11.101
11.100
11.101
11.101
11.102
11.100
11.102
11.108
11.099
11.107
11.106
11.106
11.107
11.107
11.101
11.102
11.101
11.102
11.104
11.111
11.099
11.108
11.104
11.108
11.109
11.102
11.111
11.110
11.108
11.104
11.112
11.113
11.111
11.104
11.106
11.115
11.104
11.113
11.112
11.115
11.106
11.111
11.106
11.111
11.118
11.108
11.110
11.110
11.109
11.112
11.118
11.115
11.115
11.117
11.111
11.117
11.113
11.114
11.113
11.117
11.121
11.118
11.120
11.117
11.117
11.123
11.114
11.120
11.114
11.119
11.118
11.117
11.121
11.124
11.119
11.119
11.125
11.122
11.124
11.127
11.121
11.124
11.118
11.128
11.122
11.129
11.121
11.119
11.129
11.120
11.121
11.122
11.124
11.127
11.123
11.125
11.128
11.129
11.127
11.129
11.127
11.129
11.122
11.127
11.131
11.124
11.123
