4.741
4.794
4.852
4.902
4.953
4.997
5.048
5.116
5.156
5.217
5.284
5.338
5.383
5.441
5.505
5.563
5.622
5.665
5.729
5.787
5.854
5.919
5.978
6.030
6.102
6.161
6.223
6.278
6.347
6.388
6.459
6.518
6.584
6.658
6.722
6.786
6.840
6.896
6.961
7.039
7.092
7.151
7.209
7.278
7.355
7.406
7.464
7.529
7.586
7.650
7.722
7.782
7.847
7.898
7.956
8.021
8.086
8.128
8.183
8.244
8.297
8.368
8.427
8.477
8.542
8.590
8.647
8.707
8.744
8.801
8.854
8.899
8.967
9.002
9.049
9.097
9.150
9.199
9.250
9.284
9.339
9.395
9.428
9.473
9.518
9.579
9.598
9.655
9.701
9.731
9.769
9.806
9.853
9.882
9.939
9.976
9.997
10.040
10.073
10.113
10.158
10.190
10.226
10.257
10.297
10.318
10.349
10.376
10.403
10.444
10.479
10.492
10.534
10.563
10.589
10.617
10.658
10.679
10.714
10.723
10.759
10.777
10.819
10.834
10.847
10.885
10.911
10.939
10.960
10.967
10.991
11.019
11.037
11.052
11.079
11.104
11.126
11.141
11.176
11.199
11.215
11.238
11.260
11.261
11.283
11.312
11.328
11.332
11.364
11.378
11.387
11.420
11.440
11.444
11.457
11.479
11.487
11.526
11.535
11.532
11.562
11.577
11.585
11.608
11.620
11.644
11.647
11.667
11.691
11.698
11.710
11.722
11.741
11.739
11.753
11.782
11.792
11.803
11.816
11.822
11.835
11.853
11.874
11.888
11.898
11.897
11.912
11.919
11.945
11.946
11.957
11.970
11.988
11.982
11.997
12.001
12.039
12.039
12.037
12.053
12.065
12.077
12.101
12.103
12.104
12.126
12.132
12.149
12.133
12.151
12.175
12.176
12.184
12.201
12.211
12.200
12.216
12.234
12.239
12.251
12.266
12.263
12.269
12.273
12.285
12.298
12.311
12.320
12.319
12.317
12.338
12.352
12.361
12.352
12.373
12.377
12.371
12.385
12.400
12.409
12.403
12.430
12.421
12.442
12.433
12.441
12.454
12.455
12.457
12.477
12.477
12.501
12.490
12.515
12.508
12.506
12.513
12.525
12.529
12.535
12.556
12.560
12.567
12.569
12.580
12.566
12.588
12.595
12.600
12.594
12.616
12.612
12.611
12.620
12.619
12.642
12.641
12.655
12.646
12.644
12.656
12.668
12.674
12.667
12.679
12.680
12.692
12.700
12.707
12.712
12.717
12.709
12.738
12.734
12.734
12.742
12.733
12.744
12.748
12.759
12.767
12.764
12.772
12.781
12.781
12.792
12.784
12.797
12.802
12.790
12.803
12.821
12.815
12.810
12.834
12.818
12.825
12.833
12.836
12.836
12.846
12.848
12.853
12.851
12.861
12.879
12.882
12.864
12.870
12.891
12.884
12.887
12.892
12.901
12.895
12.901
12.916
12.915
12.926
12.924
12.919
12.919
12.939
12.939
12.934
12.937
12.953
12.934
12.945
12.963
12.963
12.976
12.953
12.965
12.966
12.988
12.976
12.979
12.977
12.989
12.983
12.999
12.995
13.004
13.003
13.016
13.006
13.002
13.011
13.010
13.016
13.016
13.017
13.033
13.023
13.041
13.051
13.051
13.053
13.058
13.059
13.061
13.050
13.062
13.059
13.057
13.063
13.064
13.069
13.079
13.078
13.095
13.081
13.094
13.080
13.082
13.096
13.087
13.097
13.103
13.110
13.096
13.115
13.107
13.105
13.125
13.119
13.118
13.130
13.129
13.125
13.117
13.140
13.128
13.144
13.134
13.130
13.147
13.138
13.151
13.147
13.146
13.165
13.162
13.149
13.175
13.166
13.158
13.166
13.164
13.163
13.172
13.173
13.181
13.183
13.174
13.188
13.176
13.194
13.200
13.192
13.205
13.204
13.203
13.209
13.206
13.206
13.209
13.213
13.212
13.213
13.205
13.210
13.227
13.215
13.215
13.219
13.229
13.217
13.227
13.235
13.233
13.244
13.241
13.235
13.231
13.235
13.250
13.250
13.243
13.254
13.246
13.245
13.248
13.263
13.246
13.267
13.263
13.259
13.266
13.262
13.277
13.261
13.271
13.273
13.261
13.265
13.277
13.274
13.273
13.292
13.283
13.274
13.293
13.274
13.285
13.282
13.287
13.292
13.293
13.291
13.306
13.301
13.291
13.296
13.300
13.308
13.308
13.302
13.314
13.314
13.310
13.304
13.314
13.325
13.322
13.314
13.325
13.329
13.314
13.324
13.333
13.323
13.324
13.316
13.337
13.325
13.332
13.327
13.342
13.340
13.329
13.328
13.345
13.349
13.342
13.339
13.347
13.346
13.364
13.343
13.349
13.353
13.343
13.353
13.363
13.370
13.359
13.366
13.363
13.355
13.365
13.358
13.360
13.362
13.359
13.374
13.359
13.373
13.372
13.380
13.367
13.364
13.370
13.380
13.376
13.385
13.385
13.391
13.385
13.388
13.390
13.382
13.398
13.379
13.385
13.386
13.381
13.387
13.394
13.407
13.388
13.394
13.399
13.388
13.403
13.387
13.410
13.411
13.412
13.406
13.418
13.415
13.418
13.419
13.402
13.406
13.401
13.416
13.409
13.419
13.411
13.412
13.414
13.424
13.416
13.422
13.421
13.409
13.418
13.412
13.422
13.415
13.435
13.430
13.432
13.429
13.420
13.435
13.437
13.441
13.426
13.425
13.440
13.445
13.426
13.448
13.431
13.438
13.446
13.449
13.453
13.453
13.451
13.447
13.448
13.441
13.445
13.440
13.459
13.451
13.451
13.445
13.446
13.459
13.446
13.462
13.446
13.465
13.450
13.470
13.449
13.460
13.456
13.464
13.461
13.466
13.472
13.454
13.469
13.470
13.463
13.460
13.461
13.473
13.475
13.477
13.464
13.468
13.467
13.483
13.477
13.480
13.462
13.475
13.468
13.479
13.487
13.469
13.486
13.473
13.492
13.478
13.479
13.474
13.483
13.489
13.480
13.474
13.491
13.487
13.487
13.481
13.494
13.477
13.492
13.496
13.487
13.506
13.481
13.495
13.491
13.506
13.488
13.493
13.507
13.492
13.493
13.491
13.500
13.498
13.491
13.491
13.490
13.495
13.507
13.504
13.497
13.500
13.503
13.515
13.508
13.497
13.497
13.521
13.517
13.521
13.517
13.516
13.500
13.521
13.502
13.510
13.525
13.506
13.519
13.523
13.504
13.508
13.517
13.526
13.520
13.513
13.529
13.510
13.516
13.529
13.523
13.527
13.528
13.519
13.521
13.527
13.533
13.522
13.517
13.530
13.525
13.524
13.526
13.530
13.540
13.526
13.535
13.526
13.538
13.523
13.523
13.530
13.541
13.540
13.533
13.528
13.526
13.541
13.533
13.543
13.532
13.544
13.537
13.546
13.536
13.547
13.549
13.544
13.530
13.552
13.544
13.542
13.554
13.553
13.534
13.536
13.537
13.536
13.543
13.543
13.556
13.533
13.556
13.535
13.543
13.551
13.556
13.558
13.557
13.544
13.550
13.546
13.552
13.539
13.563
13.565
13.543
13.566
13.564
13.554
13.556
13.567
13.548
13.558
13.569
13.565
13.567
13.564
13.554
13.554
13.555
13.557
13.551
13.565
13.571
13.555
13.553
13.552
13.559
13.568
13.572
13.556
13.570
13.576
13.573
13.576
13.562
13.561
13.573
13.566
13.575
13.565
13.579
13.570
13.573
13.564
13.573
13.564
13.560
13.580
13.568
13.585
13.565
13.583
13.570
13.586
13.581
13.580
13.571
13.583
13.575
13.574
13.574
13.586
13.582
13.588
13.590
13.571
13.586
13.577
13.583
13.570
13.592
13.592
13.592
13.574
13.577
13.575
13.579
13.579
13.577
13.588
13.581
13.590
13.587
13.580
13.596
13.585
13.583
13.591
13.579
13.595
13.587
13.581
13.578
13.591
13.594
13.588
13.584
13.583
13.599
13.588
13.590
13.605
13.585
13.597
13.584
13.595
13.591
13.584
13.601
13.595
13.596
13.596
13.596
13.593
13.596
13.610
13.589
13.607
13.603
13.600
13.605
13.605
13.593
13.595
13.591
13.593
13.596
13.613
13.590
13.604
13.597
13.606
13.607
13.589
13.611
13.609
13.605
13.593
13.614
13.614
13.607
13.593
13.600
13.616
13.594
13.611
13.610
13.611
13.594
13.605
13.596
13.607
13.621
13.601
13.604
13.600
13.600
13.608
13.616
13.611
13.611
13.616
13.604
13.613
13.608
13.613
13.604
13.615
13.623
13.618
13.621
13.609
13.612
13.623
13.603
13.619
13.610
13.615
13.612
13.613
13.622
13.623
13.612
13.611
13.625
13.617
13.623
13.629
13.615
13.627
13.609
13.630
13.619
13.632
13.614
13.613
13.632
13.611
13.614
13.613
13.624
13.629
13.621
13.623
13.628
13.630
13.623
13.631
13.627
13.629
13.616
13.628
13.638
13.618
13.618
