5.958
5.999
6.040
6.081
6.123
6.164
6.205
6.247
6.288
6.330
6.372
6.413
6.455
6.497
6.539
6.581
6.622
6.664
6.706
6.748
6.790
6.832
6.874
6.916
6.958
7.000
7.042
7.084
7.126
7.168
7.210
7.252
7.294
7.336
7.378
7.419
7.461
7.503
7.545
7.587
7.628
7.670
7.712
7.753
7.795
7.836
7.877
7.919
7.960
8.001
8.042
8.083
8.124
8.165
8.206
8.247
8.287
8.328
8.368
8.409
8.449
8.489
8.529
8.569
8.609
8.648
8.688
8.728
8.767
8.806
8.845
8.884
8.923
8.962
9.001
9.039
9.078
9.116
9.154
9.192
9.230
9.267
9.305
9.342
9.379
9.416
9.453
9.490
9.527
9.563
9.600
9.636
9.672
9.707
9.743
9.779
9.814
9.849
9.884
9.919
9.953
9.988
10.022
10.056
10.090
10.124
10.157
10.191
10.224
10.257
10.290
10.322
10.355
10.387
10.419
10.451
10.483
10.514
10.545
10.577
10.608
10.638
10.669
10.699
10.729
10.759
10.789
10.819
10.848
10.877
10.906
10.935
10.964
10.992
11.020
11.049
11.076
11.104
11.132
11.159
11.186
11.213
11.239
11.266
11.292
11.318
11.344
11.370
11.396
11.421
11.446
11.471
11.496
11.520
11.545
11.569
11.593
11.617
11.640
11.664
11.687
11.710
11.733
11.756
11.778
11.801
11.823
11.845
11.867
11.888
11.910
11.931
11.952
11.973
11.994
12.014
12.034
12.055
12.075
12.094
12.114
12.134
12.153
12.172
12.191
12.210
12.229
12.247
12.265
12.284
12.302
12.319
12.337
12.355
12.372
12.389
12.406
12.423
12.440
12.456
12.473
12.489
12.505
12.521
12.537
12.552
12.568
12.583
12.598
12.614
12.628
12.643
12.658
12.672
12.687
12.701
12.715
12.729
12.743
12.756
12.770
12.783
12.797
12.810
12.823
12.836
12.848
12.861
12.873
12.886
12.898
12.910
12.922
12.934
12.946
12.957
12.969
12.980
12.992
13.003
13.014
13.025
13.036
13.046
13.057
13.067
13.078
13.088
13.098
13.108
13.118
13.128
13.138
13.148
13.157
13.167
13.176
13.185
13.194
13.203
13.212
13.221
13.230
13.239
13.247
13.256
13.264
13.273
13.281
13.289
13.297
13.305
13.313
13.321
13.328
13.336
13.344
13.351
13.358
13.366
13.373
13.380
13.387
13.394
13.401
13.408
13.415
13.421
13.428
13.435
13.441
13.447
13.454
13.460
13.466
13.472
13.478
13.484
13.490
13.496
13.502
13.508
13.513
13.519
13.525
13.530
13.535
13.541
13.546
13.551
13.557
13.562
13.567
13.572
13.577
13.582
13.586
13.591
13.596
13.601
13.605
13.610
13.614
13.619
13.623
13.628
13.632
13.636
13.640
13.645
13.649
13.653
13.657
13.661
13.665
13.669
13.673
13.676
13.680
13.684
13.688
13.691
13.695
13.698
13.702
13.705
13.709
13.712
13.716
13.719
13.722
13.725
13.729
13.732
13.735
13.738
13.741
13.744
13.747
13.750
13.753
13.756
13.759
13.762
13.764
13.767
13.770
13.773
13.775
13.778
13.781
13.783
13.786
13.788
13.791
13.793
13.796
13.798
13.800
13.803
13.805
13.807
13.810
13.812
13.814
13.816
13.818
13.821
13.823
13.825
13.827
13.829
13.831
13.833
13.835
13.837
13.839
13.841
13.842
13.844
13.846
13.848
13.850
13.852
13.853
13.855
13.857
13.858
13.860
13.862
13.863
13.865
13.867
13.868
13.870
13.871
13.873
13.874
13.876
13.877
13.879
13.880
13.882
13.883
13.884
13.886
13.887
13.888
13.890
13.891
13.892
13.894
13.895
13.896
13.897
13.899
13.900
13.901
13.902
13.903
13.904
13.906
13.907
13.908
13.909
13.910
13.911
13.912
13.913
13.914
13.915
13.916
13.917
13.918
13.919
13.920
13.921
13.922
13.923
13.924
13.925
13.926
13.926
13.927
13.928
13.929
13.930
13.931
13.932
13.932
13.933
13.934
13.935
13.936
13.936
13.937
13.938
13.939
13.939
13.940
13.941
13.941
13.942
13.943
13.943
13.944
13.945
13.945
13.946
13.947
13.947
13.948
13.949
13.949
13.950
13.950
13.951
13.952
13.952
13.953
13.953
13.954
13.954
13.955
13.955
13.956
13.957
13.957
13.958
13.958
13.959
13.959
13.960
13.960
13.961
13.961
13.961
13.962
13.962
13.963
13.963
13.964
13.964
13.965
13.965
13.965
13.966
13.966
13.967
13.967
13.967
13.968
13.968
13.969
13.969
13.969
13.970
13.970
13.970
13.971
13.971
13.971
13.972
13.972
13.972
13.973
13.973
13.973
13.974
13.974
13.974
13.975
13.975
13.975
13.976
13.976
13.976
13.976
13.977
13.977
13.977
13.978
13.978
13.978
13.978
13.979
13.979
13.979
13.979
13.980
13.980
13.980
13.980
13.981
13.981
13.981
13.981
13.981
13.982
13.982
13.982
13.982
13.983
13.983
13.983
13.983
13.983
13.984
13.984
13.984
13.984
13.984
13.984
13.985
13.985
13.985
13.985
13.985
13.986
13.986
13.986
13.986
13.986
13.986
13.987
13.987
13.987
13.987
13.987
13.987
13.987
13.988
13.988
13.988
13.988
13.988
13.988
13.989
13.989
13.989
13.989
13.989
13.989
13.989
13.989
13.990
13.990
13.990
13.990
13.990
13.990
13.990
13.990
13.991
13.991
13.991
13.991
13.991
13.991
13.991
13.991
13.991
13.991
13.992
13.992
13.992
13.992
13.992
13.992
13.992
13.992
13.992
13.992
13.993
13.993
13.993
13.993
13.993
13.993
13.993
13.993
13.993
13.993
13.993
13.993
13.994
13.994
13.994
13.994
13.994
13.994
13.994
13.994
13.994
13.994
13.994
13.994
13.994
13.994
13.995
13.995
13.995
13.995
13.995
13.995
13.995
13.995
13.995
13.995
13.995
13.995
13.995
13.995
13.995
13.995
13.995
13.996
13.996
13.996
13.996
13.996
13.996
13.996
13.996
13.996
13.996
13.996
13.996
13.996
13.996
13.996
13.996
13.996
13.996
13.996
13.996
13.996
13.997
13.997
13.997
13.997
13.997
13.997
13.997
13.997
13.997
13.997
13.997
13.997
13.997
13.997
13.997
13.997
13.997
13.997
13.997
13.997
13.997
13.997
13.997
13.997
13.997
13.997
13.997
13.997
13.998
13.998
13.998
13.998
13.998
13.998
13.998
13.998
13.998
13.998
13.998
13.998
13.998
13.998
13.998
13.998
13.998
13.998
13.998
13.998
13.998
13.998
13.998
13.998
13.998
13.998
13.998
13.998
13.998
13.998
13.998
13.998
13.998
13.998
13.998
13.998
13.998
13.998
13.998
13.998
13.998
13.998
13.999
13.999
13.999
13.999
13.999
13.999
13.999
13.999
13.999
13.999
13.999
13.999
13.999
13.999
13.999
13.999
13.999
13.999
13.999
13.999
13.999
13.999
13.999
13.999
13.999
13.999
13.999
13.999
13.999
13.999
13.999
13.999
13.999
13.999
13.999
13.999
13.999
13.999
13.999
13.999
13.999
13.999
13.999
13.999
13.999
13.999
13.999
13.999
13.999
13.999
13.999
13.999
13.999
13.999
13.999
13.999
13.999
13.999
13.999
13.999
13.999
13.999
13.999
13.999
13.999
13.999
13.999
13.999
13.999
13.999
13.999
13.999
13.999
13.999
13.999
13.999
13.999
13.999
13.999
13.999
13.999
13.999
13.999
13.999
13.999
13.999
13.999
13.999
13.999
13.999
13.999
13.999
14.000
14.000
14.000
14.000
14.000
14.000
14.000
14.000
14.000
14.000
14.000
14.000
14.000
14.000
14.000
14.000
14.000
14.000
14.000
14.000
14.000
14.000
14.000
14.000
14.000
14.000
14.000
14.000
14.000
14.000
14.000
14.000
14.000
14.000
14.000
14.000
14.000
14.000
14.000
14.000
14.000
14.000
14.000
14.000
14.000
14.000
14.000
14.000
14.000
14.000
14.000
14.000
14.000
14.000
14.000
14.000
14.000
14.000
14.000
14.000
14.000
14.000
14.000
14.000
14.000
14.000
14.000
14.000
14.000
14.000
14.000
14.000
14.000
14.000
14.000
14.000
14.000
14.000
14.000
14.000
14.000
14.000
14.000
14.000
14.000
14.000
14.000
14.000
14.000
14.000
14.000
14.000
14.000
14.000
14.000
14.000
14.000
14.000
14.000
14.000
14.000
14.000
14.000
14.000
14.000
14.000
14.000
14.000
14.000
14.000
14.000
14.000
14.000
14.000
14.000
14.000
14.000
14.000
14.000
14.000
14.000
14.000
14.000
14.000
14.000
14.000
14.000
14.000
14.000
14.000
14.000
14.000
14.000
14.000
14.000
14.000
14.000
14.000
14.000
14.000
14.000
14.000
14.000
14.000
14.000
