4.252
4.293
4.335
4.376
4.418
4.460
4.502
4.545
4.587
4.630
4.672
4.715
4.758
4.801
4.845
4.888
4.932
4.975
5.019
5.063
5.107
5.151
5.195
5.239
5.283
5.328
5.372
5.417
5.461
5.506
5.551
5.596
5.640
5.685
5.730
5.775
5.820
5.865
5.910
5.955
6.000
6.045
6.090
6.135
6.180
6.225
6.270
6.315
6.360
6.404
6.449
6.494
6.539
6.583
6.628
6.672
6.717
6.761
6.805
6.849
6.893
6.937
6.981
7.025
7.068
7.112
7.155
7.199
7.242
7.285
7.328
7.370
7.413
7.455
7.498
7.540
7.582
7.624
7.665
7.707
7.748
7.789
7.830
7.871
7.911
7.951
7.992
8.032
8.071
8.111
8.150
8.189
8.228
8.267
8.305
8.344
8.382
8.419
8.457
8.494
8.531
8.568
8.605
8.641
8.677
8.713
8.749
8.784
8.820
8.855
8.889
8.924
8.958
8.992
9.026
9.059
9.092
9.125
9.158
9.190
9.222
9.254
9.286
9.317
9.348
9.379
9.410
9.440
9.470
9.500
9.530
9.559
9.588
9.617
9.645
9.673
9.701
9.729
9.757
9.784
9.811
9.838
9.864
9.890
9.916
9.942
9.967
9.993
10.018
10.042
10.067
10.091
10.115
10.139
10.162
10.185
10.208
10.231
10.253
10.276
10.298
10.320
10.341
10.362
10.384
10.404
10.425
10.445
10.466
10.486
10.505
10.525
10.544
10.563
10.582
10.601
10.619
10.637
10.655
10.673
10.691
10.708
10.725
10.742
10.759
10.776
10.792
10.808
10.824
10.840
10.856
10.871
10.886
10.902
10.916
10.931
10.946
10.960
10.974
10.988
11.002
11.016
11.029
11.042
11.055
11.068
11.081
11.094
11.106
11.119
11.131
11.143
11.155
11.166
11.178
11.189
11.201
11.212
11.223
11.234
11.244
11.255
11.265
11.276
11.286
11.296
11.306
11.315
11.325
11.334
11.344
11.353
11.362
11.371
11.380
11.389
11.397
11.406
11.414
11.423
11.431
11.439
11.447
11.455
11.463
11.470
11.478
11.485
11.493
11.500
11.507
11.514
11.521
11.528
11.535
11.541
11.548
11.554
11.561
11.567
11.573
11.579
11.585
11.591
11.597
11.603
11.609
11.614
11.620
11.625
11.631
11.636
11.641
11.647
11.652
11.657
11.662
11.667
11.671
11.676
11.681
11.685
11.690
11.695
11.699
11.703
11.708
11.712
11.716
11.720
11.724
11.728
11.732
11.736
11.740
11.744
11.748
11.751
11.755
11.758
11.762
11.765
11.769
11.772
11.776
11.779
11.782
11.785
11.788
11.791
11.795
11.798
11.800
11.803
11.806
11.809
11.812
11.815
11.817
11.820
11.823
11.825
11.828
11.830
11.833
11.835
11.838
11.840
11.842
11.845
11.847
11.849
11.852
11.854
11.856
11.858
11.860
11.862
11.864
11.866
11.868
11.870
11.872
11.874
11.876
11.878
11.879
11.881
11.883
11.885
11.886
11.888
11.890
11.891
11.893
11.894
11.896
11.898
11.899
11.901
11.902
11.903
11.905
11.906
11.908
11.909
11.910
11.912
11.913
11.914
11.916
11.917
11.918
11.919
11.920
11.922
11.923
11.924
11.925
11.926
11.927
11.928
11.929
11.930
11.931
11.933
11.934
11.934
11.935
11.936
11.937
11.938
11.939
11.940
11.941
11.942
11.943
11.944
11.944
11.945
11.946
11.947
11.948
11.948
11.949
11.950
11.951
11.951
11.952
11.953
11.954
11.954
11.955
11.956
11.956
11.957
11.958
11.958
11.959
11.959
11.960
11.961
11.961
11.962
11.962
11.963
11.963
11.964
11.964
11.965
11.966
11.966
11.967
11.967
11.968
11.968
11.968
11.969
11.969
11.970
11.970
11.971
11.971
11.972
11.972
11.972
11.973
11.973
11.974
11.974
11.974
11.975
11.975
11.976
11.976
11.976
11.977
11.977
11.977
11.978
11.978
11.978
11.979
11.979
11.979
11.980
11.980
11.980
11.980
11.981
11.981
11.981
11.982
11.982
11.982
11.982
11.983
11.983
11.983
11.983
11.984
11.984
11.984
11.984
11.985
11.985
11.985
11.985
11.986
11.986
11.986
11.986
11.986
11.987
11.987
11.987
11.987
11.987
11.988
11.988
11.988
11.988
11.988
11.988
11.989
11.989
11.989
11.989
11.989
11.989
11.990
11.990
11.990
11.990
11.990
11.990
11.990
11.991
11.991
11.991
11.991
11.991
11.991
11.991
11.992
11.992
11.992
11.992
11.992
11.992
11.992
11.992
11.993
11.993
11.993
11.993
11.993
11.993
11.993
11.993
11.993
11.993
11.994
11.994
11.994
11.994
11.994
11.994
11.994
11.994
11.994
11.994
11.994
11.995
11.995
11.995
11.995
11.995
11.995
11.995
11.995
11.995
11.995
11.995
11.995
11.995
11.996
11.996
11.996
11.996
11.996
11.996
11.996
11.996
11.996
11.996
11.996
11.996
11.996
11.996
11.996
11.996
11.996
11.997
11.997
11.997
11.997
11.997
11.997
11.997
11.997
11.997
11.997
11.997
11.997
11.997
11.997
11.997
11.997
11.997
11.997
11.997
11.997
11.997
11.997
11.997
11.998
11.998
11.998
11.998
11.998
11.998
11.998
11.998
11.998
11.998
11.998
11.998
11.998
11.998
11.998
11.998
11.998
11.998
11.998
11.998
11.998
11.998
11.998
11.998
11.998
11.998
11.998
11.998
11.998
11.998
11.998
11.998
11.998
11.998
11.999
11.999
11.999
11.999
11.999
11.999
11.999
11.999
11.999
11.999
11.999
11.999
11.999
11.999
11.999
11.999
11.999
11.999
11.999
11.999
11.999
11.999
11.999
11.999
11.999
11.999
11.999
11.999
11.999
11.999
11.999
11.999
11.999
11.999
11.999
11.999
11.999
11.999
11.999
11.999
11.999
11.999
11.999
11.999
11.999
11.999
11.999
11.999
11.999
11.999
11.999
11.999
11.999
11.999
11.999
11.999
11.999
11.999
11.999
11.999
11.999
11.999
11.999
11.999
11.999
11.999
11.999
11.999
11.999
11.999
11.999
11.999
11.999
12.000
12.000
12.000
12.000
12.000
12.000
12.000
12.000
12.000
12.000
12.000
12.000
12.000
12.000
12.000
12.000
12.000
12.000
12.000
12.000
12.000
12.000
12.000
12.000
12.000
12.000
12.000
12.000
12.000
12.000
12.000
12.000
12.000
12.000
12.000
12.000
12.000
12.000
12.000
12.000
12.000
12.000
12.000
12.000
12.000
12.000
12.000
12.000
12.000
12.000
12.000
12.000
12.000
12.000
12.000
12.000
12.000
12.000
12.000
12.000
12.000
12.000
12.000
12.000
12.000
12.000
12.000
12.000
12.000
12.000
12.000
12.000
12.000
12.000
12.000
12.000
12.000
12.000
12.000
12.000
12.000
12.000
12.000
12.000
12.000
12.000
12.000
12.000
12.000
12.000
12.000
12.000
12.000
12.000
12.000
12.000
12.000
12.000
12.000
12.000
12.000
12.000
12.000
12.000
12.000
12.000
12.000
12.000
12.000
12.000
12.000
12.000
12.000
12.000
12.000
12.000
12.000
12.000
12.000
12.000
12.000
12.000
12.000
12.000
12.000
12.000
12.000
12.000
12.000
12.000
12.000
12.000
12.000
12.000
12.000
12.000
12.000
12.000
12.000
12.000
12.000
12.000
12.000
12.000
12.000
12.000
12.000
12.000
12.000
12.000
12.000
12.000
12.000
12.000
12.000
12.000
12.000
12.000
12.000
12.000
12.000
12.000
12.000
12.000
12.000
12.000
12.000
12.000
12.000
12.000
12.000
12.000
12.000
12.000
12.000
12.000
12.000
12.000
12.000
12.000
12.000
12.000
12.000
12.000
12.000
12.000
12.000
12.000
12.000
12.000
12.000
12.000
12.000
12.000
12.000
12.000
12.000
12.000
12.000
12.000
12.000
12.000
12.000
12.000
12.000
12.000
12.000
12.000
12.000
12.000
12.000
12.000
12.000
12.000
12.000
12.000
12.000
12.000
12.000
12.000
12.000
12.000
12.000
12.000
12.000
12.000
12.000
12.000
12.000
12.000
12.000
12.000
12.000
12.000
12.000
12.000
12.000
12.000
12.000
12.000
12.000
12.000
12.000
12.000
12.000
12.000
12.000
12.000
12.000
12.000
12.000
12.000
12.000
12.000
12.000
12.000
12.000
12.000
12.000
12.000
12.000
12.000
12.000
12.000
12.000
12.000
12.000
12.000
12.000
12.000
12.000
12.000
12.000
12.000
12.000
12.000
12.000
12.000
12.000
12.000
12.000
12.000
12.000
12.000
12.000
12.000
12.000
12.000
12.000
12.000
12.000
12.000
12.000
12.000
12.000
12.000
12.000
12.000
12.000
12.000
12.000
12.000
12.000
12.000
12.000
12.000
12.000
12.000
12.000
12.000
12.000
