4.283
4.326
4.376
4.415
4.462
4.502
4.547
4.602
4.638
4.690
4.742
4.789
4.831
4.873
4.931
4.983
5.030
5.071
5.121
5.176
5.227
5.282
5.326
5.378
5.434
5.483
5.534
5.583
5.644
5.681
5.736
5.788
5.841
5.899
5.956
6.010
6.054
6.106
6.154
6.217
6.270
6.316
6.365
6.420
6.481
6.526
6.575
6.629
6.681
6.731
6.788
6.836
6.891
6.939
6.983
7.036
7.087
7.129
7.177
7.225
7.271
7.326
7.375
7.417
7.472
7.512
7.560
7.608
7.641
7.688
7.736
7.774
7.830
7.861
7.900
7.942
7.984
8.030
8.069
8.101
8.146
8.188
8.224
8.260
8.301
8.347
8.373
8.417
8.450
8.483
8.513
8.547
8.587
8.614
8.659
8.690
8.710
8.747
8.779
8.810
8.845
8.873
8.908
8.934
8.969
8.988
9.018
9.040
9.065
9.096
9.129
9.143
9.176
9.202
9.225
9.251
9.281
9.305
9.331
9.345
9.375
9.390
9.428
9.439
9.451
9.484
9.506
9.530
9.549
9.558
9.582
9.606
9.621
9.634
9.659
9.681
9.700
9.717
9.742
9.762
9.776
9.797
9.814
9.822
9.839
9.863
9.879
9.887
9.910
9.924
9.934
9.958
9.978
9.986
9.999
10.015
10.026
10.053
10.061
10.066
10.090
10.103
10.113
10.131
10.142
10.162
10.167
10.183
10.203
10.210
10.221
10.231
10.250
10.252
10.264
10.283
10.296
10.306
10.318
10.328
10.337
10.351
10.368
10.381
10.392
10.393
10.406
10.412
10.434
10.436
10.448
10.455
10.471
10.471
10.484
10.487
10.514
10.517
10.520
10.533
10.544
10.551
10.567
10.575
10.580
10.594
10.603
10.615
10.608
10.623
10.641
10.645
10.650
10.661
10.673
10.667
10.680
10.696
10.698
10.711
10.720
10.721
10.730
10.735
10.741
10.752
10.763
10.771
10.774
10.773
10.791
10.802
10.808
10.805
10.818
10.825
10.824
10.831
10.846
10.852
10.850
10.868
10.867
10.881
10.879
10.890
10.896
10.896
10.901
10.916
10.915
10.937
10.933
10.947
10.946
10.943
10.952
10.958
10.963
10.969
10.985
10.988
10.996
10.998
11.009
11.000
11.015
11.024
11.028
11.023
11.041
11.040
11.040
11.050
11.046
11.065
11.067
11.076
11.072
11.073
11.080
11.089
11.097
11.090
11.102
11.104
11.112
11.121
11.125
11.130
11.134
11.128
11.151
11.149
11.151
11.157
11.152
11.164
11.163
11.174
11.177
11.180
11.187
11.191
11.192
11.203
11.199
11.208
11.213
11.211
11.220
11.230
11.228
11.226
11.241
11.236
11.238
11.244
11.249
11.248
11.255
11.258
11.261
11.262
11.272
11.280
11.287
11.277
11.280
11.296
11.291
11.293
11.297
11.306
11.302
11.309
11.320
11.316
11.327
11.325
11.325
11.326
11.341
11.341
11.338
11.339
11.351
11.341
11.349
11.362
11.361
11.370
11.358
11.369
11.369
11.382
11.376
11.379
11.380
11.386
11.385
11.395
11.394
11.402
11.404
11.411
11.406
11.406
11.412
11.413
11.416
11.415
11.417
11.429
11.423
11.435
11.442
11.445
11.446
11.447
11.452
11.456
11.450
11.459
11.455
11.454
11.460
11.459
11.464
11.471
11.471
11.484
11.476
11.486
11.479
11.480
11.488
11.485
11.494
11.494
11.501
11.492
11.506
11.500
11.503
11.512
11.511
11.510
11.520
11.519
11.517
11.512
11.528
11.521
11.532
11.527
11.524
11.536
11.533
11.546
11.539
11.539
11.550
11.548
11.543
11.561
11.557
11.555
11.555
11.559
11.559
11.564
11.567
11.571
11.575
11.568
11.574
11.571
11.581
11.588
11.582
11.588
11.589
11.591
11.594
11.596
11.595
11.598
11.601
11.600
11.604
11.596
11.599
11.612
11.608
11.610
11.611
11.617
11.608
11.617
11.625
11.620
11.631
11.629
11.626
11.622
11.626
11.637
11.637
11.634
11.641
11.635
11.635
11.639
11.649
11.636
11.653
11.651
11.647
11.655
11.652
11.659
11.653
11.660
11.660
11.655
11.655
11.663
11.665
11.664
11.677
11.672
11.665
11.677
11.667
11.671
11.672
11.676
11.679
11.681
11.680
11.692
11.686
11.683
11.685
11.688
11.693
11.694
11.691
11.701
11.697
11.699
11.696
11.701
11.710
11.708
11.701
11.709
11.715
11.703
11.713
11.715
11.710
11.714
11.709
11.724
11.715
11.718
11.717
11.728
11.725
11.720
11.720
11.732
11.730
11.729
11.728
11.735
11.734
11.742
11.730
11.737
11.740
11.733
11.741
11.745
11.751
11.744
11.752
11.749
11.745
11.749
11.746
11.750
11.753
11.750
11.758
11.751
11.761
11.759
11.763
11.753
11.755
11.759
11.765
11.763
11.768
11.771
11.775
11.771
11.774
11.774
11.772
11.781
11.771
11.775
11.774
11.773
11.775
11.783
11.788
11.779
11.782
11.787
11.776
11.788
11.777
11.795
11.795
11.796
11.792
11.800
11.800
11.800
11.802
11.792
11.795
11.791
11.801
11.796
11.802
11.797
11.801
11.804
11.808
11.803
11.809
11.805
11.799
11.807
11.804
11.810
11.804
11.819
11.814
11.815
11.814
11.812
11.822
11.821
11.826
11.817
11.814
11.825
11.828
11.818
11.831
11.822
11.825
11.831
11.833
11.835
11.834
11.835
11.832
11.835
11.829
11.831
11.829
11.841
11.838
11.837
11.834
11.833
11.844
11.835
11.845
11.838
11.847
11.841
11.854
11.841
11.845
11.844
11.849
11.848
11.852
11.858
11.844
11.856
11.855
11.852
11.850
11.849
11.859
11.859
11.862
11.851
11.857
11.858
11.868
11.862
11.864
11.856
11.863
11.856
11.866
11.870
11.857
11.872
11.863
11.873
11.867
11.868
11.863
11.871
11.875
11.868
11.864
11.876
11.874
11.872
11.872
11.880
11.868
11.880
11.881
11.877
11.888
11.871
11.881
11.880
11.889
11.878
11.883
11.890
11.881
11.880
11.881
11.887
11.888
11.881
11.883
11.879
11.885
11.895
11.888
11.887
11.888
11.892
11.899
11.893
11.889
11.888
11.904
11.902
11.904
11.903
11.903
11.891
11.905
11.892
11.898
11.910
11.895
11.903
11.909
11.896
11.898
11.903
11.910
11.907
11.901
11.917
11.901
11.905
11.914
11.910
11.912
11.913
11.909
11.908
11.915
11.919
11.912
11.907
11.915
11.913
11.914
11.914
11.918
11.922
11.916
11.921
11.915
11.923
11.914
11.914
11.918
11.927
11.924
11.919
11.917
11.917
11.929
11.924
11.928
11.921
11.931
11.924
11.934
11.926
11.932
11.933
11.932
11.922
11.935
11.932
11.929
11.937
11.939
11.924
11.926
11.929
11.928
11.933
11.932
11.941
11.927
11.940
11.927
11.930
11.941
11.940
11.943
11.942
11.934
11.939
11.933
11.940
11.932
11.948
11.949
11.934
11.951
11.947
11.944
11.945
11.952
11.939
11.945
11.951
11.949
11.952
11.950
11.943
11.944
11.946
11.946
11.943
11.952
11.954
11.946
11.943
11.946
11.947
11.954
11.955
11.950
11.957
11.960
11.955
11.958
11.953
11.952
11.959
11.953
11.958
11.954
11.960
11.957
11.963
11.956
11.958
11.954
11.952
11.961
11.957
11.969
11.955
11.966
11.957
11.971
11.968
11.966
11.960
11.968
11.961
11.963
11.965
11.970
11.968
11.969
11.974
11.961
11.971
11.966
11.970
11.962
11.974
11.976
11.975
11.964
11.966
11.965
11.969
11.967
11.967
11.974
11.969
11.976
11.973
11.970
11.981
11.973
11.970
11.978
11.969
11.980
11.974
11.971
11.968
11.978
11.980
11.975
11.973
11.977
11.982
11.977
11.979
11.987
11.975
11.985
11.976
11.979
11.979
11.975
11.985
11.981
11.983
11.983
11.984
11.980
11.986
11.991
11.982
11.990
11.990
11.990
11.991
11.991
11.982
11.984
11.982
11.981
11.986
11.993
11.979
11.990
11.985
11.993
11.994
11.984
11.996
11.993
11.992
11.984
11.996
11.998
11.993
11.984
11.988
11.998
11.985
11.997
11.995
12.001
11.984
11.994
11.986
11.995
12.002
11.992
11.992
11.993
11.990
11.995
12.004
11.997
12.000
12.000
11.992
12.001
11.997
11.996
11.995
11.999
12.007
12.002
12.005
12.000
11.998
12.009
11.996
12.005
11.997
12.003
12.001
12.001
12.007
12.008
12.002
12.001
12.010
12.006
12.009
12.011
12.003
12.009
12.001
12.015
12.006
12.014
12.005
12.003
12.016
12.002
12.005
12.004
12.008
12.012
12.007
12.010
12.010
12.015
12.010
12.014
12.013
12.013
12.006
12.012
12.018
12.007
12.007
