2.680
2.755
2.760
2.804
2.897
2.908
3.038
3.049
3.067
3.130
3.264
3.292
3.283
3.394
3.436
3.457
3.540
3.619
3.639
3.792
3.732
3.830
3.909
3.997
3.980
4.099
4.102
4.184
4.368
4.341
4.363
4.459
4.530
4.587
4.617
4.742
4.814
4.809
4.873
4.938
5.010
5.099
5.148
5.208
5.331
5.360
5.451
5.393
5.525
5.558
5.616
5.651
5.753
5.848
5.910
5.919
5.954
6.063
6.058
6.108
6.211
6.306
6.364
6.355
6.438
6.486
6.492
6.587
6.611
6.662
6.726
6.727
6.812
6.905
6.935
7.011
6.912
7.075
7.058
7.113
7.181
7.247
7.212
7.309
7.319
7.397
7.397
7.448
7.465
7.577
7.629
7.595
7.656
7.671
7.664
7.764
7.769
7.790
7.800
7.870
7.962
7.931
7.970
7.980
8.023
8.063
8.060
8.057
8.124
8.114
8.100
8.117
8.214
8.290
8.200
8.292
8.240
8.307
8.383
8.405
8.429
8.412
8.411
8.474
8.440
8.471
8.434
8.502
8.480
8.567
8.566
8.606
8.557
8.597
8.602
8.598
8.632
8.651
8.802
8.715
8.695
8.776
8.720
8.720
8.814
8.745
8.853
8.835
8.769
8.798
8.822
8.906
8.920
8.899
8.906
8.929
8.940
8.901
8.935
8.929
8.936
8.922
8.955
9.000
9.011
8.973
8.972
9.007
9.005
8.992
9.034
9.096
8.990
9.051
9.051
9.050
9.094
9.059
9.047
9.088
9.086
9.078
9.067
9.183
9.094
9.069
9.171
9.157
9.169
9.142
9.177
9.208
9.135
9.141
9.191
9.136
9.170
9.187
9.169
9.258
9.129
9.241
9.224
9.170
9.210
9.303
9.183
9.255
9.265
9.175
9.205
9.243
9.259
9.248
9.274
9.231
9.346
9.198
9.259
9.258
9.305
9.278
9.300
9.355
9.264
9.315
9.322
9.317
9.289
9.351
9.297
9.263
9.353
9.384
9.385
9.260
9.258
9.293
9.382
9.379
9.321
9.340
9.352
9.258
9.408
9.294
9.333
9.352
9.383
9.357
9.320
9.323
9.371
9.338
9.327
9.370
9.307
9.390
9.323
9.373
9.342
9.342
9.414
9.397
9.411
9.351
9.392
9.341
9.399
9.358
9.379
9.296
9.356
9.392
9.450
9.398
9.395
9.380
9.401
9.384
9.392
9.414
9.382
9.347
9.398
9.329
9.377
9.434
9.404
9.438
9.414
9.440
9.412
9.445
9.439
9.446
9.385
9.404
9.432
9.449
9.374
9.402
9.401
9.390
9.393
9.510
9.420
9.412
9.459
9.405
9.441
9.394
9.426
9.318
9.423
9.421
9.383
9.413
9.463
9.421
9.472
9.407
9.441
9.446
9.501
9.497
9.417
9.455
9.447
9.420
9.415
9.484
9.491
9.409
9.483
9.394
9.404
9.423
9.435
9.403
9.518
9.469
9.415
9.509
9.479
9.387
9.414
9.440
9.472
9.380
9.491
9.384
9.447
9.471
9.415
9.423
9.428
9.454
9.394
9.482
9.416
9.410
9.398
9.482
9.418
9.427
9.465
9.494
9.461
9.433
9.451
9.438
9.414
9.456
9.438
9.541
9.465
9.389
9.411
9.465
9.490
9.413
9.443
9.468
9.415
9.486
9.478
9.391
9.440
9.407
9.407
9.405
9.455
9.426
9.454
9.484
9.417
9.448
9.500
9.479
9.485
9.402
9.409
9.402
9.511
9.464
9.467
9.430
9.434
9.476
9.388
9.517
9.414
9.438
9.491
9.463
9.445
9.407
9.457
9.505
9.459
9.481
9.365
9.518
9.417
9.464
9.505
9.406
9.478
9.413
9.440
9.485
9.415
9.422
9.507
9.440
9.440
9.454
9.481
9.459
9.441
9.445
9.474
9.459
9.432
9.477
9.450
9.426
9.474
9.420
9.445
9.485
9.456
9.494
9.438
9.384
9.392
9.417
9.429
9.373
9.446
9.459
9.466
9.413
9.387
9.462
9.519
9.437
9.448
9.423
9.504
9.487
9.467
9.462
9.430
9.437
9.402
9.417
9.459
9.396
9.491
9.418
9.390
9.421
9.499
9.474
9.428
9.444
9.456
9.454
9.425
9.444
9.400
9.394
9.497
9.393
9.411
9.442
9.402
9.428
9.430
9.423
9.421
9.503
9.472
9.457
9.432
9.420
9.401
9.462
9.464
9.444
9.415
9.393
9.493
9.451
9.444
9.471
9.421
9.418
9.393
9.424
9.370
9.368
9.401
9.397
9.462
9.486
9.431
9.406
9.456
9.469
9.465
9.442
9.320
9.400
9.521
9.440
9.465
9.456
9.478
9.408
9.438
9.481
9.453
9.440
9.411
9.409
9.452
9.478
9.404
9.434
9.502
9.362
9.382
9.397
9.462
9.410
9.408
9.461
9.434
9.419
9.436
9.431
9.463
9.416
9.485
9.352
9.374
9.428
9.388
9.357
9.462
9.527
9.390
9.535
9.437
9.398
9.481
9.423
9.451
9.432
9.396
9.360
9.367
9.418
9.441
9.403
9.435
9.402
9.384
9.453
9.446
9.415
9.423
9.363
9.394
9.432
9.391
9.440
9.440
9.337
9.472
9.462
9.419
9.399
9.420
9.473
9.394
9.397
9.368
9.495
9.442
9.460
9.461
9.495
9.437
9.497
9.429
9.441
9.403
9.434
9.413
9.437
9.456
9.412
9.420
9.431
9.405
9.437
9.436
9.459
9.436
9.410
9.471
9.461
9.412
9.461
9.396
9.435
9.476
9.309
9.433
9.431
9.431
9.398
9.492
9.351
9.414
9.402
9.393
9.414
9.436
9.370
9.478
9.389
9.388
9.443
9.412
9.378
9.405
9.319
9.422
9.402
9.400
9.360
9.414
9.349
9.426
9.420
9.492
9.418
9.465
9.449
9.401
9.379
9.449
9.421
9.406
9.409
9.441
9.463
9.398
9.386
9.436
9.434
9.427
9.429
9.401
9.370
9.366
9.348
9.327
9.402
9.424
9.358
9.442
9.430
9.379
9.430
9.441
9.433
9.438
9.347
9.393
9.441
9.402
9.409
9.354
9.500
9.380
9.480
9.409
9.404
9.412
9.370
9.363
9.390
9.440
9.387
9.344
9.463
9.434
9.432
9.372
9.417
9.441
9.392
9.347
9.438
9.394
9.425
9.374
9.383
9.460
9.356
9.445
9.443
9.437
9.364
9.377
9.417
9.390
9.364
9.398
9.361
9.412
9.402
9.434
9.335
9.447
9.485
9.338
9.401
9.441
9.386
9.389
9.432
9.390
9.486
9.348
9.405
9.324
9.381
9.406
9.391
9.394
9.456
9.391
9.440
9.433
9.445
9.442
9.370
9.373
9.412
9.402
9.382
9.357
9.371
9.386
9.389
9.368
9.449
9.413
9.406
9.433
9.389
9.339
9.414
9.404
9.368
9.430
9.350
9.425
9.371
9.428
9.477
9.317
9.427
9.339
9.384
9.324
9.415
9.455
9.394
9.434
9.383
9.408
9.336
9.426
9.444
9.384
9.431
9.377
9.383
9.404
9.398
9.345
9.404
9.383
9.329
9.483
9.443
9.391
9.333
9.381
9.394
9.416
9.425
9.384
9.464
9.379
9.419
9.414
9.376
9.391
9.461
9.422
9.445
9.420
9.390
9.338
9.322
9.375
9.388
9.380
9.408
9.398
9.392
9.421
9.432
9.408
9.369
9.319
9.368
9.360
9.350
9.450
9.386
9.367
9.396
9.326
9.357
9.372
9.418
9.370
9.431
9.397
9.383
9.417
9.369
9.432
9.359
9.342
9.386
9.345
9.424
9.439
9.426
9.429
9.437
9.348
9.380
9.398
9.341
9.466
9.334
9.355
9.389
9.449
9.375
9.341
9.490
9.314
9.407
9.341
9.320
9.416
9.387
9.322
9.348
9.312
9.434
9.372
9.356
9.413
9.392
9.411
9.405
9.388
9.351
9.349
9.442
9.394
9.430
9.373
9.467
9.347
9.359
9.339
9.270
9.354
9.361
9.403
9.367
9.363
9.333
9.439
9.331
9.409
9.380
9.392
9.377
9.397
9.342
9.410
9.338
9.330
9.394
9.311
9.372
9.417
9.411
9.342
9.399
9.428
9.375
9.368
9.423
9.350
9.386
9.391
9.396
9.396
9.408
9.362
9.344
9.381
9.388
9.367
9.309
9.387
9.372
9.367
9.401
9.349
9.423
9.348
9.403
9.372
9.379
9.418
9.343
9.360
9.366
9.359
9.404
9.356
9.374
9.384
9.316
9.271
9.390
9.333
9.367
9.380
9.386
9.342
9.403
9.354
9.411
9.336
9.402
9.366
9.446
9.368
9.375
9.422
9.407
9.347
9.367
9.383
9.336
9.388
9.392
9.352
9.397
9.389
9.320
9.444
9.370
9.400
9.348
9.355
9.367
9.391
9.341
9.374
9.368
9.450
9.427
9.378
9.401
