6.656
6.685
6.644
6.672
7.982
7.992
7.987
8.017
9.691
9.690
9.742
9.737
11.838
11.839
11.863
11.863
14.407
14.398
14.406
14.397
17.294
17.296
17.294
17.295
20.403
20.403
20.406
20.398
23.545
23.542
23.534
23.528
26.516
26.512
26.521
26.515
29.199
29.206
29.200
29.197
31.502
31.515
31.499
31.511
33.402
33.404
33.406
33.410
34.944
34.936
34.930
34.929
36.145
36.147
36.145
36.153
37.105
37.119
37.107
37.105
37.874
37.880
37.884
37.873
40.426
40.427
40.425
40.427
40.425
40.427
40.425
40.424
40.426
40.426
40.423
40.426
40.424
40.426
40.423
40.425
40.428
40.427
40.423
40.423
40.426
40.427
40.421
40.429
40.427
40.428
40.429
40.422
40.426
40.428
40.425
40.425
40.424
40.425
40.427
40.427
40.427
40.428
40.428
40.428
40.427
40.426
40.428
40.425
40.426
40.427
40.425
40.431
40.426
40.425
40.425
40.427
40.422
40.427
40.424
40.426
40.429
40.424
40.425
40.425
41.823
41.824
41.824
41.824
41.823
41.824
41.825
41.825
41.825
41.821
41.822
41.826
41.823
41.825
41.823
41.824
41.824
41.824
41.824
41.824
41.823
41.825
41.822
41.823
41.825
41.825
41.823
41.824
41.821
41.826
41.824
41.824
41.822
41.825
41.822
41.824
41.822
41.823
41.822
41.825
41.823
41.826
41.821
41.823
41.824
41.824
41.822
41.824
41.824
41.824
41.822
41.824
41.825
41.823
41.822
41.825
41.824
41.823
41.823
41.824
42.098
42.098
42.101
42.100
42.098
42.099
42.099
42.100
42.101
42.098
42.100
42.102
42.099
42.100
42.099
42.097
42.098
42.099
42.097
42.099
42.100
42.097
42.098
42.097
42.100
42.098
42.098
42.097
42.100
42.097
42.098
42.098
42.096
42.098
42.098
42.098
42.099
42.098
42.098
42.097
42.100
42.099
42.100
42.096
42.099
42.098
42.099
42.097
42.097
42.096
42.097
42.095
42.099
42.099
42.098
42.100
42.098
42.098
42.098
42.099
42.169
42.170
42.168
42.169
42.168
42.169
42.168
42.166
42.169
42.170
42.169
42.168
42.168
42.166
42.168
42.170
42.167
42.167
42.167
42.168
42.166
42.167
42.167
42.170
42.166
42.167
42.168
42.167
42.167
42.167
42.167
42.166
42.169
42.165
42.166
42.167
42.167
42.168
42.167
42.169
42.167
42.169
42.167
42.167
42.169
42.170
42.168
42.169
42.166
42.169
42.168
42.167
42.168
42.167
42.167
42.167
42.169
42.170
42.168
42.169
42.184
42.187
42.186
42.185
42.186
42.188
42.186
42.185
42.187
42.185
42.187
42.186
42.186
42.188
42.185
42.185
42.187
42.187
42.186
42.187
42.186
42.187
42.189
42.188
42.189
42.187
42.189
42.187
42.185
42.190
42.186
42.186
42.185
42.186
42.187
42.187
42.186
42.185
42.188
42.188
42.187
42.184
42.188
42.187
42.186
42.185
42.187
42.186
42.186
42.185
42.185
42.187
42.186
42.189
42.186
42.187
42.186
42.185
42.187
42.188
42.193
42.192
42.192
42.192
42.193
42.191
42.191
42.192
42.190
42.191
42.192
42.191
42.191
42.191
42.193
42.193
42.191
42.191
42.192
42.192
42.191
42.192
42.191
42.191
42.193
42.193
42.191
42.191
42.193
42.192
42.192
42.192
42.190
42.193
42.191
42.193
42.193
42.192
42.192
42.193
42.191
42.189
42.188
42.193
42.191
42.191
42.193
42.190
42.192
42.188
42.192
42.192
42.191
42.190
42.195
42.192
42.192
42.190
42.192
42.193
42.193
42.193
42.191
42.194
42.192
42.192
42.193
42.193
42.194
42.192
42.196
42.193
42.195
42.195
42.193
42.192
42.193
42.193
42.193
42.196
42.196
42.194
42.195
42.194
42.195
42.196
42.196
42.191
42.193
42.192
42.195
42.192
42.192
42.194
42.193
42.193
42.194
42.194
42.193
42.193
42.194
42.194
42.195
42.193
42.193
42.194
42.195
42.193
42.195
42.192
42.195
42.195
42.194
42.193
42.192
42.195
42.194
42.194
42.193
42.194
42.195
42.195
42.197
42.194
42.194
42.192
42.194
42.193
42.193
42.194
42.194
42.195
42.195
42.194
42.192
42.197
42.194
42.195
42.192
42.196
42.193
42.195
42.193
42.194
42.194
42.193
42.195
42.192
42.193
42.196
42.194
42.191
42.193
42.194
42.194
42.193
42.194
42.193
42.193
42.192
42.195
42.194
42.194
42.194
42.194
42.193
42.193
42.195
42.193
42.194
42.194
42.193
42.195
42.194
42.194
42.194
42.195
42.194
42.197
42.193
42.193
42.194
42.193
42.197
42.192
42.194
42.197
42.194
42.194
42.195
42.196
42.195
42.194
42.193
42.191
42.196
42.195
42.193
42.196
42.194
42.194
42.194
42.193
42.194
42.195
42.194
42.193
42.194
42.195
42.195
42.196
42.194
42.193
42.194
42.193
42.195
42.192
42.192
42.193
42.194
42.195
42.195
42.194
42.193
42.195
42.195
42.193
42.192
42.195
42.194
42.193
42.193
42.196
42.195
42.193
42.195
42.195
42.194
42.194
42.195
42.192
42.195
42.191
42.194
42.196
42.196
42.194
42.194
42.194
42.196
42.193
42.193
42.194
42.196
42.191
42.196
42.196
42.195
42.195
42.192
42.194
42.194
42.193
42.193
42.193
42.195
42.194
42.193
42.195
42.194
42.193
42.194
42.196
42.195
42.194
42.194
42.194
42.194
42.194
42.193
42.192
42.195
42.194
42.193
42.193
42.195
42.193
42.195
42.192
42.193
42.194
42.195
42.197
42.194
42.194
42.195
42.192
42.193
42.194
42.196
42.193
42.192
42.194
42.195
42.194
42.195
42.194
42.194
42.194
42.194
42.195
42.193
42.194
42.193
42.194
42.195
42.192
42.195
42.193
42.192
42.195
42.195
42.194
42.194
42.193
42.193
42.195
42.194
42.193
42.194
42.193
42.194
42.194
42.194
42.194
42.196
42.194
42.193
42.194
42.194
42.195
42.193
42.194
42.195
42.193
42.195
42.192
42.196
42.195
42.192
42.193
42.192
42.195
42.194
42.194
42.195
42.196
42.192
42.193
42.193
42.192
42.192
42.197
42.192
42.195
42.194
42.195
42.194
42.193
42.195
42.195
42.192
42.194
42.194
42.195
42.194
42.195
42.193
42.192
42.193
42.193
42.194
42.196
42.194
42.192
42.194
42.196
42.194
42.193
42.194
42.196
42.193
42.194
42.193
42.194
42.194
42.196
42.192
42.193
42.192
42.194
42.194
42.195
42.194
42.194
42.195
42.194
42.193
42.194
42.195
42.194
42.195
42.196
42.194
42.193
42.193
42.195
42.195
42.195
42.193
42.195
42.194
42.193
42.195
42.195
42.194
42.195
42.194
42.195
42.195
42.192
42.195
42.191
42.192
42.196
42.196
42.193
42.195
42.195
42.196
42.194
42.193
42.193
42.193
42.194
42.192
42.192
42.194
42.194
42.194
42.195
42.192
42.194
42.194
42.195
42.195
42.191
42.194
42.194
42.194
42.197
42.195
42.193
42.195
42.196
42.192
42.193
42.195
42.193
42.195
42.194
42.194
42.191
42.197
42.193
42.195
42.195
42.194
42.196
42.193
42.195
42.194
42.193
42.194
42.192
42.195
42.194
42.193
42.194
42.195
42.194
42.193
42.193
42.192
42.194
42.195
42.197
42.195
42.192
42.193
42.193
42.192
42.194
42.195
42.192
42.193
42.192
42.197
42.193
42.195
42.194
42.194
42.194
42.195
42.195
42.194
42.194
42.196
42.194
42.193
42.193
42.194
42.196
42.197
42.195
42.193
42.193
42.194
42.195
42.196
42.195
42.194
42.194
42.195
42.196
42.195
42.192
42.194
42.195
42.195
42.195
42.194
42.195
42.195
42.194
42.193
42.194
42.196
42.194
42.194
42.193
42.193
42.194
42.196
42.194
42.193
42.195
42.194
42.196
42.193
42.192
42.197
42.194
42.193
42.195
42.195
42.194
42.194
42.195
42.195
42.193
42.193
42.196
42.195
42.193
42.194
42.196
42.195
42.193
42.194
42.194
42.193
42.194
42.195
42.193
42.195
42.194
42.194
42.195
42.194
42.191
42.194
42.195
42.195
42.193
42.193
42.195
42.192
42.195
42.195
42.196
42.197
42.193
42.196
42.194
42.195
42.194
42.195
42.194
42.195
42.194
42.195
42.193
42.194
42.196
42.192
42.193
42.193
42.194
42.194
42.193
42.195
42.196
42.194
42.193
42.193
42.195
42.194
42.191
42.194
42.194
42.195
42.193
42.194
42.193
42.193
42.193
42.193
42.193
42.193
42.195
42.194
42.194
42.195
42.193
42.194
42.194
42.195
42.192
42.193
42.194
42.192
42.196
42.194
42.195
42.194
42.194
42.194
42.196
42.196
