1.220
1.246
1.260
1.288
1.320
1.348
1.371
1.393
1.423
1.458
1.482
1.501
1.538
1.557
1.588
1.616
1.648
1.680
1.714
1.729
1.766
1.796
1.822
1.856
1.888
1.916
1.950
1.988
2.013
2.038
2.076
2.106
2.129
2.158
2.198
2.226
2.257
2.296
2.321
2.338
2.382
2.408
2.443
2.470
2.491
2.527
2.559
2.588
2.615
2.654
2.664
2.700
2.726
2.753
2.781
2.808
2.838
2.862
2.892
2.916
2.942
2.969
2.990
3.016
3.035
3.058
3.080
3.104
3.139
3.160
3.176
3.212
3.211
3.234
3.261
3.278
3.299
3.312
3.339
3.353
3.378
3.391
3.410
3.428
3.437
3.448
3.474
3.487
3.507
3.515
3.537
3.551
3.558
3.575
3.581
3.601
3.623
3.622
3.640
3.649
3.652
3.676
3.676
3.702
3.699
3.714
3.718
3.732
3.747
3.749
3.762
3.776
3.780
3.783
3.791
3.803
3.810
3.811
3.821
3.833
3.840
3.846
3.841
3.855
3.870
3.864
3.874
3.875
3.881
3.891
3.906
3.904
3.911
3.918
3.917
3.913
3.922
3.935
3.929
3.932
3.935
3.939
3.947
3.951
3.958
3.958
3.961
3.968
3.966
3.970
3.977
3.967
3.971
3.983
3.991
3.990
3.992
3.988
3.988
3.999
4.000
4.005
4.004
4.006
3.999
4.005
4.012
4.011
4.014
4.017
4.013
4.017
4.022
4.025
4.025
4.023
4.026
4.028
4.029
4.035
4.037
4.037
4.031
4.029
4.037
4.044
4.036
4.037
4.032
4.039
4.045
4.040
4.039
4.055
4.045
4.051
4.044
4.040
4.053
4.054
4.056
4.044
4.043
4.050
4.051
4.046
4.060
4.046
4.057
4.061
4.055
4.055
4.060
4.050
4.053
4.060
4.058
4.051
4.054
4.055
4.052
4.059
4.059
4.068
4.065
4.063
4.055
4.060
4.070
4.071
4.060
4.054
4.053
4.068
4.055
4.062
4.065
4.069
4.068
4.068
4.068
4.062
4.066
4.058
4.074
4.071
4.065
4.071
4.064
4.061
4.067
4.059
4.068
4.058
4.068
4.074
4.071
4.072
4.077
4.069
4.063
4.061
4.061
4.068
4.065
4.073
4.068
4.063
4.066
4.063
4.061
4.068
4.071
4.067
4.073
4.061
4.073
4.061
4.071
4.078
4.074
4.075
4.068
4.067
4.071
4.072
4.073
4.064
4.068
4.065
4.066
4.078
4.065
4.069
4.067
4.066
4.075
4.074
4.069
4.070
4.069
4.077
4.074
4.063
4.065
4.068
4.074
4.069
4.065
4.084
4.076
4.071
4.072
4.079
4.068
4.070
4.077
4.066
4.074
4.073
4.071
4.071
4.074
4.073
4.074
4.072
4.069
4.073
4.073
4.068
4.064
4.074
4.080
4.070
4.079
4.068
4.072
4.066
4.068
4.066
4.075
4.074
4.068
4.076
4.073
4.077
4.072
4.081
4.079
4.068
4.075
4.066
4.079
4.076
4.076
4.070
4.080
4.080
4.073
4.073
4.077
4.072
4.077
4.082
4.074
4.072
4.073
4.076
4.078
4.076
4.080
4.074
4.081
4.068
4.076
4.071
4.073
4.069
4.074
4.068
4.069
4.073
4.076
4.071
4.080
4.083
4.078
4.079
4.073
4.073
4.075
4.077
4.077
4.072
4.083
4.079
4.071
4.083
4.072
4.073
4.073
4.079
4.075
4.080
4.088
4.071
4.074
4.075
4.086
4.074
4.082
4.086
4.079
4.078
4.076
4.080
4.077
4.079
4.081
4.080
4.077
4.085
4.074
4.077
4.082
4.078
4.080
4.085
4.080
4.080
4.084
4.081
4.081
4.082
4.084
4.090
4.077
4.090
4.082
4.078
4.085
4.083
4.081
4.074
4.077
4.085
4.082
4.081
4.082
4.080
4.082
4.085
4.081
4.080
4.090
4.080
4.086
4.084
4.084
4.082
4.088
4.081
4.085
4.083
4.087
4.094
4.086
4.082
4.079
4.085
4.083
4.086
4.081
4.085
4.081
4.083
4.082
4.082
4.089
4.085
4.084
4.086
4.088
4.089
4.088
4.096
4.084
4.085
4.088
4.088
4.083
4.092
4.087
4.091
4.089
4.089
4.095
4.087
4.091
4.092
4.090
4.084
4.087
4.094
4.092
4.086
4.092
4.090
4.090
4.083
4.087
4.091
4.096
4.088
4.090
4.085
4.087
4.087
4.088
4.095
4.091
4.088
4.089
4.095
4.097
4.093
4.087
4.091
4.085
4.088
4.089
4.099
4.093
4.081
4.092
4.092
4.096
4.083
4.094
4.092
4.101
4.093
4.093
4.098
4.092
4.085
4.089
4.093
4.089
4.091
4.102
4.096
4.095
4.097
4.095
4.094
4.096
4.098
4.089
4.090
4.098
4.095
4.102
4.098
4.090
4.095
4.096
4.089
4.096
4.099
4.096
4.098
4.095
4.090
4.101
4.092
4.095
4.104
4.099
4.093
4.089
4.105
4.098
4.100
4.100
4.096
4.099
4.101
4.097
4.097
4.102
4.095
4.095
4.100
4.098
4.099
4.102
4.106
4.101
4.098
4.101
4.106
4.103
4.106
4.097
4.100
4.097
4.102
4.102
4.101
4.102
4.101
4.107
4.100
4.105
4.105
4.106
4.104
4.106
4.103
4.100
4.104
4.103
4.098
4.101
4.104
4.099
4.107
4.107
4.103
4.105
4.107
4.105
4.102
4.102
4.102
4.113
4.107
4.107
4.105
4.105
4.098
4.103
4.106
4.106
4.110
4.112
4.110
4.104
4.106
4.101
4.110
4.107
4.108
4.105
4.112
4.112
4.105
4.111
4.109
4.113
4.109
4.107
4.111
4.100
4.104
4.102
4.111
4.112
4.110
4.103
4.110
4.104
4.119
4.102
4.119
4.108
4.110
4.111
4.101
4.115
4.102
4.104
4.106
4.111
4.106
4.106
4.109
4.117
4.109
4.109
4.113
4.117
4.103
4.119
4.115
4.100
4.116
4.104
4.123
4.107
4.108
4.108
4.110
4.112
4.118
4.113
4.113
4.112
4.115
4.112
4.118
4.115
4.112
4.118
4.114
4.118
4.124
4.118
4.110
4.117
4.116
4.112
4.120
4.109
4.114
4.112
4.111
4.108
4.119
4.113
4.119
4.114
4.110
4.119
4.115
4.115
4.112
4.120
4.119
4.113
4.117
4.121
4.112
4.118
4.110
4.109
4.114
4.112
4.120
4.117
4.120
4.111
4.116
4.121
4.126
4.117
4.116
4.122
4.119
4.119
4.116
4.122
4.107
4.119
4.119
4.120
4.119
4.121
4.115
4.113
4.122
4.126
4.117
4.120
4.119
4.120
4.127
4.115
4.118
4.115
4.121
4.127
4.121
4.120
4.127
4.114
4.125
4.123
4.120
4.115
4.125
4.128
4.122
4.122
4.120
4.126
4.119
4.131
4.129
4.129
4.131
4.125
4.126
4.121
4.119
4.130
4.124
4.125
4.131
4.122
4.116
4.116
4.131
4.121
4.124
4.121
4.122
4.121
4.127
4.122
4.118
4.117
4.117
4.122
4.123
4.125
4.127
4.130
4.127
4.118
4.123
4.129
4.132
4.129
4.134
4.131
4.125
4.128
4.125
4.120
4.126
4.127
4.131
4.134
4.122
4.124
4.120
4.131
4.123
4.132
4.133
4.126
4.123
4.126
4.135
4.126
4.129
4.127
4.125
4.126
4.128
4.123
4.120
4.127
4.129
4.123
4.131
4.132
4.129
4.124
4.127
4.127
4.131
4.131
4.135
4.135
4.129
4.130
4.132
4.135
4.133
4.139
4.132
4.136
4.133
4.141
4.133
4.131
4.140
4.131
4.132
4.137
4.124
4.129
4.134
4.132
4.138
4.130
4.127
4.133
4.143
4.136
4.135
4.140
4.135
4.140
4.132
4.126
4.134
4.130
4.145
4.132
4.137
4.134
4.140
4.138
4.127
4.137
4.131
4.136
4.135
4.136
4.129
4.133
4.142
4.127
4.135
4.133
4.135
4.133
4.141
4.132
4.146
4.139
4.132
4.132
4.141
4.140
4.139
4.138
4.130
4.138
4.139
4.136
4.139
4.136
4.137
4.129
4.140
4.142
4.148
4.135
4.143
4.139
4.138
4.131
4.145
4.136
4.147
4.139
4.136
4.136
4.146
4.142
4.147
4.138
4.139
4.141
4.140
4.140
4.142
4.143
4.139
4.142
4.140
4.141
4.141
4.140
4.141
4.136
4.144
4.140
4.144
4.134
4.142
4.136
4.138
4.144
4.139
4.139
4.142
4.146
4.140
4.138
4.139
4.136
4.141
4.142
4.152
4.138
4.143
4.143
4.152
4.150
4.142
4.142
4.149
4.146
4.144
4.144
4.138
4.140
4.137
4.142
4.143
4.137
4.143
4.141
4.140
4.139
4.142
4.151
4.146
