2.037
2.053
2.070
2.091
2.111
2.137
2.159
2.170
2.200
2.218
2.236
2.256
2.285
2.309
2.325
2.347
2.369
2.401
2.424
2.443
2.465
2.486
2.511
2.539
2.555
2.585
2.605
2.632
2.650
2.686
2.707
2.732
2.756
2.777
2.796
2.820
2.851
2.880
2.904
2.921
2.945
2.974
3.002
3.024
3.038
3.067
3.095
3.117
3.139
3.163
3.183
3.207
3.227
3.252
3.280
3.300
3.318
3.349
3.371
3.393
3.419
3.432
3.451
3.477
3.491
3.517
3.535
3.554
3.584
3.601
3.620
3.644
3.652
3.681
3.703
3.721
3.738
3.753
3.771
3.795
3.810
3.822
3.844
3.862
3.878
3.885
3.912
3.921
3.937
3.957
3.976
3.992
4.002
4.024
4.028
4.043
4.066
4.078
4.092
4.104
4.113
4.128
4.139
4.153
4.163
4.185
4.196
4.210
4.227
4.232
4.240
4.264
4.267
4.278
4.292
4.303
4.306
4.321
4.329
4.347
4.352
4.367
4.368
4.385
4.402
4.404
4.412
4.419
4.431
4.450
4.456
4.463
4.475
4.489
4.493
4.499
4.508
4.520
4.519
4.524
4.538
4.544
4.549
4.568
4.575
4.574
4.583
4.600
4.599
4.610
4.621
4.620
4.625
4.639
4.646
4.654
4.663
4.657
4.668
4.687
4.685
4.690
4.700
4.704
4.710
4.712
4.724
4.728
4.726
4.738
4.745
4.751
4.754
4.769
4.776
4.771
4.776
4.784
4.788
4.797
4.805
4.805
4.804
4.809
4.814
4.828
4.831
4.839
4.836
4.846
4.849
4.855
4.855
4.871
4.873
4.882
4.869
4.882
4.892
4.893
4.897
4.900
4.898
4.905
4.915
4.911
4.917
4.916
4.937
4.935
4.930
4.940
4.945
4.945
4.947
4.963
4.962
4.959
4.967
4.967
4.968
4.979
4.982
4.988
4.992
4.992
4.991
4.994
5.003
5.014
5.009
5.008
5.013
5.025
5.021
5.025
5.035
5.036
5.035
5.036
5.048
5.040
5.052
5.045
5.058
5.061
5.061
5.069
5.072
5.068
5.076
5.066
5.081
5.071
5.083
5.093
5.094
5.094
5.097
5.101
5.093
5.097
5.100
5.105
5.104
5.119
5.111
5.112
5.117
5.127
5.118
5.126
5.135
5.133
5.140
5.132
5.138
5.137
5.145
5.154
5.152
5.150
5.151
5.162
5.160
5.165
5.163
5.161
5.163
5.169
5.168
5.177
5.165
5.173
5.180
5.180
5.190
5.186
5.190
5.186
5.191
5.195
5.194
5.193
5.198
5.196
5.205
5.203
5.204
5.215
5.212
5.207
5.212
5.221
5.211
5.225
5.225
5.225
5.226
5.232
5.230
5.233
5.235
5.239
5.236
5.231
5.232
5.247
5.249
5.238
5.248
5.252
5.251
5.250
5.257
5.257
5.250
5.258
5.254
5.259
5.264
5.268
5.259
5.262
5.270
5.272
5.266
5.280
5.278
5.271
5.274
5.270
5.287
5.284
5.286
5.275
5.286
5.287
5.292
5.288
5.295
5.289
5.294
5.292
5.296
5.292
5.299
5.306
5.303
5.308
5.305
5.311
5.312
5.305
5.315
5.307
5.304
5.307
5.308
5.309
5.310
5.312
5.321
5.317
5.322
5.329
5.325
5.327
5.326
5.323
5.327
5.320
5.331
5.325
5.335
5.338
5.332
5.341
5.335
5.336
5.335
5.345
5.335
5.345
5.346
5.338
5.345
5.348
5.342
5.346
5.351
5.359
5.347
5.356
5.350
5.358
5.364
5.354
5.360
5.356
5.361
5.363
5.355
5.360
5.371
5.356
5.363
5.369
5.368
5.371
5.373
5.370
5.372
5.370
5.370
5.378
5.372
5.380
5.371
5.370
5.378
5.371
5.374
5.376
5.376
5.377
5.381
5.382
5.381
5.384
5.385
5.393
5.391
5.383
5.391
5.394
5.392
5.388
5.400
5.393
5.390
5.395
5.387
5.393
5.399
5.403
5.402
5.396
5.397
5.402
5.399
5.405
5.409
5.406
5.400
5.412
5.400
5.404
5.408
5.405
5.411
5.404
5.415
5.411
5.410
5.420
5.419
5.414
5.416
5.418
5.409
5.415
5.423
5.414
5.426
5.421
5.424
5.423
5.421
5.422
5.426
5.418
5.424
5.431
5.428
5.429
5.425
5.427
5.431
5.424
5.428
5.431
5.435
5.431
5.425
5.429
5.434
5.430
5.429
5.440
5.434
5.432
5.439
5.439
5.445
5.433
5.442
5.441
5.443
5.435
5.440
5.448
5.449
5.439
5.441
5.444
5.449
5.444
5.447
5.438
5.453
5.447
5.446
5.454
5.449
5.445
5.442
5.449
5.446
5.450
5.455
5.451
5.457
5.458
5.455
5.459
5.452
5.462
5.453
5.456
5.452
5.463
5.464
5.462
5.458
5.462
5.457
5.458
5.456
5.460
5.458
5.459
5.466
5.457
5.470
5.466
5.468
5.470
5.469
5.466
5.460
5.471
5.467
5.467
5.475
5.466
5.477
5.465
5.466
5.466
5.470
5.465
5.467
5.467
5.467
5.479
5.478
5.481
5.472
5.477
5.473
5.480
5.479
5.480
5.474
5.481
5.478
5.479
5.488
5.482
5.487
5.481
5.487
5.476
5.481
5.480
5.483
5.488
5.480
5.480
5.477
5.488
5.491
5.482
5.480
5.491
5.480
5.492
5.488
5.484
5.483
5.482
5.483
5.485
5.488
5.487
5.495
5.491
5.495
5.484
5.490
5.493
5.495
5.497
5.489
5.498
5.488
5.498
5.489
5.499
5.488
5.501
5.495
5.500
5.495
5.497
5.494
5.492
5.505
5.496
5.495
5.500
5.504
5.503
5.498
5.496
5.496
5.505
5.503
5.505
5.495
5.500
5.499
5.508
5.503
5.509
5.503
5.501
5.511
5.500
5.510
5.498
5.507
5.507
5.513
5.507
5.502
5.510
5.515
5.505
5.508
5.510
5.514
5.504
5.517
5.509
5.507
5.514
5.503
5.518
5.508
5.514
5.506
5.516
5.514
5.508
5.516
5.518
5.517
5.515
5.516
5.522
5.521
5.523
5.520
5.513
5.517
5.522
5.519
5.519
5.513
5.517
5.524
5.525
5.511
5.513
5.511
5.514
5.514
5.526
5.514
5.527
5.522
5.514
5.527
5.519
5.516
5.529
5.527
5.523
5.518
5.523
5.529
5.517
5.529
5.527
5.519
5.525
5.521
5.522
5.526
5.527
5.523
5.521
5.528
5.531
5.526
5.529
5.529
5.530
5.526
5.522
5.529
5.525
5.530
5.524
5.536
5.535
5.533
5.525
5.527
5.531
5.536
5.535
5.529
5.532
5.527
5.535
5.528
5.532
5.529
5.532
5.527
5.528
5.530
5.540
5.528
5.533
5.535
5.528
5.529
5.541
5.541
5.540
5.540
5.536
5.538
5.530
5.545
5.531
5.545
5.543
5.536
5.535
5.535
5.536
5.543
5.538
5.544
5.540
5.549
5.534
5.534
5.546
5.534
5.535
5.542
5.542
5.535
5.547
5.541
5.534
5.539
5.536
5.541
5.546
5.546
5.546
5.545
5.549
5.541
5.538
5.548
5.550
5.551
5.547
5.544
5.541
5.549
5.543
5.539
5.543
5.541
5.549
5.550
5.543
5.548
5.543
5.549
5.542
5.549
5.546
5.550
5.547
5.551
5.557
5.545
5.552
5.543
5.553
5.544
5.554
5.543
5.544
5.548
5.552
5.545
5.553
5.553
5.552
5.547
5.549
5.547
5.545
5.558
5.549
5.554
5.551
5.560
5.547
5.546
5.548
5.559
5.556
5.558
5.555
5.556
5.557
5.554
5.557
5.551
5.556
5.559
5.549
5.556
5.559
5.553
5.560
5.551
5.557
5.561
5.563
5.555
5.554
5.559
5.562
5.562
5.553
5.559
5.559
5.551
5.561
5.556
5.565
5.559
5.561
5.563
5.555
5.559
5.560
5.559
5.561
5.561
5.559
5.553
5.565
5.554
5.557
5.560
5.557
5.557
5.564
5.565
5.569
5.567
5.563
5.556
5.569
5.562
5.565
5.559
5.560
5.570
5.557
5.559
5.561
5.570
5.558
5.558
5.562
5.571
5.567
5.558
5.573
5.561
5.562
5.561
5.574
5.566
5.573
5.566
5.558
5.570
5.569
5.570
5.571
5.569
5.563
5.567
5.567
5.566
5.573
5.565
5.570
5.567
5.572
5.567
5.562
5.565
5.563
5.570
5.571
5.562
5.576
5.565
5.572
5.568
5.573
5.569
5.565
5.566
5.572
5.575
5.566
5.570
5.567
5.565
5.573
5.567
5.576
5.565
5.570
5.562
5.574
5.575
5.564
5.579
5.576
5.577
5.571
5.569
5.574
5.573
5.570
5.568
5.572
5.569
5.571
5.569
5.579
5.571
5.566
5.579
5.578
