4.219
4.284
4.341
4.398
4.433
4.530
4.583
4.605
4.676
4.779
4.778
4.854
4.890
5.018
5.121
5.137
5.237
5.282
5.341
5.424
5.479
5.531
5.640
5.675
5.735
5.779
5.880
5.975
6.043
6.098
6.162
6.255
6.329
6.427
6.499
6.532
6.631
6.721
6.730
6.819
6.912
6.983
7.065
7.145
7.214
7.316
7.352
7.414
7.516
7.580
7.662
7.734
7.813
7.894
7.927
8.031
8.094
8.121
8.213
8.309
8.363
8.413
8.463
8.587
8.634
8.678
8.775
8.800
8.932
8.926
9.002
9.035
9.135
9.194
9.261
9.313
9.365
9.446
9.499
9.548
9.592
9.675
9.704
9.754
9.788
9.877
9.894
9.997
10.010
10.071
10.084
10.172
10.224
10.254
10.331
10.365
10.391
10.459
10.494
10.527
10.552
10.630
10.674
10.693
10.748
10.771
10.817
10.833
10.901
10.934
10.967
11.025
11.007
11.088
11.112
11.127
11.178
11.225
11.202
11.272
11.302
11.339
11.352
11.371
11.390
11.436
11.496
11.492
11.528
11.541
11.564
11.607
11.628
11.660
11.642
11.721
11.688
11.744
11.767
11.805
11.826
11.853
11.865
11.882
11.939
11.908
11.943
11.972
12.024
12.022
12.000
12.068
12.062
12.086
12.097
12.120
12.139
12.168
12.186
12.199
12.211
12.247
12.242
12.272
12.275
12.259
12.305
12.322
12.325
12.332
12.339
12.363
12.392
12.385
12.412
12.450
12.442
12.508
12.508
12.502
12.469
12.524
12.552
12.532
12.583
12.571
12.614
12.573
12.611
12.597
12.681
12.650
12.662
12.633
12.673
12.677
12.687
12.709
12.727
12.735
12.738
12.747
12.747
12.748
12.778
12.807
12.795
12.818
12.803
12.800
12.820
12.853
12.825
12.863
12.851
12.874
12.862
12.931
12.893
12.912
12.919
12.921
12.914
12.918
12.923
12.971
12.955
12.968
12.980
12.960
13.014
13.012
12.982
13.012
13.028
13.003
12.997
13.005
13.023
13.043
13.043
13.063
13.060
13.107
13.055
13.072
13.100
13.105
13.101
13.113
13.114
13.120
13.101
13.144
13.086
13.095
13.133
13.156
13.127
13.124
13.136
13.175
13.190
13.185
13.207
13.160
13.205
13.205
13.182
13.198
13.218
13.203
13.198
13.192
13.204
13.222
13.213
13.238
13.217
13.245
13.237
13.238
13.266
13.258
13.240
13.225
13.265
13.222
13.282
13.268
13.273
13.265
13.298
13.301
13.314
13.304
13.283
13.271
13.312
13.314
13.356
13.294
13.302
13.336
13.350
13.308
13.330
13.311
13.336
13.308
13.331
13.379
13.344
13.353
13.354
13.364
13.327
13.324
13.366
13.374
13.379
13.344
13.350
13.359
13.387
13.415
13.384
13.392
13.401
13.390
13.359
13.404
13.389
13.396
13.377
13.391
13.404
13.396
13.406
13.424
13.434
13.389
13.413
13.411
13.399
13.384
13.443
13.395
13.430
13.431
13.402
13.453
13.413
13.413
13.406
13.414
13.415
13.416
13.448
13.443
13.452
13.445
13.445
13.448
13.444
13.466
13.446
13.410
13.436
13.455
13.457
13.443
13.450
13.453
13.444
13.499
13.468
13.475
13.461
13.491
13.456
13.476
13.477
13.489
13.447
13.448
13.480
13.443
13.484
13.456
13.463
13.501
13.454
13.496
13.489
13.473
13.487
13.491
13.452
13.479
13.486
13.470
13.467
13.475
13.468
13.516
13.474
13.467
13.490
13.485
13.478
13.488
13.464
13.498
13.467
13.456
13.504
13.500
13.499
13.496
13.508
13.491
13.516
13.535
13.462
13.513
13.508
13.487
13.529
13.503
13.508
13.499
13.496
13.499
13.522
13.510
13.552
13.490
13.495
13.490
13.519
13.526
13.523
13.521
13.536
13.511
13.520
13.520
13.530
13.548
13.505
13.527
13.513
13.515
13.506
13.504
13.524
13.530
13.504
13.552
13.514
13.545
13.549
13.522
13.537
13.541
13.520
13.547
13.544
13.508
13.560
13.491
13.542
13.486
13.537
13.528
13.544
13.543
13.525
13.506
13.537
13.523
13.507
13.523
13.526
13.518
13.527
13.520
13.545
13.537
13.531
13.514
13.542
13.534
13.514
13.565
13.501
13.542
13.539
13.524
13.505
13.528
13.542
13.555
13.530
13.535
13.595
13.530
13.496
13.531
13.572
13.509
13.541
13.549
13.526
13.540
13.519
13.538
13.535
13.543
13.516
13.554
13.537
13.535
13.524
13.538
13.517
13.541
13.541
13.547
13.544
13.544
13.541
13.540
13.558
13.544
13.531
13.581
13.521
13.546
13.522
13.525
13.535
13.534
13.480
13.550
13.541
13.559
13.556
13.549
13.533
13.550
13.533
13.540
13.525
13.522
13.543
13.555
13.537
13.536
13.555
13.530
13.512
13.543
13.538
13.555
13.540
13.543
13.568
13.551
13.540
13.549
13.541
13.552
13.532
13.520
13.599
13.518
13.530
13.519
13.542
13.529
13.524
13.536
13.518
13.548
13.543
13.504
13.551
13.547
13.524
13.550
13.552
13.559
13.549
13.559
13.526
13.516
13.536
13.546
13.549
13.530
13.518
13.539
13.584
13.549
13.548
13.517
13.531
13.528
13.542
13.518
13.525
13.554
13.527
13.545
13.544
13.520
13.549
13.529
13.531
13.548
13.551
13.532
13.532
13.539
13.586
13.517
13.540
13.539
13.522
13.527
13.561
13.558
13.548
13.516
13.515
13.519
13.529
13.553
13.525
13.534
13.536
13.545
13.529
13.514
13.525
13.530
13.556
13.504
13.557
13.523
13.539
13.529
13.526
13.500
13.544
13.557
13.530
13.524
13.501
13.525
13.547
13.530
13.552
13.558
13.552
13.530
13.527
13.556
13.549
13.525
13.574
13.500
13.525
13.505
13.557
13.508
13.508
13.519
13.522
13.534
13.553
13.564
13.506
13.540
13.525
13.529
13.525
13.541
13.528
13.533
13.548
13.545
13.521
13.537
13.549
13.528
13.532
13.478
13.532
13.532
13.513
13.495
13.544
13.538
13.543
13.518
13.526
13.506
13.516
13.514
13.510
13.488
13.534
13.518
13.509
13.524
13.546
13.523
13.555
13.516
13.546
13.511
13.511
13.532
13.528
13.538
13.546
13.521
13.522
13.501
13.536
13.500
13.536
13.538
13.523
13.514
13.528
13.517
13.524
13.496
13.487
13.508
13.510
13.527
13.529
13.508
13.516
13.533
13.515
13.535
13.527
13.530
13.501
13.505
13.523
13.532
13.492
13.482
13.538
13.526
13.508
13.543
13.514
13.517
13.513
13.511
13.529
13.499
13.519
13.536
13.498
13.503
13.523
13.533
13.526
13.490
13.540
13.533
13.535
13.520
13.505
13.501
13.509
13.475
13.523
13.510
13.503
13.546
13.537
13.532
13.531
13.504
13.516
13.522
13.528
13.522
13.502
13.498
13.530
13.498
13.500
13.497
13.527
13.506
13.508
13.520
13.507
13.486
13.514
13.543
13.548
13.515
13.522
13.543
13.520
13.509
13.520
13.522
13.522
13.514
13.503
13.499
13.492
13.533
13.482
13.508
13.502
13.481
13.490
13.531
13.519
13.465
13.494
13.474
13.496
13.496
13.493
13.509
13.517
13.504
13.483
13.491
13.465
13.484
13.512
13.490
13.485
13.514
13.492
13.501
13.509
13.495
13.524
13.497
13.507
13.513
13.527
13.505
13.509
13.493
13.540
13.498
13.521
13.507
13.507
13.495
13.531
13.496
13.506
13.512
13.483
13.525
13.534
13.505
13.511
13.524
13.494
13.481
13.518
13.506
13.493
13.472
13.474
13.482
13.498
13.471
13.514
13.475
13.534
13.554
13.465
13.502
13.482
13.475
13.495
13.493
13.510
13.534
13.496
13.478
13.497
13.484
13.518
13.511
13.514
13.501
13.496
13.492
13.497
13.475
13.503
13.498
13.489
13.471
13.482
13.506
13.491
13.489
13.458
13.490
13.492
13.502
13.496
13.503
13.497
13.484
13.483
13.486
13.507
13.486
13.510
13.484
13.491
13.501
13.532
13.483
13.489
13.476
13.483
13.506
13.482
13.485
13.486
13.491
13.502
13.508
13.498
13.486
13.493
13.498
13.523
13.479
13.489
13.488
13.485
13.462
13.502
13.496
13.509
13.492
13.480
13.455
13.462
13.478
13.518
13.494
13.474
13.514
13.490
13.513
13.501
13.474
13.495
13.498
13.481
13.462
13.484
13.475
13.488
13.518
13.480
13.449
13.522
13.496
13.518
13.479
13.502
13.514
13.475
13.497
13.472
13.484
13.493
13.494
13.501
13.466
13.489
13.458
13.472
13.459
13.481
13.473
13.496
13.496
13.462
13.493
13.468
13.473
13.490
13.497
13.471
13.483
13.447
13.498
13.482
13.500
13.485
13.494
13.467
13.502
13.451
13.488
