0.695
0.693
0.685
0.704
0.699
0.719
0.736
0.727
0.739
0.741
0.730
0.739
0.754
0.761
0.764
0.762
0.773
0.793
0.793
0.812
0.806
0.810
0.814
0.829
0.824
0.847
0.847
0.859
0.837
0.883
0.868
0.879
0.882
0.881
0.893
0.895
0.904
0.925
0.930
0.921
0.919
0.939
0.961
0.953
0.946
0.966
0.982
0.996
0.984
0.991
0.994
1.012
1.016
1.015
1.027
1.021
1.022
1.037
1.050
1.072
1.080
1.057
1.064
1.072
1.078
1.076
1.094
1.076
1.100
1.096
1.121
1.127
1.114
1.137
1.148
1.144
1.154
1.166
1.157
1.187
1.165
1.163
1.191
1.176
1.193
1.181
1.204
1.203
1.196
1.215
1.208
1.231
1.217
1.236
1.219
1.219
1.242
1.237
1.246
1.238
1.242
1.251
1.239
1.258
1.240
1.278
1.266
1.273
1.285
1.271
1.275
1.312
1.280
1.281
1.291
1.296
1.282
1.294
1.290
1.306
1.310
1.321
1.297
1.313
1.327
1.321
1.319
1.313
1.325
1.342
1.358
1.337
1.348
1.368
1.346
1.351
1.358
1.357
1.343
1.345
1.350
1.357
1.342
1.388
1.375
1.377
1.367
1.383
1.363
1.391
1.383
1.374
1.380
1.383
1.396
1.402
1.413
1.381
1.388
1.417
1.402
1.399
1.410
1.408
1.413
1.393
1.412
1.418
1.408
1.418
1.408
1.426
1.409
1.453
1.426
1.414
1.411
1.433
1.433
1.435
1.436
1.425
1.429
1.429
1.435
1.433
1.443
1.453
1.427
1.447
1.439
1.446
1.447
1.455
1.460
1.472
1.434
1.454
1.477
1.467
1.451
1.469
1.446
1.454
1.463
1.449
1.457
1.449
1.482
1.477
1.455
1.473
1.472
1.472
1.460
1.482
1.486
1.475
1.479
1.469
1.457
1.485
1.490
1.492
1.493
1.477
1.478
1.486
1.489
1.498
1.487
1.477
1.491
1.510
1.495
1.496
1.509
1.500
1.499
1.494
1.515
1.495
1.512
1.512
1.518
1.509
1.509
1.525
1.521
1.497
1.515
1.500
1.521
1.493
1.507
1.521
1.512
1.528
1.521
1.522
1.505
1.504
1.515
1.522
1.512
1.531
1.510
1.517
1.528
1.540
1.511
1.530
1.543
1.538
1.548
1.524
1.531
1.519
1.542
1.559
1.530
1.534
1.532
1.544
1.545
1.546
1.540
1.533
1.536
1.550
1.546
1.552
1.529
1.555
1.551
1.531
1.573
1.554
1.563
1.538
1.533
1.561
1.553
1.540
1.545
1.533
1.563
1.543
1.549
1.572
1.562
1.548
1.550
1.569
1.546
1.577
1.568
1.574
1.565
1.577
1.568
1.573
1.568
1.573
1.572
1.548
1.551
1.580
1.574
1.559
1.571
1.582
1.574
1.562
1.582
1.569
1.560
1.586
1.573
1.575
1.591
1.601
1.553
1.565
1.575
1.578
1.573
1.600
1.593
1.570
1.574
1.563
1.592
1.594
1.590
1.576
1.582
1.591
1.577
1.576
1.587
1.567
1.599
1.571
1.591
1.586
1.591
1.608
1.594
1.601
1.594
1.592
1.603
1.592
1.607
1.584
1.571
1.588
1.582
1.586
1.586
1.603
1.593
1.596
1.602
1.610
1.600
1.596
1.598
1.605
1.596
1.575
1.601
1.597
1.614
1.613
1.607
1.607
1.608
1.595
1.590
1.623
1.598
1.615
1.598
1.592
1.600
1.606
1.595
1.600
1.604
1.632
1.599
1.628
1.610
1.635
1.620
1.602
1.632
1.612
1.614
1.614
1.590
1.601
1.633
1.592
1.599
1.629
1.612
1.636
1.624
1.614
1.611
1.617
1.617
1.625
1.623
1.636
1.605
1.602
1.623
1.608
1.614
1.624
1.605
1.613
1.619
1.618
1.607
1.617
1.615
1.634
1.615
1.616
1.620
1.634
1.625
1.617
1.638
1.627
1.612
1.630
1.596
1.627
1.637
1.639
1.643
1.632
1.622
1.633
1.631
1.626
1.638
1.641
1.634
1.652
1.616
1.632
1.635
1.629
1.632
1.617
1.634
1.624
1.630
1.653
1.647
1.638
1.645
1.637
1.613
1.633
1.657
1.627
1.654
1.635
1.643
1.641
1.645
1.627
1.648
1.627
1.636
1.653
1.637
1.646
1.639
1.640
1.653
1.644
1.641
1.645
1.652
1.643
1.631
1.642
1.639
1.628
1.624
1.660
1.647
1.642
1.651
1.643
1.670
1.642
1.642
1.641
1.665
1.637
1.645
1.661
1.665
1.638
1.634
1.646
1.671
1.653
1.655
1.631
1.652
1.654
1.653
1.671
1.647
1.654
1.642
1.661
1.641
1.643
1.662
1.653
1.654
1.663
1.658
1.671
1.644
1.671
1.650
1.658
1.653
1.660
1.667
1.644
1.654
1.667
1.651
1.651
1.654
1.640
1.649
1.641
1.659
1.648
1.682
1.663
1.659
1.684
1.660
1.669
1.644
1.658
1.660
1.656
1.676
1.652
1.682
1.654
1.651
1.653
1.649
1.650
1.643
1.661
1.639
1.690
1.659
1.672
1.662
1.663
1.659
1.670
1.662
1.674
1.654
1.668
1.659
1.661
1.681
1.657
1.683
1.661
1.678
1.662
1.665
1.669
1.673
1.691
1.662
1.657
1.650
1.672
1.682
1.663
1.651
1.685
1.650
1.667
1.676
1.658
1.659
1.656
1.654
1.669
1.683
1.660
1.678
1.675
1.700
1.657
1.671
1.665
1.669
1.677
1.662
1.681
1.670
1.673
1.651
1.678
1.666
1.671
1.669
1.686
1.666
1.666
1.667
1.665
1.682
1.671
1.671
1.677
1.689
1.679
1.674
1.663
1.672
1.689
1.680
1.668
1.661
1.684
1.668
1.678
1.661
1.681
1.675
1.673
1.692
1.667
1.693
1.661
1.687
1.690
1.684
1.656
1.664
1.679
1.705
1.670
1.678
1.676
1.688
1.659
1.686
1.672
1.676
1.681
1.675
1.704
1.687
1.690
1.676
1.682
1.679
1.667
1.684
1.701
1.685
1.679
1.687
1.704
1.697
1.693
1.695
1.667
1.673
1.698
1.693
1.692
1.677
1.688
1.705
1.693
1.652
1.678
1.674
1.680
1.687
1.700
1.671
1.700
1.682
1.668
1.701
1.680
1.668
1.708
1.714
1.680
1.682
1.683
1.712
1.687
1.694
1.680
1.688
1.683
1.685
1.689
1.684
1.700
1.676
1.689
1.684
1.684
1.685
1.695
1.694
1.690
1.693
1.675
1.676
1.685
1.689
1.681
1.710
1.699
1.701
1.689
1.687
1.687
1.698
1.709
1.693
1.694
1.689
1.692
1.691
1.688
1.684
1.690
1.689
1.683
1.680
1.703
1.683
1.675
1.689
1.672
1.678
1.710
1.703
1.705
1.714
1.692
1.704
1.683
1.700
1.696
1.712
1.691
1.704
1.683
1.681
1.693
1.704
1.689
1.696
1.691
1.716
1.685
1.675
1.707
1.680
1.683
1.704
1.690
1.681
1.704
1.707
1.672
1.690
1.688
1.687
1.701
1.700
1.710
1.695
1.719
1.689
1.676
1.691
1.709
1.716
1.697
1.703
1.685
1.712
1.691
1.693
1.695
1.691
1.709
1.705
1.688
1.709
1.704
1.694
1.680
1.683
1.705
1.704
1.695
1.700
1.707
1.689
1.702
1.686
1.704
1.693
1.711
1.690
1.681
1.686
1.697
1.700
1.703
1.698
1.698
1.708
1.699
1.693
1.687
1.709
1.693
1.694
1.693
1.715
1.689
1.685
1.699
1.715
1.711
1.699
1.698
1.702
1.723
1.704
1.710
1.701
1.705
1.718
1.691
1.681
1.707
1.687
1.711
1.689
1.710
1.709
1.714
1.694
1.697
1.694
1.716
1.709
1.693
1.706
1.700
1.684
1.719
1.717
1.719
1.710
1.709
1.713
1.684
1.702
1.699
1.713
1.697
1.703
1.698
1.693
1.711
1.699
1.709
1.696
1.685
1.692
1.710
1.712
1.708
1.717
1.715
1.692
1.720
1.704
1.722
1.705
1.696
1.727
1.702
1.710
1.703
1.712
1.693
1.696
1.707
1.717
1.719
1.692
1.721
1.708
1.705
1.697
1.737
1.707
1.721
1.698
1.698
1.703
1.716
1.718
1.725
1.712
1.707
1.707
1.706
1.701
1.715
1.706
1.704
1.696
1.736
1.707
1.695
1.699
1.702
1.726
1.716
1.691
1.731
1.704
1.710
1.718
1.710
1.699
1.708
1.708
1.722
1.719
1.707
1.708
1.707
1.702
1.721
1.707
1.719
1.706
1.702
1.704
1.707
1.717
1.691
1.729
1.716
1.714
1.716
1.705
1.719
1.706
1.695
1.703
1.720
1.710
1.715
1.699
1.726
1.704
1.682
1.718
1.716
