7.728
8.120
8.439
8.889
9.251
9.704
10.178
10.716
11.197
11.770
12.415
13.052
13.674
14.375
15.143
15.902
16.710
17.514
18.386
19.257
20.180
21.092
22.049
23.010
23.981
24.963
25.954
26.934
27.940
28.912
29.867
30.810
31.736
32.647
33.554
34.415
35.249
36.066
36.837
37.585
38.311
39.009
39.638
40.285
40.857
41.427
41.955
42.469
42.950
43.384
43.809
44.209
44.574
44.931
45.273
45.588
45.881
46.178
46.430
46.684
46.928
47.148
47.365
47.556
47.746
47.933
48.107
48.270
48.425
48.580
48.712
48.841
48.973
49.098
49.213
49.325
49.430
49.536
49.636
49.721
49.814
49.902
49.986
50.071
50.133
50.210
50.286
50.352
50.409
50.484
50.537
50.606
50.654
50.712
50.762
50.816
50.871
50.921
50.961
51.003
51.053
51.092
51.130
51.165
51.206
51.248
51.285
51.321
51.343
51.381
51.408
51.439
51.478
51.502
51.532
51.555
51.593
51.606
51.636
51.656
51.678
51.711
51.730
51.755
51.774
51.786
51.805
51.837
51.847
51.878
51.894
51.910
51.927
51.947
51.966
51.967
51.990
51.998
52.019
52.034
52.043
52.058
52.079
52.085
52.097
52.114
52.128
52.138
52.151
52.154
52.172
52.181
52.191
52.198
52.212
52.219
52.226
52.233
52.247
52.258
52.269
52.269
52.280
52.286
52.302
52.300
52.311
52.316
52.320
52.330
52.341
52.349
52.351
52.362
52.369
52.371
52.369
52.381
52.388
52.389
52.400
52.404
52.409
52.416
52.408
52.424
52.419
52.426
52.436
52.434
52.435
52.445
52.442
52.452
52.453
52.457
52.458
52.464
52.473
52.482
52.482
52.479
52.486
52.484
52.494
52.496
52.493
52.507
52.498
52.501
52.508
52.517
52.508
52.512
52.520
52.523
52.528
52.531
52.528
52.530
52.530
52.525
52.537
52.540
52.541
52.544
52.536
52.549
52.540
52.553
52.547
52.559
52.555
52.553
52.562
52.558
52.554
52.562
52.565
52.560
52.562
52.568
52.573
52.567
52.569
52.565
52.566
52.565
52.568
52.570
52.575
52.578
52.578
52.575
52.581
52.581
52.579
52.582
52.589
52.580
52.589
52.587
52.592
52.592
52.588
52.593
52.591
52.586
52.598
52.598
52.590
52.588
52.595
52.596
52.589
52.602
52.592
52.598
52.598
52.594
52.599
52.603
52.605
52.596
52.600
52.596
52.598
52.605
52.595
52.601
52.605
52.606
52.610
52.606
52.608
52.613
52.607
52.611
52.604
52.611
52.609
52.600
52.608
52.603
52.613
52.606
52.615
52.614
52.610
52.605
52.615
52.609
52.608
52.608
52.607
52.620
52.615
52.604
52.617
52.618
52.615
52.615
52.617
52.615
52.616
52.614
52.612
52.622
52.612
52.618
52.615
52.613
52.615
52.612
52.621
52.613
52.616
52.616
52.610
52.618
52.623
52.618
52.619
52.615
52.616
52.624
52.622
52.614
52.624
52.619
52.622
52.623
52.617
52.627
52.626
52.623
52.615
52.615
52.616
52.624
52.625
52.622
52.618
52.618
52.618
52.623
52.622
52.623
52.625
52.628
52.630
52.622
52.626
52.626
52.616
52.623
52.627
52.627
52.617
52.621
52.622
52.625
52.623
52.623
52.620
52.622
52.632
52.625
52.622
52.624
52.618
52.627
52.622
52.617
52.615
52.621
52.631
52.630
52.620
52.621
52.628
52.630
52.618
52.622
52.619
52.629
52.628
52.627
52.630
52.621
52.619
52.630
52.622
52.632
52.619
52.621
52.630
52.625
52.619
52.628
52.619
52.626
52.624
52.620
52.627
52.629
52.630
52.624
52.627
52.630
52.620
52.624
52.630
52.630
52.628
52.626
52.617
52.625
52.631
52.623
52.629
52.625
52.626
52.623
52.624
52.622
52.626
52.625
52.626
52.627
52.620
52.627
52.624
52.634
52.623
52.629
52.630
52.631
52.631
52.621
52.620
52.621
52.625
52.626
52.629
52.623
52.625
52.631
52.630
52.630
52.619
52.627
52.624
52.630
52.626
52.619
52.618
52.623
52.629
52.622
52.625
52.625
52.624
52.620
52.624
52.621
52.619
52.625
52.619
52.628
52.625
52.623
52.624
52.631
52.618
52.621
52.623
52.625
52.629
52.621
52.618
52.619
52.631
52.621
52.627
52.631
52.633
52.626
52.624
52.634
52.631
52.634
52.626
52.624
52.621
52.631
52.627
52.627
52.626
52.625
52.618
52.626
52.630
52.628
52.622
52.622
52.631
52.625
52.620
52.631
52.631
52.626
52.626
52.628
52.621
52.627
52.623
52.626
52.619
52.626
52.624
52.632
52.626
52.629
52.623
52.620
52.624
52.621
52.634
52.630
52.624
52.621
52.629
52.630
52.629
52.629
52.621
52.623
52.627
52.621
52.624
52.633
52.619
52.630
52.622
52.624
52.627
52.633
52.623
52.624
52.625
52.626
52.618
52.625
52.623
52.626
52.629
52.626
52.629
52.621
52.626
52.623
52.630
52.629
52.626
52.623
52.626
52.633
52.618
52.621
52.630
52.628
52.623
52.631
52.632
52.631
52.623
52.623
52.632
52.621
52.629
52.629
52.629
52.623
52.631
52.628
52.635
52.629
52.622
52.620
52.626
52.631
52.627
52.624
52.623
52.634
52.625
52.624
52.626
52.626
52.628
52.628
52.630
52.624
52.623
52.631
52.628
52.623
52.630
52.626
52.628
52.626
52.625
52.624
52.631
52.631
52.620
52.630
52.618
52.621
52.621
52.627
52.625
52.630
52.632
52.620
52.619
52.623
52.631
52.619
52.626
52.622
52.628
52.622
52.629
52.629
52.631
52.619
52.625
52.623
52.631
52.630
52.622
52.619
52.629
52.630
52.623
52.620
52.623
52.631
52.634
52.621
52.625
52.627
52.628
52.631
52.622
52.624
52.621
52.632
52.629
52.621
52.631
52.629
52.619
52.629
52.625
52.625
52.629
52.626
52.620
52.625
52.635
52.627
52.623
52.626
52.625
52.626
52.630
52.623
52.629
52.634
52.623
52.627
52.625
52.618
52.629
52.626
52.628
52.626
52.631
52.622
52.626
52.629
52.627
52.636
52.629
52.631
52.632
52.632
52.625
52.628
52.632
52.630
52.629
52.632
52.623
52.630
52.630
52.624
52.622
52.624
52.632
52.622
52.622
52.628
52.631
52.627
52.620
52.624
52.630
52.632
52.632
52.628
52.621
52.628
52.619
52.626
52.631
52.618
52.623
52.625
52.632
52.625
52.621
52.623
52.630
52.627
52.629
52.621
52.626
52.625
52.625
52.628
52.627
52.627
52.621
52.623
52.626
52.624
52.626
52.628
52.622
52.621
52.624
52.624
52.626
52.629
52.634
52.630
52.629
52.620
52.617
52.632
52.620
52.624
52.626
52.624
52.625
52.622
52.625
52.632
52.632
52.627
52.630
52.632
52.632
52.628
52.620
52.621
52.627
52.619
52.623
52.619
52.629
52.628
52.626
52.625
52.628
52.625
52.631
52.622
52.632
52.621
52.631
52.624
52.630
52.629
52.627
52.632
52.633
52.634
52.629
52.627
52.619
52.621
52.629
52.625
52.620
52.626
52.632
52.621
52.629
52.621
52.626
52.625
52.636
52.624
52.635
52.631
52.632
52.624
52.625
52.628
52.630
52.622
52.632
52.622
52.628
52.620
52.628
52.628
52.622
52.634
52.628
52.627
52.625
52.623
52.631
52.631
52.625
52.619
52.630
52.632
52.626
52.625
52.622
52.622
52.632
52.629
52.628
52.621
52.631
52.625
52.631
52.630
52.624
52.622
52.622
52.628
52.621
52.629
52.627
52.621
52.626
52.629
52.630
52.626
52.622
52.628
52.625
52.622
52.621
52.619
52.624
52.628
52.622
52.618
52.628
52.619
52.630
52.626
52.631
52.620
52.619
52.631
52.627
52.626
52.623
52.632
52.625
52.626
52.631
52.619
52.627
52.626
52.624
52.624
52.623
52.629
52.620
52.627
52.622
52.631
52.627
52.627
52.623
52.631
52.623
52.629
52.626
52.621
52.625
52.618
52.631
52.623
52.624
52.623
52.630
52.628
52.629
52.621
52.620
52.618
52.626
52.629
52.618
52.625
52.629
52.629
52.628
52.620
52.626
52.627
52.627
52.622
52.626
52.630
52.633
52.622
52.619
52.626
52.619
52.624
52.626
52.622
52.630
52.623
52.630
52.622
52.623
52.625
52.623
52.621
52.629
52.625
52.620
52.629
52.626
52.630
52.632
52.622
52.627
52.630
52.628
52.634
52.624
52.620
52.629
52.617
52.623
52.625
52.629
52.618
52.625
52.621
52.625
52.621
52.627
52.625
52.626
52.631
52.634
52.631
52.632
52.626
52.627
52.625
52.632
52.623
52.621
52.626
52.624
52.629
52.622
52.623
52.626
52.624
52.629
52.621
52.626
52.625
52.619
52.625
