-0.399 -0.411 -0.409 -0.411 -0.391 -0.397 -0.387 -0.328 -0.187 0.188 -0.185 -0.226 -0.340 -0.223 -0.181 -0.254 -0.291 -0.332 -0.367 -0.261 -0.350 -0.244 -0.275 -0.372 -0.140 -0.248 -0.267 -0.373 -0.392 -0.412 -0.396 -0.345 -0.225 -0.269 0.224 0.217 0.268 0.254 0.019 -0.285 -0.193 0.012 0.122 0.183 0.239 0.251 0.295 0.250 0.218 0.135
-0.411 -0.426 -0.423 -0.425 -0.402 -0.409 -0.398 -0.333 -0.179 0.233 -0.176 -0.221 -0.345 -0.218 -0.170 -0.251 -0.291 -0.337 -0.376 -0.258 -0.357 -0.240 -0.274 -0.381 -0.125 -0.244 -0.265 -0.382 -0.404 -0.427 -0.409 -0.351 -0.220 -0.268 0.273 0.266 0.323 0.307 0.048 -0.286 -0.184 0.040 0.161 0.228 0.290 0.303 0.351 0.302 0.267 0.175
-0.409 -0.423 -0.421 -0.422 -0.401 -0.407 -0.397 -0.333 -0.182 0.220 -0.180 -0.223 -0.345 -0.220 -0.174 -0.253 -0.292 -0.337 -0.375 -0.260 -0.356 -0.242 -0.276 -0.380 -0.130 -0.246 -0.266 -0.380 -0.402 -0.424 -0.407 -0.351 -0.222 -0.269 0.259 0.252 0.307 0.291 0.039 -0.287 -0.188 0.031 0.149 0.214 0.275 0.287 0.335 0.287 0.252 0.163
-0.411 -0.425 -0.422 -0.424 -0.402 -0.408 -0.398 -0.333 -0.181 0.224 -0.179 -0.223 -0.346 -0.220 -0.173 -0.253 -0.292 -0.337 -0.376 -0.260 -0.357 -0.242 -0.276 -0.381 -0.129 -0.246 -0.266 -0.381 -0.403 -0.426 -0.408 -0.351 -0.222 -0.269 0.264 0.257 0.312 0.297 0.042 -0.287 -0.187 0.034 0.153 0.219 0.280 0.293 0.341 0.292 0.257 0.167
-0.391 -0.402 -0.401 -0.402 -0.384 -0.389 -0.380 -0.323 -0.186 0.178 -0.184 -0.224 -0.334 -0.221 -0.180 -0.252 -0.287 -0.327 -0.361 -0.258 -0.344 -0.241 -0.271 -0.365 -0.141 -0.246 -0.264 -0.366 -0.385 -0.403 -0.389 -0.339 -0.223 -0.265 0.213 0.206 0.256 0.242 0.014 -0.281 -0.192 0.007 0.114 0.173 0.227 0.239 0.281 0.238 0.207 0.126
-0.397 -0.409 -0.407 -0.408 -0.389 -0.394 -0.385 -0.326 -0.186 0.188 -0.184 -0.224 -0.338 -0.222 -0.180 -0.253 -0.289 -0.330 -0.365 -0.259 -0.348 -0.242 -0.273 -0.370 -0.139 -0.247 -0.265 -0.370 -0.390 -0.409 -0.394 -0.343 -0.224 -0.267 0.224 0.217 0.268 0.254 0.020 -0.283 -0.192 0.013 0.122 0.183 0.239 0.250 0.294 0.249 0.218 0.135
-0.387 -0.398 -0.397 -0.398 -0.380 -0.385 -0.376 -0.320 -0.184 0.177 -0.182 -0.222 -0.331 -0.219 -0.179 -0.249 -0.284 -0.324 -0.358 -0.255 -0.341 -0.239 -0.268 -0.362 -0.139 -0.244 -0.262 -0.363 -0.381 -0.399 -0.385 -0.336 -0.221 -0.262 0.212 0.205 0.254 0.240 0.014 -0.279 -0.190 0.007 0.114 0.172 0.225 0.237 0.279 0.236 0.205 0.125
-0.328 -0.333 -0.333 -0.333 -0.323 -0.326 -0.320 -0.276 -0.166 0.125 -0.165 -0.198 -0.286 -0.197 -0.166 -0.223 -0.252 -0.280 -0.308 -0.227 -0.294 -0.213 -0.235 -0.309 -0.136 -0.221 -0.235 -0.312 -0.324 -0.333 -0.326 -0.290 -0.199 -0.230 0.153 0.146 0.183 0.174 -0.007 -0.244 -0.172 -0.012 0.074 0.121 0.162 0.171 0.202 0.169 0.146 0.082
-0.187 -0.179 -0.182 -0.181 -0.186 -0.186 -0.184 -0.166 -0.102 0.056 -0.103 -0.125 -0.173 -0.126 -0.116 -0.148 -0.165 -0.171 -0.186 -0.145 -0.178 -0.138 -0.143 -0.181 -0.102 -0.151 -0.158 -0.188 -0.187 -0.176 -0.185 -0.176 -0.129 -0.140 0.071 0.064 0.078 0.077 -0.018 -0.150 -0.111 -0.020 0.028 0.055 0.070 0.075 0.086 0.072 0.062 0.028
0.188 0.233 0.220 0.224 0.178 0.188 0.177 0.125 0.056 -0.160 0.051 0.059 0.124 0.052 0.005 0.044 0.062 0.117 0.136 0.065 0.129 0.054 0.094 0.158 -0.027 0.025 0.040 0.141 0.177 0.242 0.190 0.126 0.048 0.093 -0.183 -0.190 -0.240 -0.219 -0.071 0.093 0.041 -0.065 -0.125 -0.155 -0.209 -0.217 -0.262 -0.223 -0.195 -0.145
-0.185 -0.176 -0.180 -0.179 -0.184 -0.184 -0.182 -0.165 -0.103 0.051 -0.103 -0.125 -0.172 -0.127 -0.117 -0.148 -0.164 -0.170 -0.185 -0.145 -0.177 -0.138 -0.143 -0.180 -0.103 -0.152 -0.158 -0.186 -0.185 -0.174 -0.183 -0.174 -0.129 -0.140 0.065 0.058 0.071 0.070 -0.021 -0.150 -0.112 -0.024 0.023 0.049 0.064 0.069 0.079 0.066 0.056 0.023
-0.226 -0.221 -0.223 -0.223 -0.224 -0.224 -0.222 -0.198 -0.125 0.059 -0.125 -0.150 -0.206 -0.150 -0.136 -0.173 -0.192 -0.203 -0.220 -0.171 -0.211 -0.163 -0.172 -0.217 -0.118 -0.175 -0.183 -0.223 -0.225 -0.219 -0.224 -0.209 -0.153 -0.168 0.077 0.070 0.089 0.086 -0.026 -0.179 -0.133 -0.029 0.026 0.057 0.079 0.084 0.100 0.082 0.069 0.029
-0.340 -0.345 -0.345 -0.346 -0.334 -0.338 -0.331 -0.286 -0.173 0.124 -0.172 -0.206 -0.296 -0.204 -0.173 -0.231 -0.260 -0.290 -0.318 -0.235 -0.304 -0.221 -0.244 -0.320 -0.141 -0.228 -0.243 -0.322 -0.335 -0.345 -0.337 -0.300 -0.206 -0.238 0.153 0.146 0.184 0.175 -0.010 -0.253 -0.179 -0.016 0.072 0.120 0.163 0.172 0.204 0.170 0.146 0.081
-0.223 -0.218 -0.220 -0.220 -0.221 -0.222 -0.219 -0.197 -0.126 0.052 -0.127 -0.150 -0.204 -0.151 -0.137 -0.173 -0.191 -0.201 -0.219 -0.171 -0.210 -0.163 -0.171 -0.215 -0.120 -0.175 -0.183 -0.221 -0.222 -0.215 -0.221 -0.207 -0.153 -0.168 0.068 0.061 0.080 0.077 -0.031 -0.179 -0.134 -0.034 0.020 0.050 0.070 0.075 0.090 0.073 0.060 0.022
-0.181 -0.170 -0.174 -0.173 -0.180 -0.180 -0.179 -0.166 -0.116 0.005 -0.117 -0.136 -0.173 -0.137 -0.132 -0.157 -0.170 -0.171 -0.183 -0.153 -0.177 -0.147 -0.149 -0.178 -0.122 -0.161 -0.165 -0.184 -0.181 -0.167 -0.179 -0.175 -0.140 -0.146 0.016 0.010 0.019 0.019 -0.053 -0.155 -0.125 -0.054 -0.017 0.004 0.014 0.018 0.025 0.015 0.008 -0.018
-0.254 -0.251 -0.253 -0.253 -0.252 -0.253 -0.249 -0.223 -0.148 0.044 -0.148 -0.173 -0.231 -0.173 -0.157 -0.195 -0.215 -0.228 -0.246 -0.194 -0.237 -0.186 -0.196 -0.244 -0.138 -0.196 -0.205 -0.249 -0.253 -0.249 -0.252 -0.234 -0.175 -0.192 0.063 0.056 0.077 0.073 -0.044 -0.203 -0.156 -0.048 0.010 0.042 0.066 0.071 0.089 0.069 0.055 0.013
-0.291 -0.291 -0.292 -0.292 -0.287 -0.289 -0.284 -0.252 -0.165 0.062 -0.164 -0.192 -0.260 -0.191 -0.170 -0.215 -0.237 -0.256 -0.278 -0.215 -0.267 -0.205 -0.220 -0.277 -0.146 -0.214 -0.225 -0.281 -0.288 -0.290 -0.288 -0.264 -0.193 -0.216 0.084 0.077 0.104 0.099 -0.041 -0.228 -0.171 -0.045 0.022 0.059 0.089 0.096 0.119 0.094 0.077 0.027
-0.332 -0.337 -0.337 -0.337 -0.327 -0.330 -0.324 -0.280 -0.171 0.117 -0.170 -0.203 -0.290 -0.201 -0.171 -0.228 -0.256 -0.284 -0.312 -0.231 -0.298 -0.218 -0.239 -0.313 -0.141 -0.225 -0.239 -0.316 -0.328 -0.337 -0.330 -0.294 -0.204 -0.234 0.145 0.138 0.175 0.166 -0.013 -0.248 -0.177 -0.019 0.066 0.113 0.154 0.163 0.194 0.161 0.138 0.074
-0.367 -0.376 -0.375 -0.376 -0.361 -0.365 -0.358 -0.308 -0.186 0.136 -0.185 -0.220 -0.318 -0.219 -0.183 -0.246 -0.278 -0.312 -0.342 -0.251 -0.327 -0.236 -0.262 -0.345 -0.148 -0.242 -0.258 -0.347 -0.362 -0.376 -0.365 -0.323 -0.221 -0.256 0.167 0.161 0.204 0.192 -0.009 -0.271 -0.192 -0.015 0.080 0.132 0.179 0.189 0.226 0.188 0.161 0.090
-0.261 -0.258 -0.260 -0.260 -0.258 -0.259 -0.255 -0.227 -0.145 0.065 -0.145 -0.171 -0.235 -0.171 -0.153 -0.194 -0.215 -0.231 -0.251 -0.194 -0.241 -0.185 -0.197 -0.249 -0.132 -0.195 -0.204 -0.254 -0.259 -0.257 -0.259 -0.238 -0.174 -0.193 0.085 0.078 0.102 0.097 -0.032 -0.204 -0.153 -0.035 0.027 0.062 0.088 0.095 0.115 0.093 0.077 0.031
-0.350 -0.357 -0.356 -0.357 -0.344 -0.348 -0.341 -0.294 -0.178 0.129 -0.177 -0.211 -0.304 -0.210 -0.177 -0.237 -0.267 -0.298 -0.327 -0.241 -0.313 -0.227 -0.251 -0.329 -0.144 -0.234 -0.248 -0.331 -0.345 -0.357 -0.348 -0.309 -0.212 -0.245 0.159 0.152 0.192 0.182 -0.010 -0.260 -0.184 -0.016 0.075 0.125 0.169 0.179 0.213 0.177 0.152 0.084
-0.244 -0.240 -0.242 -0.242 -0.241 -0.242 -0.239 -0.213 -0.138 0.054 -0.138 -0.163 -0.221 -0.163 -0.147 -0.186 -0.205 -0.218 -0.236 -0.185 -0.227 -0.176 -0.186 -0.234 -0.129 -0.187 -0.195 -0.239 -0.242 -0.238 -0.241 -0.224 -0.166 -0.182 0.072 0.065 0.086 0.082 -0.035 -0.194 -0.146 -0.038 0.019 0.052 0.075 0.080 0.097 0.078 0.064 0.022
-0.275 -0.274 -0.276 -0.276 -0.271 -0.273 -0.268 -0.235 -0.143 0.094 -0.143 -0.172 -0.244 -0.171 -0.149 -0.196 -0.220 -0.239 -0.262 -0.197 -0.251 -0.186 -0.201 -0.261 -0.125 -0.196 -0.207 -0.265 -0.272 -0.273 -0.273 -0.247 -0.174 -0.197 0.117 0.110 0.138 0.132 -0.014 -0.209 -0.151 -0.018 0.052 0.092 0.123 0.130 0.153 0.128 0.110 0.057
-0.372 -0.381 -0.380 -0.381 -0.365 -0.370 -0.362 -0.309 -0.181 0.158 -0.180 -0.217 -0.320 -0.215 -0.178 -0.244 -0.277 -0.313 -0.345 -0.249 -0.329 -0.234 -0.261 -0.348 -0.141 -0.239 -0.256 -0.350 -0.366 -0.382 -0.370 -0.325 -0.217 -0.255 0.191 0.184 0.229 0.217 0.005 -0.271 -0.187 -0.002 0.098 0.153 0.203 0.214 0.252 0.213 0.184 0.109
-0.140 -0.125 -0.130 -0.129 -0.141 -0.139 -0.139 -0.136 -0.102 -0.027 -0.103 -0.118 -0.141 -0.120 -0.122 -0.138 -0.146 -0.141 -0.148 -0.132 -0.144 -0.129 -0.125 -0.141 -0.117 -0.144 -0.146 -0.149 -0.142 -0.121 -0.138 -0.143 -0.123 -0.123 -0.020 -0.027 -0.026 -0.023 -0.064 -0.130 -0.111 -0.065 -0.041 -0.027 -0.025 -0.024 -0.023 -0.026 -0.029 -0.044
-0.248 -0.244 -0.246 -0.246 -0.246 -0.247 -0.244 -0.221 -0.151 0.025 -0.152 -0.175 -0.228 -0.175 -0.161 -0.196 -0.214 -0.225 -0.242 -0.195 -0.234 -0.187 -0.196 -0.239 -0.144 -0.197 -0.205 -0.244 -0.247 -0.242 -0.246 -0.231 -0.177 -0.192 0.042 0.036 0.054 0.051 -0.056 -0.203 -0.159 -0.059 -0.006 0.023 0.044 0.049 0.065 0.047 0.035 -0.004
-0.267 -0.265 -0.266 -0.266 -0.264 -0.265 -0.262 -0.235 -0.158 0.040 -0.158 -0.183 -0.243 -0.183 -0.165 -0.205 -0.225 -0.239 -0.258 -0.204 -0.248 -0.195 -0.207 -0.256 -0.146 -0.205 -0.214 -0.261 -0.265 -0.263 -0.265 -0.246 -0.185 -0.203 0.059 0.053 0.075 0.071 -0.051 -0.214 -0.165 -0.054 0.005 0.038 0.063 0.068 0.087 0.067 0.052 0.009
-0.373 -0.382 -0.380 -0.381 -0.366 -0.370 -0.363 -0.312 -0.188 0.141 -0.186 -0.223 -0.322 -0.221 -0.184 -0.249 -0.281 -0.316 -0.347 -0.254 -0.331 -0.239 -0.265 -0.350 -0.149 -0.244 -0.261 -0.351 -0.367 -0.382 -0.370 -0.327 -0.223 -0.259 0.173 0.166 0.210 0.198 -0.007 -0.274 -0.194 -0.014 0.083 0.137 0.185 0.195 0.232 0.194 0.167 0.094
-0.392 -0.404 -0.402 -0.403 -0.385 -0.390 -0.381 -0.324 -0.187 0.177 -0.185 -0.225 -0.335 -0.222 -0.181 -0.253 -0.288 -0.328 -0.362 -0.259 -0.345 -0.242 -0.272 -0.366 -0.142 -0.247 -0.265 -0.367 -0.386 -0.404 -0.390 -0.340 -0.224 -0.266 0.212 0.205 0.254 0.241 0.013 -0.282 -0.193 0.006 0.113 0.172 0.226 0.237 0.279 0.236 0.206 0.125
-0.412 -0.427 -0.424 -0.426 -0.403 -0.409 -0.399 -0.333 -0.176 0.242 -0.174 -0.219 -0.345 -0.215 -0.167 -0.249 -0.290 -0.337 -0.376 -0.257 -0.357 -0.238 -0.273 -0.382 -0.121 -0.242 -0.263 -0.382 -0.404 -0.428 -0.409 -0.351 -0.218 -0.266 0.283 0.276 0.333 0.317 0.055 -0.285 -0.182 0.046 0.169 0.237 0.300 0.313 0.362 0.312 0.276 0.184
-0.396 -0.409 -0.407 -0.408 -0.389 -0.394 -0.385 -0.326 -0.185 0.190 -0.183 -0.224 -0.337 -0.221 -0.179 -0.252 -0.288 -0.330 -0.365 -0.259 -0.348 -0.241 -0.273 -0.370 -0.138 -0.246 -0.265 -0.370 -0.390 -0.409 -0.394 -0.342 -0.223 -0.266 0.226 0.219 0.270 0.256 0.021 -0.283 -0.191 0.014 0.124 0.185 0.241 0.252 0.296 0.252 0.220 0.137
-0.345 -0.351 -0.351 -0.351 -0.339 -0.343 -0.336 -0.290 -0.176 0.126 -0.174 -0.209 -0.300 -0.207 -0.175 -0.234 -0.264 -0.294 -0.323 -0.238 -0.309 -0.224 -0.247 -0.325 -0.143 -0.231 -0.246 -0.327 -0.340 -0.351 -0.342 -0.304 -0.209 -0.242 0.155 0.148 0.187 0.177 -0.010 -0.256 -0.182 -0.016 0.073 0.122 0.165 0.174 0.208 0.173 0.148 0.082
-0.225 -0.220 -0.222 -0.222 -0.223 -0.224 -0.221 -0.199 -0.129 0.048 -0.129 -0.153 -0.206 -0.153 -0.140 -0.175 -0.193 -0.204 -0.221 -0.174 -0.212 -0.166 -0.174 -0.217 -0.123 -0.177 -0.185 -0.223 -0.224 -0.218 -0.223 -0.209 -0.156 -0.170 0.064 0.058 0.076 0.073 -0.034 -0.181 -0.137 -0.037 0.016 0.046 0.066 0.071 0.086 0.069 0.057 0.018
-0.269 -0.268 -0.269 -0.269 -0.265 -0.267 -0.262 -0.230 -0.140 0.093 -0.140 -0.168 -0.238 -0.168 -0.146 -0.192 -0.216 -0.234 -0.256 -0.193 -0.245 -0.182 -0.197 -0.255 -0.123 -0.192 -0.203 -0.259 -0.266 -0.266 -0.266 -0.242 -0.170 -0.192 0.115 0.108 0.135 0.129 -0.014 -0.205 -0.147 -0.018 0.051 0.090 0.120 0.127 0.150 0.125 0.107 0.056
0.224 0.273 0.259 0.264 0.213 0.224 0.212 0.153 0.071 -0.183 0.065 0.077 0.153 0.068 0.016 0.063 0.084 0.145 0.167 0.085 0.159 0.072 0.117 0.191 -0.020 0.042 0.059 0.173 0.212 0.283 0.226 0.155 0.064 0.115 -0.209 -0.217 -0.273 -0.250 -0.078 0.116 0.055 -0.071 -0.141 -0.177 -0.238 -0.247 -0.297 -0.253 -0.222 -0.163
0.217 0.266 0.252 0.257 0.206 0.217 0.205 0.146 0.064 -0.190 0.058 0.070 0.146 0.061 0.010 0.056 0.077 0.138 0.161 0.078 0.152 0.065 0.110 0.184 -0.027 0.036 0.053 0.166 0.205 0.276 0.219 0.148 0.058 0.108 -0.217 -0.224 -0.279 -0.257 -0.085 0.109 0.049 -0.078 -0.148 -0.184 -0.245 -0.255 -0.304 -0.260 -0.229 -0.170
0.268 0.323 0.307 0.312 0.256 0.268 0.254 0.183 0.078 -0.240 0.071 0.089 0.184 0.080 0.019 0.077 0.104 0.175 0.204 0.102 0.192 0.086 0.138 0.229 -0.026 0.054 0.075 0.210 0.254 0.333 0.270 0.187 0.076 0.135 -0.273 -0.279 -0.346 -0.319 -0.107 0.138 0.062 -0.098 -0.187 -0.233 -0.305 -0.317 -0.375 -0.323 -0.285 -0.212
0.254 0.307 0.291 0.297 0.242 0.254 0.240 0.174 0.077 -0.219 0.070 0.086 0.175 0.077 0.019 0.073 0.099 0.166 0.192 0.097 0.182 0.082 0.132 0.217 -0.023 0.051 0.071 0.198 0.241 0.317 0.256 0.177 0.073 0.129 -0.250 -0.257 -0.319 -0.294 -0.095 0.132 0.061 -0.087 -0.170 -0.212 -0.280 -0.292 -0.347 -0.297 -0.262 -0.194
0.019 0.048 0.039 0.042 0.014 0.020 0.014 -0.007 -0.018 -0.071 -0.021 -0.026 -0.010 -0.031 -0.053 -0.044 -0.041 -0.013 -0.009 -0.032 -0.010 -0.035 -0.014 0.005 -0.064 -0.056 -0.051 -0.007 0.013 0.055 0.021 -0.010 -0.034 -0.014 -0.078 -0.085 -0.107 -0.095 -0.053 -0.018 -0.030 -0.051 -0.064 -0.069 -0.092 -0.095 -0.115 -0.099 -0.088 -0.075
-0.285 -0.286 -0.287 -0.287 -0.281 -0.283 -0.279 -0.244 -0.150 0.093 -0.150 -0.179 -0.253 -0.179 -0.155 -0.203 -0.228 -0.248 -0.271 -0.204 -0.260 -0.194 -0.209 -0.271 -0.130 -0.203 -0.214 -0.274 -0.282 -0.285 -0.283 -0.256 -0.181 -0.205 0.116 0.109 0.138 0.132 -0.018 -0.218 -0.158 -0.023 0.050 0.090 0.122 0.129 0.154 0.127 0.109 0.055
-0.193 -0.184 -0.188 -0.187 -0.192 -0.192 -0.190 -0.172 -0.111 0.041 -0.112 -0.133 -0.179 -0.134 -0.125 -0.156 -0.171 -0.177 -0.192 -0.153 -0.184 -0.146 -0.151 -0.187 -0.111 -0.159 -0.165 -0.194 -0.193 -0.182 -0.191 -0.182 -0.137 -0.147 0.055 0.049 0.062 0.061 -0.030 -0.158 -0.120 -0.032 0.014 0.040 0.055 0.059 0.070 0.057 0.047 0.014
0.012 0.040 0.031 0.034 0.007 0.013 0.007 -0.012 -0.020 -0.065 -0.024 -0.029 -0.016 -0.034 -0.054 -0.048 -0.045 -0.019 -0.015 -0.035 -0.016 -0.038 -0.018 -0.002 -0.065 -0.059 -0.054 -0.014 0.006 0.046 0.014 -0.016 -0.037 -0.018 -0.071 -0.078 -0.098 -0.087 -0.051 -0.023 -0.032 -0.049 -0.059 -0.063 -0.085 -0.087 -0.106 -0.091 -0.081 -0.070
0.122 0.161 0.149 0.153 0.114 0.122 0.114 0.074 0.028 -0.125 0.023 0.026 0.072 0.020 -0.017 0.010 0.022 0.066 0.080 0.027 0.075 0.019 0.052 0.098 -0.041 -0.006 0.005 0.083 0.113 0.169 0.124 0.073 0.016 0.051 -0.141 -0.148 -0.187 -0.170 -0.064 0.050 0.014 -0.059 -0.100 -0.120 -0.162 -0.168 -0.203 -0.173 -0.152 -0.117
0.183 0.228 0.214 0.219 0.173 0.183 0.172 0.121 0.055 -0.155 0.049 0.057 0.120 0.050 0.004 0.042 0.059 0.113 0.132 0.062 0.125 0.052 0.092 0.153 -0.027 0.023 0.038 0.137 0.172 0.237 0.185 0.122 0.046 0.090 -0.177 -0.184 -0.233 -0.212 -0.069 0.090 0.040 -0.063 -0.120 -0.150 -0.202 -0.211 -0.254 -0.216 -0.189 -0.141
0.239 0.290 0.275 0.280 0.227 0.239 0.225 0.162 0.070 -0.209 0.064 0.079 0.163 0.070 0.014 0.066 0.089 0.154 0.179 0.088 0.169 0.075 0.123 0.203 -0.025 0.044 0.063 0.185 0.226 0.300 0.241 0.165 0.066 0.120 -0.238 -0.245 -0.305 -0.280 -0.092 0.122 0.055 -0.085 -0.162 -0.202 -0.267 -0.278 -0.331 -0.284 -0.250 -0.186
0.251 0.303 0.287 0.293 0.239 0.250 0.237 0.171 0.075 -0.217 0.069 0.084 0.172 0.075 0.018 0.071 0.096 0.163 0.189 0.095 0.179 0.080 0.130 0.214 -0.024 0.049 0.068 0.195 0.237 0.313 0.252 0.174 0.071 0.127 -0.247 -0.255 -0.317 -0.292 -0.095 0.129 0.059 -0.087 -0.168 -0.211 -0.278 -0.289 -0.344 -0.295 -0.260 -0.193
0.295 0.351 0.335 0.341 0.281 0.294 0.279 0.202 0.086 -0.262 0.079 0.100 0.204 0.090 0.025 0.089 0.119 0.194 0.226 0.115 0.213 0.097 0.153 0.252 -0.023 0.065 0.087 0.232 0.279 0.362 0.296 0.208 0.086 0.150 -0.297 -0.304 -0.375 -0.347 -0.115 0.154 0.070 -0.106 -0.203 -0.254 -0.331 -0.344 -0.408 -0.351 -0.311 -0.230
0.250 0.302 0.287 0.292 0.238 0.249 0.236 0.169 0.072 -0.223 0.066 0.082 0.170 0.073 0.015 0.069 0.094 0.161 0.188 0.093 0.177 0.078 0.128 0.213 -0.026 0.047 0.067 0.194 0.236 0.312 0.252 0.173 0.069 0.125 -0.253 -0.260 -0.323 -0.297 -0.099 0.127 0.057 -0.091 -0.173 -0.216 -0.284 -0.295 -0.351 -0.301 -0.266 -0.198
0.218 0.267 0.252 0.257 0.207 0.218 0.205 0.146 0.062 -0.195 0.056 0.069 0.146 0.060 0.008 0.055 0.077 0.138 0.161 0.077 0.152 0.064 0.110 0.184 -0.029 0.035 0.052 0.167 0.206 0.276 0.220 0.148 0.057 0.107 -0.222 -0.229 -0.285 -0.262 -0.088 0.109 0.047 -0.081 -0.152 -0.189 -0.250 -0.260 -0.311 -0.266 -0.235 -0.175
0.135 0.175 0.163 0.167 0.126 0.135 0.125 0.082 0.028 -0.145 0.023 0.029 0.081 0.022 -0.018 0.013 0.027 0.074 0.090 0.031 0.084 0.022 0.057 0.109 -0.044 -0.004 0.009 0.094 0.125 0.184 0.137 0.082 0.018 0.056 -0.163 -0.170 -0.212 -0.194 -0.075 0.055 0.014 -0.070 -0.117 -0.141 -0.186 -0.193 -0.230 -0.198 -0.175 -0.134
