5.001
5.278
5.572
5.549
5.946
6.507
6.663
7.027
7.525
7.923
8.492
8.855
9.205
9.907
10.278
10.952
11.582
12.086
12.714
13.335
13.956
14.636
15.372
16.076
16.765
17.362
18.147
18.862
19.601
20.199
20.902
21.537
22.290
22.921
23.580
24.035
24.811
25.367
25.906
26.634
26.968
27.687
28.014
28.526
28.911
29.316
29.902
30.131
30.532
30.749
31.094
31.311
31.665
31.965
32.194
32.461
32.631
32.920
33.028
33.110
33.372
33.611
33.760
33.701
33.874
34.137
34.244
34.372
34.525
34.614
34.644
34.758
34.863
34.825
35.017
35.101
35.250
35.183
35.194
35.333
35.516
35.470
35.413
35.606
35.632
35.784
35.689
35.828
35.903
35.890
35.980
35.972
36.000
36.126
36.046
36.136
36.105
36.161
36.190
36.411
36.286
36.338
36.315
36.296
36.397
36.414
36.480
36.393
36.419
36.540
36.358
36.595
36.552
36.589
36.487
36.689
36.571
36.580
36.713
36.644
36.664
36.687
36.584
36.414
36.732
36.785
36.743
36.638
36.867
36.621
36.850
36.839
36.830
36.786
36.924
36.674
36.774
36.888
36.807
36.649
36.832
36.921
36.912
36.839
36.840
36.989
36.976
36.884
36.812
36.976
36.823
36.976
36.957
36.889
36.949
37.094
36.996
36.955
37.132
36.989
37.076
37.117
37.051
37.159
36.998
37.152
37.006
37.130
36.941
37.157
37.132
37.125
36.999
37.069
36.961
37.002
36.960
37.128
37.145
37.026
37.062
37.007
37.173
37.137
37.192
37.243
37.163
37.232
37.013
36.820
37.034
37.094
37.204
37.211
37.242
37.218
37.092
37.088
37.136
37.185
37.019
37.240
37.049
37.166
37.054
37.178
37.021
37.072
37.271
37.200
37.289
37.211
37.248
37.166
37.020
37.171
37.299
37.115
37.123
37.215
37.098
37.120
37.186
37.140
37.232
37.237
37.192
37.192
37.217
37.146
37.286
37.133
37.144
37.176
37.111
37.156
37.286
37.260
37.258
37.194
37.249
37.177
37.173
37.084
37.074
37.285
37.091
37.285
37.319
37.242
37.196
37.235
37.231
37.156
37.309
37.317
37.195
37.301
37.187
37.136
37.185
37.125
37.320
37.026
37.198
37.260
37.176
37.201
37.268
37.170
37.172
37.186
37.159
37.164
37.365
37.167
37.284
37.304
37.298
37.279
37.287
37.280
37.307
37.269
37.184
37.217
37.230
37.282
37.194
37.045
37.302
37.213
37.165
37.232
37.222
37.291
37.316
37.262
37.302
37.023
37.351
37.286
37.234
37.401
37.149
37.176
37.171
37.150
37.249
37.352
37.416
37.306
37.272
37.163
37.134
37.139
37.206
37.176
37.223
37.218
37.308
37.230
37.275
37.345
37.215
37.181
37.336
37.210
37.182
37.117
37.319
37.277
37.306
37.248
37.272
37.184
37.316
37.256
37.401
37.321
37.269
37.350
37.308
37.215
37.328
37.276
37.150
37.162
37.286
37.108
37.302
36.984
37.348
37.134
37.278
37.204
37.363
37.265
37.264
37.183
37.291
37.227
37.332
37.242
37.296
37.198
37.282
37.140
37.251
37.327
37.223
37.233
37.181
37.069
37.235
37.158
37.205
37.065
37.312
37.124
37.157
37.167
37.280
37.361
37.138
37.252
37.229
37.239
37.339
37.201
37.047
37.315
37.058
37.150
37.193
37.240
37.295
37.238
37.184
37.275
37.192
37.129
37.310
37.198
37.269
37.290
37.093
37.301
37.179
37.303
37.338
37.314
37.227
37.183
37.308
37.291
37.247
37.342
37.262
37.025
37.360
37.292
37.328
37.267
37.219
37.311
37.121
37.094
37.293
37.074
37.213
37.258
37.180
37.121
37.198
37.246
37.311
37.081
37.283
37.146
37.170
37.332
37.013
37.264
37.232
37.195
37.164
37.241
37.199
37.307
37.328
37.170
37.007
37.365
37.368
37.319
37.093
37.246
37.219
37.132
37.150
37.288
37.348
37.238
37.215
37.185
37.253
37.065
37.044
37.158
37.262
37.276
37.213
37.090
37.312
37.170
37.314
37.133
37.302
37.345
37.198
37.253
37.039
37.156
37.392
37.336
37.023
37.329
37.305
37.294
37.090
37.255
37.413
37.199
37.245
37.253
37.087
37.303
37.182
37.282
37.228
37.228
37.277
37.201
37.254
37.250
37.110
37.013
37.202
37.280
37.337
37.252
37.267
37.178
37.143
37.270
37.184
37.223
37.234
37.170
37.246
37.289
37.112
37.255
37.281
37.230
37.169
37.335
37.284
37.238
37.167
37.305
37.307
37.264
37.277
37.325
37.225
37.303
37.311
37.279
37.190
37.144
37.169
37.319
37.284
37.335
37.170
37.196
37.245
37.101
37.282
37.104
37.341
37.157
37.273
37.264
37.319
37.311
37.038
37.260
37.208
37.251
37.291
37.177
37.264
37.237
37.347
37.140
37.293
37.233
37.289
37.277
37.215
37.272
37.296
37.319
37.325
37.387
37.163
37.310
37.413
37.373
37.132
37.166
37.266
37.184
37.298
37.198
37.365
37.240
37.105
37.214
37.155
37.093
37.276
37.263
37.179
37.176
37.347
37.345
37.167
37.269
37.220
37.167
37.126
37.253
37.278
37.272
37.209
37.259
37.348
37.286
37.218
37.262
37.144
37.368
37.257
37.264
37.324
37.207
37.179
37.155
37.237
37.292
37.153
37.127
37.228
37.376
37.307
37.237
37.215
37.312
37.246
37.223
37.091
37.169
37.051
37.167
37.313
37.172
37.172
37.292
37.326
37.313
37.090
37.322
37.315
37.231
37.178
37.153
37.210
37.314
37.212
37.247
37.029
37.146
37.144
37.388
37.295
37.131
37.189
37.042
37.241
37.254
37.121
37.182
37.272
37.131
37.263
37.220
37.238
37.183
37.217
37.184
37.328
37.300
37.309
37.282
37.272
37.079
37.177
37.283
37.091
37.316
37.334
37.052
37.277
37.037
37.303
37.110
37.369
37.338
37.285
37.198
37.276
37.324
37.358
37.328
37.301
37.258
37.309
37.277
37.273
37.387
37.314
37.238
37.245
37.182
37.265
37.286
37.165
37.411
37.136
37.203
37.307
37.283
37.271
37.150
37.223
37.158
37.131
37.134
37.272
37.249
36.990
37.306
37.224
37.371
37.226
37.100
37.135
37.166
37.336
37.350
37.362
37.182
37.201
37.162
37.359
37.326
37.202
37.240
37.249
37.163
37.153
37.275
37.272
37.154
37.255
37.144
37.114
37.154
37.271
37.268
37.334
37.152
37.134
37.297
37.348
37.180
37.073
37.390
37.334
37.245
37.119
37.091
37.085
37.283
37.443
37.325
37.213
37.341
37.190
37.263
37.255
37.264
37.058
37.287
37.158
37.209
37.246
37.244
37.286
37.223
37.341
37.219
37.288
37.226
37.346
37.289
37.297
37.286
37.269
37.224
37.301
37.291
37.381
37.304
37.189
37.257
37.002
37.318
37.249
37.124
37.167
37.213
37.241
37.234
37.311
37.306
37.244
37.214
37.114
37.335
37.232
37.246
37.265
37.232
37.219
37.218
37.338
37.328
37.202
37.274
37.157
37.247
37.268
37.280
37.218
37.242
37.324
37.262
37.240
37.266
37.291
37.255
37.205
37.167
37.120
37.254
37.116
37.356
37.159
37.112
37.216
37.197
37.256
37.352
37.135
37.270
37.239
37.330
37.258
37.296
37.270
37.318
37.303
37.163
37.083
37.228
37.197
37.276
37.231
37.407
37.284
37.291
37.321
37.231
37.307
37.349
37.213
37.060
37.327
37.069
37.259
37.212
37.301
37.172
37.285
37.165
37.237
37.181
37.332
37.281
37.348
37.328
37.068
37.163
37.313
37.191
37.200
37.068
37.312
37.156
37.351
37.305
37.254
37.163
37.137
37.154
37.278
37.127
37.263
37.172
37.213
37.303
37.364
37.269
37.210
37.261
37.175
37.114
37.265
37.207
37.267
37.380
37.235
37.110
37.320
37.283
37.338
37.242
37.080
37.251
37.198
37.204
37.178
37.156
37.262
37.204
37.246
37.298
37.228
37.041
37.221
37.294
37.258
37.320
37.080
37.137
37.267
37.285
37.320
37.295
37.160
37.343
37.240
37.356
37.160
37.382
37.262
37.319
37.188
37.224
37.302
37.226
37.188
37.276
37.215
37.161
37.211
37.227
37.318
37.168
37.316
37.316
37.223
37.142
37.210
37.183
37.270
37.229
37.185
37.296
37.174
37.201
37.192
37.105
37.277
37.310
37.250
37.333
37.186
37.357
37.145
37.293
37.152
37.278
37.164
37.325
37.081
37.306
37.225
37.189
37.254
37.215
37.090
37.247
37.205
37.183
37.368
37.214
37.209
37.038
37.165
37.270
37.253
37.272
37.124
37.337
37.247
37.326
37.222
37.282
37.250
37.243
37.176
37.374
37.149
37.302
37.224
37.248
37.333
37.271
