2.142
2.150
2.155
2.171
2.199
2.213
2.222
2.230
2.253
2.271
2.286
2.297
2.316
2.339
2.340
2.354
2.379
2.393
2.404
2.406
2.438
2.459
2.462
2.482
2.501
2.512
2.537
2.548
2.561
2.576
2.589
2.611
2.622
2.639
2.644
2.663
2.675
2.698
2.719
2.729
2.740
2.757
2.768
2.783
2.798
2.815
2.835
2.846
2.861
2.880
2.891
2.921
2.914
2.936
2.955
2.960
2.972
2.996
3.015
3.028
3.052
3.050
3.070
3.082
3.098
3.112
3.125
3.153
3.165
3.174
3.192
3.213
3.212
3.237
3.251
3.263
3.284
3.296
3.306
3.317
3.343
3.352
3.353
3.373
3.404
3.405
3.425
3.430
3.447
3.473
3.475
3.495
3.514
3.523
3.531
3.553
3.573
3.578
3.590
3.599
3.610
3.630
3.645
3.657
3.665
3.679
3.684
3.706
3.725
3.731
3.737
3.758
3.774
3.786
3.806
3.817
3.827
3.833
3.852
3.866
3.871
3.889
3.891
3.895
3.916
3.931
3.934
3.963
3.952
3.964
3.990
3.992
4.013
4.029
4.036
4.040
4.038
4.067
4.083
4.080
4.093
4.106
4.116
4.137
4.145
4.150
4.144
4.168
4.173
4.184
4.191
4.208
4.204
4.226
4.227
4.243
4.255
4.270
4.269
4.273
4.293
4.291
4.309
4.311
4.330
4.333
4.336
4.355
4.365
4.363
4.379
4.389
4.378
4.399
4.403
4.415
4.426
4.431
4.432
4.437
4.464
4.463
4.465
4.473
4.480
4.487
4.498
4.495
4.508
4.525
4.525
4.526
4.533
4.538
4.544
4.559
4.573
4.570
4.575
4.581
4.595
4.587
4.605
4.605
4.616
4.626
4.617
4.631
4.629
4.641
4.644
4.660
4.657
4.668
4.665
4.674
4.680
4.684
4.697
4.700
4.704
4.707
4.702
4.715
4.719
4.727
4.721
4.743
4.747
4.754
4.755
4.755
4.763
4.778
4.774
4.778
4.781
4.789
4.795
4.789
4.804
4.813
4.801
4.812
4.814
4.814
4.818
4.834
4.839
4.829
4.849
4.841
4.846
4.843
4.854
4.863
4.861
4.874
4.879
4.878
4.880
4.885
4.878
4.890
4.893
4.891
4.905
4.904
4.898
4.908
4.915
4.909
4.919
4.917
4.928
4.918
4.929
4.938
4.930
4.938
4.947
4.951
4.954
4.964
4.956
4.955
4.961
4.966
4.963
4.970
4.976
4.979
4.982
4.973
4.994
4.990
4.986
4.983
4.997
4.990
5.002
5.003
5.001
5.004
5.005
4.995
5.016
5.017
5.016
5.017
5.010
5.019
5.027
5.029
5.028
5.031
5.024
5.041
5.048
5.054
5.050
5.035
5.055
5.050
5.057
5.065
5.061
5.063
5.061
5.058
5.060
5.068
5.065
5.072
5.075
5.075
5.061
5.084
5.079
5.074
5.092
5.088
5.084
5.080
5.082
5.088
5.103
5.087
5.087
5.092
5.105
5.103
5.118
5.105
5.112
5.105
5.109
5.103
5.107
5.117
5.118
5.118
5.111
5.120
5.125
5.119
5.124
5.120
5.133
5.114
5.137
5.131
5.135
5.126
5.134
5.141
5.135
5.136
5.142
5.143
5.146
5.137
5.138
5.146
5.147
5.160
5.157
5.155
5.149
5.164
5.156
5.154
5.157
5.150
5.157
5.162
5.152
5.162
5.165
5.168
5.173
5.166
5.169
5.167
5.171
5.169
5.164
5.173
5.165
5.166
5.178
5.173
5.188
5.176
5.171
5.174
5.174
5.180
5.185
5.172
5.178
5.181
5.183
5.187
5.188
5.189
5.186
5.187
5.193
5.194
5.189
5.194
5.176
5.195
5.192
5.194
5.193
5.199
5.203
5.198
5.196
5.198
5.200
5.201
5.205
5.209
5.214
5.203
5.206
5.206
5.201
5.210
5.208
5.204
5.211
5.210
5.205
5.198
5.211
5.214
5.212
5.222
5.211
5.214
5.218
5.221
5.225
5.207
5.208
5.220
5.212
5.218
5.224
5.233
5.216
5.224
5.216
5.222
5.225
5.212
5.226
5.227
5.244
5.225
5.229
5.229
5.226
5.218
5.222
5.229
5.226
5.221
5.235
5.219
5.236
5.232
5.240
5.219
5.232
5.234
5.225
5.224
5.232
5.241
5.236
5.230
5.238
5.238
5.236
5.235
5.234
5.247
5.239
5.241
5.234
5.230
5.230
5.235
5.224
5.240
5.237
5.242
5.238
5.245
5.251
5.231
5.248
5.245
5.236
5.237
5.237
5.249
5.237
5.245
5.246
5.246
5.240
5.247
5.237
5.245
5.247
5.250
5.251
5.253
5.248
5.247
5.248
5.247
5.249
5.253
5.242
5.245
5.251
5.256
5.247
5.266
5.248
5.261
5.255
5.255
5.249
5.251
5.256
5.261
5.256
5.256
5.259
5.248
5.237
5.252
5.247
5.255
5.262
5.249
5.258
5.251
5.259
5.255
5.251
5.253
5.250
5.258
5.261
5.261
5.255
5.261
5.263
5.259
5.246
5.261
5.265
5.255
5.254
5.260
5.251
5.259
5.265
5.263
5.257
5.257
5.264
5.264
5.273
5.264
5.262
5.266
5.264
5.258
5.259
5.271
5.255
5.265
5.264
5.266
5.263
5.267
5.266
5.260
5.262
5.258
5.268
5.270
5.272
5.263
5.265
5.259
5.263
5.272
5.265
5.267
5.260
5.265
5.264
5.256
5.262
5.262
5.266
5.270
5.273
5.267
5.266
5.265
5.268
5.261
5.270
5.280
5.273
5.277
5.265
5.268
5.252
5.268
5.273
5.273
5.277
5.268
5.266
5.276
5.274
5.254
5.266
5.274
5.273
5.260
5.273
5.274
5.261
5.277
5.273
5.271
5.277
5.273
5.264
5.281
5.272
5.277
5.267
5.275
5.291
5.260
5.277
5.272
5.264
5.267
5.274
5.271
5.261
5.273
5.279
5.267
5.272
5.274
5.282
5.260
5.278
5.265
5.269
5.274
5.265
5.279
5.274
5.279
5.271
5.276
5.270
5.271
5.275
5.268
5.280
5.280
5.279
5.275
5.270
5.268
5.279
5.287
5.273
5.280
5.269
5.286
5.274
5.264
5.271
5.276
5.276
5.275
5.273
5.273
5.264
5.277
5.274
5.286
5.287
5.273
5.287
5.272
5.269
5.285
5.281
5.277
5.267
5.273
5.283
5.270
5.280
5.284
5.277
5.279
5.279
5.277
5.279
5.284
5.270
5.267
5.273
5.280
5.275
5.267
5.265
5.285
5.275
5.279
5.277
5.265
5.279
5.279
5.286
5.288
5.289
5.275
5.278
5.281
5.282
5.281
5.277
5.283
5.273
5.276
5.272
5.278
5.276
5.283
5.271
5.266
5.280
5.282
5.274
5.284
5.272
5.269
5.269
5.286
5.292
5.274
5.272
5.276
5.278
5.268
5.281
5.278
5.288
5.283
5.280
5.281
5.279
5.273
5.274
5.289
5.286
5.276
5.281
5.274
5.279
5.283
5.280
5.290
5.279
5.280
5.271
5.289
5.273
5.274
5.264
5.272
5.286
5.268
5.286
5.280
5.293
5.280
5.282
5.281
5.285
5.279
5.281
5.287
5.282
5.287
5.290
5.279
5.274
5.275
5.271
5.280
5.281
5.280
5.280
5.282
5.285
5.274
5.277
5.280
5.281
5.274
5.285
5.286
5.282
5.281
5.287
5.285
5.272
5.293
5.282
5.271
5.286
5.276
5.286
5.278
5.272
5.280
5.275
5.277
5.278
5.281
5.282
5.281
5.282
5.286
5.278
5.276
5.281
5.271
5.284
5.276
5.288
5.284
5.288
5.276
5.288
5.278
5.279
5.273
5.283
5.278
5.287
5.289
5.273
5.294
5.266
5.285
5.284
5.284
5.289
5.279
5.289
5.283
5.293
5.278
5.288
5.278
5.271
5.282
5.280
5.293
5.274
5.273
5.289
5.285
5.278
5.276
5.290
5.280
5.296
5.286
5.276
5.284
5.282
5.269
5.282
5.279
5.282
5.289
5.287
5.284
5.286
5.281
5.275
5.290
5.282
5.287
5.286
5.279
5.279
5.272
5.282
5.280
5.295
5.279
5.285
5.274
5.290
5.275
5.275
5.290
5.270
5.282
5.278
5.283
5.282
5.283
5.286
5.279
5.283
5.275
5.285
5.283
5.281
5.280
5.285
5.285
5.277
5.284
5.287
5.278
5.274
5.271
5.269
5.283
5.276
5.276
5.284
5.275
5.278
5.288
5.278
5.282
5.286
5.280
5.288
5.270
5.274
5.279
5.288
5.290
5.283
5.281
5.274
5.286
5.271
5.286
5.278
5.276
5.285
5.280
5.291
5.268
5.288
5.276
5.290
5.274
5.281
5.280
5.286
5.282
5.279
5.275
5.276
5.281
5.281
5.273
5.281
5.281
5.291
5.289
