-0.6	-0.4	0.2
-0.6	-0.4	0.2
-606.54913 5.67873 38.92186 
-617.16552 2.12275 49.43341 
-621.54930 4.01128 60.96506 
-627.37023 9.21007 73.45168 
-631.74899 5.24820 84.31510 
-634.89898 4.07811 97.37645 
-633.16388 7.09797 106.66948 
-636.57062 7.46216 119.27902 
-638.21147 1.81162 131.24995 
-638.80049 3.90173 142.32585 
-638.47416 7.28030 150.01440 
-640.59979 10.00590 160.10056 
-641.60821 6.76546 170.00049 
-644.29816 5.00267 178.15299 
-646.25898 4.16959 182.96527 
-645.78553 2.65190 190.07592 
-646.83163 1.81542 195.91966 
-646.00456 2.97549 198.17934 
-648.65581 4.72467 210.59688 
-647.61129 5.91699 216.70212 
-647.73818 3.33485 222.90073 
-644.92281 5.22641 222.22096 
-646.40307 4.25338 220.63185 
-647.09349 2.21510 219.14993 
-648.53078 -0.89774 226.38980 
-649.09018 -0.38089 228.39433 
-650.21839 0.16321 227.16587 
-650.38846 4.58620 225.91851 
-649.60192 7.92752 230.99619 
-647.94634 2.19659 231.82421 
-646.63552 1.19501 234.74998 
-644.74341 1.93076 233.86745 
-646.35330 2.72362 232.70467 
-646.25980 5.03555 234.03784 
-644.00455 5.27374 237.56291 
-644.76384 4.84198 236.87253 
-649.40621 1.91370 254.68953 
-648.55206 5.21735 254.43515 
-648.66069 6.97601 259.39614 
-647.52188 6.88188 257.86291 
-646.15965 9.75004 261.99057 
-646.09019 8.13552 257.33632 
-643.11661 9.27305 252.47858 
-641.55452 9.76662 254.21474 
-641.53051 10.40683 250.44949 
-644.33090 12.83473 251.79087 
-644.71722 15.14479 249.53563 
-648.50171 11.19194 252.28531 
-646.67023 9.25691 253.61834 
-645.54840 8.42936 252.81493 
-644.84739 8.94979 256.57596 
-644.02485 6.17877 263.16666 
-641.18531 6.56985 260.34511 
-642.60565 8.08177 257.36084 
-642.76639 12.12612 258.02531 
-643.24088 11.88602 259.60145 
-646.02175 12.51081 256.11795 
-649.95674 13.75999 250.33227 
-650.62990 13.53315 255.14328 
-651.39430 13.78447 260.18344 
-649.90816 12.79076 258.37469 
-647.30883 11.24234 256.31529 
-647.34816 7.81815 251.67940 
-647.95060 3.34007 255.68640 
-649.54897 5.89011 258.02796 
-647.25557 8.94223 255.83101 
-650.78837 7.92507 254.67442 
-649.50844 10.84268 253.63962 
-649.18233 7.87193 257.45492 
-647.55304 11.70783 256.89015 
-645.21512 14.56574 255.09630 
-645.95682 12.54949 254.91074 
-644.89033 13.28939 256.69358 
-646.10391 10.43247 254.48172 
-647.39742 8.47831 262.41997 
-645.77622 7.43189 264.16439 
-642.76276 6.45464 258.25063 
-644.66094 6.13484 254.88068 
-649.63709 5.54598 258.02885 
-650.07081 6.23053 254.22844 
-648.93208 8.89613 252.59135 
-649.26234 7.55367 250.75856 
-647.94593 7.62048 253.26383 
-646.97309 7.40662 250.78338 
-646.90876 12.30911 249.11098 
-645.53322 12.63382 250.91003 
-645.15362 12.01249 250.25565 
-646.37591 10.92383 248.30976 
-645.40188 9.94763 249.76579 
-648.37421 10.18720 258.98192 
-646.13927 9.19334 253.94120 
-647.71064 9.18116 254.13905 
-647.13602 8.01545 262.01388 
-644.68096 9.55933 260.09127 
-644.19812 8.84080 254.76854 
-643.99733 9.40292 258.21577 
-645.24765 11.52943 260.14289 
-645.86915 12.56092 257.71966 
-645.50328 11.58445 262.98748 
-643.96916 12.56923 263.59337 
