0.0	0.005263157894736842	0.010526315789473684	0.015789473684210527	0.021052631578947368	0.02631578947368421	0.031578947368421054	0.03684210526315789	0.042105263157894736	0.04736842105263158	0.05263157894736842	0.05789473684210526	0.06315789473684211	0.06842105263157895	0.07368421052631578	0.07894736842105263	0.08421052631578947	0.08947368421052632	0.09473684210526316	0.1
0.0	0.005263157894736842	0.010526315789473684	0.015789473684210527	0.021052631578947368	0.02631578947368421	0.031578947368421054	0.03684210526315789	0.042105263157894736	0.04736842105263158	0.05263157894736842	0.05789473684210526	0.06315789473684211	0.06842105263157895	0.07368421052631578	0.07894736842105263	0.08421052631578947	0.08947368421052632	0.09473684210526316	0.1
0.00000 0.00526 0.01053 0.01579 0.02105 0.02632 0.03158 0.03684 0.04211 0.04737 0.05263 0.05789 0.06316 0.06842 0.07368 0.07895 0.08421 0.08947 0.09474 0.10000 
0.00000 0.00526 0.01053 0.01579 0.02105 0.02632 0.03158 0.03684 0.04211 0.04737 0.05263 0.05789 0.06316 0.06842 0.07368 0.07895 0.08421 0.08947 0.09474 0.10000 
0.00000 0.00526 0.01053 0.01579 0.02105 0.02632 0.03158 0.03684 0.04211 0.04737 0.05263 0.05789 0.06316 0.06842 0.07368 0.07895 0.08421 0.08947 0.09474 0.10000 
0.00000 0.00526 0.01053 0.01579 0.02105 0.02632 0.03158 0.03684 0.04211 0.04737 0.05263 0.05789 0.06316 0.06842 0.07368 0.07895 0.08421 0.08947 0.09474 0.10000 
0.00000 0.00526 0.01053 0.01579 0.02105 0.02632 0.03158 0.03684 0.04211 0.04737 0.05263 0.05789 0.06316 0.06842 0.07368 0.07895 0.08421 0.08947 0.09474 0.10000 
0.00000 0.00526 0.01053 0.01579 0.02105 0.02632 0.03158 0.03684 0.04211 0.04737 0.05263 0.05789 0.06316 0.06842 0.07368 0.07895 0.08421 0.08947 0.09474 0.10000 
0.00000 0.00526 0.01053 0.01579 0.02105 0.02632 0.03158 0.03684 0.04211 0.04737 0.05263 0.05789 0.06316 0.06842 0.07368 0.07895 0.08421 0.08947 0.09474 0.10000 
0.00000 0.00526 0.01053 0.01579 0.02105 0.02632 0.03158 0.03684 0.04211 0.04737 0.05263 0.05789 0.06316 0.06842 0.07368 0.07895 0.08421 0.08947 0.09474 0.10000 
0.00000 0.00526 0.01053 0.01579 0.02105 0.02632 0.03158 0.03684 0.04211 0.04737 0.05263 0.05789 0.06316 0.06842 0.07368 0.07895 0.08421 0.08947 0.09474 0.10000 
0.00000 0.00526 0.01053 0.01579 0.02105 0.02632 0.03158 0.03684 0.04211 0.04737 0.05263 0.05789 0.06316 0.06842 0.07368 0.07895 0.08421 0.08947 0.09474 0.10000 
0.00000 0.00526 0.01053 0.01579 0.02105 0.02632 0.03158 0.03684 0.04211 0.04737 0.05263 0.05789 0.06316 0.06842 0.07368 0.07895 0.08421 0.08947 0.09474 0.10000 
0.00000 0.00526 0.01053 0.01579 0.02105 0.02632 0.03158 0.03684 0.04211 0.04737 0.05263 0.05789 0.06316 0.06842 0.07368 0.07895 0.08421 0.08947 0.09474 0.10000 
0.00000 0.00526 0.01053 0.01579 0.02105 0.02632 0.03158 0.03684 0.04211 0.04737 0.05263 0.05789 0.06316 0.06842 0.07368 0.07895 0.08421 0.08947 0.09474 0.10000 
0.00000 0.00526 0.01053 0.01579 0.02105 0.02632 0.03158 0.03684 0.04211 0.04737 0.05263 0.05789 0.06316 0.06842 0.07368 0.07895 0.08421 0.08947 0.09474 0.10000 
0.00000 0.00526 0.01053 0.01579 0.02105 0.02632 0.03158 0.03684 0.04211 0.04737 0.05263 0.05789 0.06316 0.06842 0.07368 0.07895 0.08421 0.08947 0.09474 0.10000 
0.00000 0.00526 0.01053 0.01579 0.02105 0.02632 0.03158 0.03684 0.04211 0.04737 0.05263 0.05789 0.06316 0.06842 0.07368 0.07895 0.08421 0.08947 0.09474 0.10000 
0.00000 0.00526 0.01053 0.01579 0.02105 0.02632 0.03158 0.03684 0.04211 0.04737 0.05263 0.05789 0.06316 0.06842 0.07368 0.07895 0.08421 0.08947 0.09474 0.10000 
0.00000 0.00526 0.01053 0.01579 0.02105 0.02632 0.03158 0.03684 0.04211 0.04737 0.05263 0.05789 0.06316 0.06842 0.07368 0.07895 0.08421 0.08947 0.09474 0.10000 
0.00000 0.00526 0.01053 0.01579 0.02105 0.02632 0.03158 0.03684 0.04211 0.04737 0.05263 0.05789 0.06316 0.06842 0.07368 0.07895 0.08421 0.08947 0.09474 0.10000 
0.00000 0.00526 0.01053 0.01579 0.02105 0.02632 0.03158 0.03684 0.04211 0.04737 0.05263 0.05789 0.06316 0.06842 0.07368 0.07895 0.08421 0.08947 0.09474 0.10000 
0.00000 0.00526 0.01053 0.01579 0.02105 0.02632 0.03158 0.03684 0.04211 0.04737 0.05263 0.05789 0.06316 0.06842 0.07368 0.07895 0.08421 0.08947 0.09474 0.10000 
0.00000 0.00526 0.01053 0.01579 0.02105 0.02632 0.03158 0.03684 0.04211 0.04737 0.05263 0.05789 0.06316 0.06842 0.07368 0.07895 0.08421 0.08947 0.09474 0.10000 
0.00000 0.00526 0.01053 0.01579 0.02105 0.02632 0.03158 0.03684 0.04211 0.04737 0.05263 0.05789 0.06316 0.06842 0.07368 0.07895 0.08421 0.08947 0.09474 0.10000 
0.00000 0.00526 0.01053 0.01579 0.02105 0.02632 0.03158 0.03684 0.04211 0.04737 0.05263 0.05789 0.06316 0.06842 0.07368 0.07895 0.08421 0.08947 0.09474 0.10000 
0.00000 0.00526 0.01053 0.01579 0.02105 0.02632 0.03158 0.03684 0.04211 0.04737 0.05263 0.05789 0.06316 0.06842 0.07368 0.07895 0.08421 0.08947 0.09474 0.10000 
0.00000 0.00526 0.01053 0.01579 0.02105 0.02632 0.03158 0.03684 0.04211 0.04737 0.05263 0.05789 0.06316 0.06842 0.07368 0.07895 0.08421 0.08947 0.09474 0.10000 
0.00000 0.00526 0.01053 0.01579 0.02105 0.02632 0.03158 0.03684 0.04211 0.04737 0.05263 0.05789 0.06316 0.06842 0.07368 0.07895 0.08421 0.08947 0.09474 0.10000 
0.00000 0.00526 0.01053 0.01579 0.02105 0.02632 0.03158 0.03684 0.04211 0.04737 0.05263 0.05789 0.06316 0.06842 0.07368 0.07895 0.08421 0.08947 0.09474 0.10000 
0.00000 0.00526 0.01053 0.01579 0.02105 0.02632 0.03158 0.03684 0.04211 0.04737 0.05263 0.05789 0.06316 0.06842 0.07368 0.07895 0.08421 0.08947 0.09474 0.10000 
0.00000 0.00526 0.01053 0.01579 0.02105 0.02632 0.03158 0.03684 0.04211 0.04737 0.05263 0.05789 0.06316 0.06842 0.07368 0.07895 0.08421 0.08947 0.09474 0.10000 
0.00000 0.00526 0.01053 0.01579 0.02105 0.02632 0.03158 0.03684 0.04211 0.04737 0.05263 0.05789 0.06316 0.06842 0.07368 0.07895 0.08421 0.08947 0.09474 0.10000 
0.00000 0.00526 0.01053 0.01579 0.02105 0.02632 0.03158 0.03684 0.04211 0.04737 0.05263 0.05789 0.06316 0.06842 0.07368 0.07895 0.08421 0.08947 0.09474 0.10000 
0.00000 0.00526 0.01053 0.01579 0.02105 0.02632 0.03158 0.03684 0.04211 0.04737 0.05263 0.05789 0.06316 0.06842 0.07368 0.07895 0.08421 0.08947 0.09474 0.10000 
0.00000 0.00526 0.01053 0.01579 0.02105 0.02632 0.03158 0.03684 0.04211 0.04737 0.05263 0.05789 0.06316 0.06842 0.07368 0.07895 0.08421 0.08947 0.09474 0.10000 
0.00000 0.00526 0.01053 0.01579 0.02105 0.02632 0.03158 0.03684 0.04211 0.04737 0.05263 0.05789 0.06316 0.06842 0.07368 0.07895 0.08421 0.08947 0.09474 0.10000 
0.00000 0.00526 0.01053 0.01579 0.02105 0.02632 0.03158 0.03684 0.04211 0.04737 0.05263 0.05789 0.06316 0.06842 0.07368 0.07895 0.08421 0.08947 0.09474 0.10000 
0.00000 0.00526 0.01053 0.01579 0.02105 0.02632 0.03158 0.03684 0.04211 0.04737 0.05263 0.05789 0.06316 0.06842 0.07368 0.07895 0.08421 0.08947 0.09474 0.10000 
0.00000 0.00526 0.01053 0.01579 0.02105 0.02632 0.03158 0.03684 0.04211 0.04737 0.05263 0.05789 0.06316 0.06842 0.07368 0.07895 0.08421 0.08947 0.09474 0.10000 
0.00000 0.00526 0.01053 0.01579 0.02105 0.02632 0.03158 0.03684 0.04211 0.04737 0.05263 0.05789 0.06316 0.06842 0.07368 0.07895 0.08421 0.08947 0.09474 0.10000 
0.00000 0.00526 0.01053 0.01579 0.02105 0.02632 0.03158 0.03684 0.04211 0.04737 0.05263 0.05789 0.06316 0.06842 0.07368 0.07895 0.08421 0.08947 0.09474 0.10000 
0.00000 0.00526 0.01053 0.01579 0.02105 0.02632 0.03158 0.03684 0.04211 0.04737 0.05263 0.05789 0.06316 0.06842 0.07368 0.07895 0.08421 0.08947 0.09474 0.10000 
0.00000 0.00526 0.01053 0.01579 0.02105 0.02632 0.03158 0.03684 0.04211 0.04737 0.05263 0.05789 0.06316 0.06842 0.07368 0.07895 0.08421 0.08947 0.09474 0.10000 
0.00000 0.00526 0.01053 0.01579 0.02105 0.02632 0.03158 0.03684 0.04211 0.04737 0.05263 0.05789 0.06316 0.06842 0.07368 0.07895 0.08421 0.08947 0.09474 0.10000 
0.00000 0.00526 0.01053 0.01579 0.02105 0.02632 0.03158 0.03684 0.04211 0.04737 0.05263 0.05789 0.06316 0.06842 0.07368 0.07895 0.08421 0.08947 0.09474 0.10000 
0.00000 0.00526 0.01053 0.01579 0.02105 0.02632 0.03158 0.03684 0.04211 0.04737 0.05263 0.05789 0.06316 0.06842 0.07368 0.07895 0.08421 0.08947 0.09474 0.10000 
0.00000 0.00526 0.01053 0.01579 0.02105 0.02632 0.03158 0.03684 0.04211 0.04737 0.05263 0.05789 0.06316 0.06842 0.07368 0.07895 0.08421 0.08947 0.09474 0.10000 
0.00000 0.00526 0.01053 0.01579 0.02105 0.02632 0.03158 0.03684 0.04211 0.04737 0.05263 0.05789 0.06316 0.06842 0.07368 0.07895 0.08421 0.08947 0.09474 0.10000 
0.00000 0.00526 0.01053 0.01579 0.02105 0.02632 0.03158 0.03684 0.04211 0.04737 0.05263 0.05789 0.06316 0.06842 0.07368 0.07895 0.08421 0.08947 0.09474 0.10000 
0.00000 0.00526 0.01053 0.01579 0.02105 0.02632 0.03158 0.03684 0.04211 0.04737 0.05263 0.05789 0.06316 0.06842 0.07368 0.07895 0.08421 0.08947 0.09474 0.10000 
0.00000 0.00526 0.01053 0.01579 0.02105 0.02632 0.03158 0.03684 0.04211 0.04737 0.05263 0.05789 0.06316 0.06842 0.07368 0.07895 0.08421 0.08947 0.09474 0.10000 
0.00000 0.00526 0.01053 0.01579 0.02105 0.02632 0.03158 0.03684 0.04211 0.04737 0.05263 0.05789 0.06316 0.06842 0.07368 0.07895 0.08421 0.08947 0.09474 0.10000 
0.00000 0.00526 0.01053 0.01579 0.02105 0.02632 0.03158 0.03684 0.04211 0.04737 0.05263 0.05789 0.06316 0.06842 0.07368 0.07895 0.08421 0.08947 0.09474 0.10000 
0.00000 0.00526 0.01053 0.01579 0.02105 0.02632 0.03158 0.03684 0.04211 0.04737 0.05263 0.05789 0.06316 0.06842 0.07368 0.07895 0.08421 0.08947 0.09474 0.10000 
0.00000 0.00526 0.01053 0.01579 0.02105 0.02632 0.03158 0.03684 0.04211 0.04737 0.05263 0.05789 0.06316 0.06842 0.07368 0.07895 0.08421 0.08947 0.09474 0.10000 
0.00000 0.00526 0.01053 0.01579 0.02105 0.02632 0.03158 0.03684 0.04211 0.04737 0.05263 0.05789 0.06316 0.06842 0.07368 0.07895 0.08421 0.08947 0.09474 0.10000 
0.00000 0.00526 0.01053 0.01579 0.02105 0.02632 0.03158 0.03684 0.04211 0.04737 0.05263 0.05789 0.06316 0.06842 0.07368 0.07895 0.08421 0.08947 0.09474 0.10000 
0.00000 0.00526 0.01053 0.01579 0.02105 0.02632 0.03158 0.03684 0.04211 0.04737 0.05263 0.05789 0.06316 0.06842 0.07368 0.07895 0.08421 0.08947 0.09474 0.10000 
0.00000 0.00526 0.01053 0.01579 0.02105 0.02632 0.03158 0.03684 0.04211 0.04737 0.05263 0.05789 0.06316 0.06842 0.07368 0.07895 0.08421 0.08947 0.09474 0.10000 
0.00000 0.00526 0.01053 0.01579 0.02105 0.02632 0.03158 0.03684 0.04211 0.04737 0.05263 0.05789 0.06316 0.06842 0.07368 0.07895 0.08421 0.08947 0.09474 0.10000 
0.00000 0.00526 0.01053 0.01579 0.02105 0.02632 0.03158 0.03684 0.04211 0.04737 0.05263 0.05789 0.06316 0.06842 0.07368 0.07895 0.08421 0.08947 0.09474 0.10000 
0.00000 0.00526 0.01053 0.01579 0.02105 0.02632 0.03158 0.03684 0.04211 0.04737 0.05263 0.05789 0.06316 0.06842 0.07368 0.07895 0.08421 0.08947 0.09474 0.10000 
0.00000 0.00526 0.01053 0.01579 0.02105 0.02632 0.03158 0.03684 0.04211 0.04737 0.05263 0.05789 0.06316 0.06842 0.07368 0.07895 0.08421 0.08947 0.09474 0.10000 
0.00000 0.00526 0.01053 0.01579 0.02105 0.02632 0.03158 0.03684 0.04211 0.04737 0.05263 0.05789 0.06316 0.06842 0.07368 0.07895 0.08421 0.08947 0.09474 0.10000 
0.00000 0.00526 0.01053 0.01579 0.02105 0.02632 0.03158 0.03684 0.04211 0.04737 0.05263 0.05789 0.06316 0.06842 0.07368 0.07895 0.08421 0.08947 0.09474 0.10000 
0.00000 0.00526 0.01053 0.01579 0.02105 0.02632 0.03158 0.03684 0.04211 0.04737 0.05263 0.05789 0.06316 0.06842 0.07368 0.07895 0.08421 0.08947 0.09474 0.10000 
0.00000 0.00526 0.01053 0.01579 0.02105 0.02632 0.03158 0.03684 0.04211 0.04737 0.05263 0.05789 0.06316 0.06842 0.07368 0.07895 0.08421 0.08947 0.09474 0.10000 
0.00000 0.00526 0.01053 0.01579 0.02105 0.02632 0.03158 0.03684 0.04211 0.04737 0.05263 0.05789 0.06316 0.06842 0.07368 0.07895 0.08421 0.08947 0.09474 0.10000 
0.00000 0.00526 0.01053 0.01579 0.02105 0.02632 0.03158 0.03684 0.04211 0.04737 0.05263 0.05789 0.06316 0.06842 0.07368 0.07895 0.08421 0.08947 0.09474 0.10000 
0.00000 0.00526 0.01053 0.01579 0.02105 0.02632 0.03158 0.03684 0.04211 0.04737 0.05263 0.05789 0.06316 0.06842 0.07368 0.07895 0.08421 0.08947 0.09474 0.10000 
0.00000 0.00526 0.01053 0.01579 0.02105 0.02632 0.03158 0.03684 0.04211 0.04737 0.05263 0.05789 0.06316 0.06842 0.07368 0.07895 0.08421 0.08947 0.09474 0.10000 
0.00000 0.00526 0.01053 0.01579 0.02105 0.02632 0.03158 0.03684 0.04211 0.04737 0.05263 0.05789 0.06316 0.06842 0.07368 0.07895 0.08421 0.08947 0.09474 0.10000 
0.00000 0.00526 0.01053 0.01579 0.02105 0.02632 0.03158 0.03684 0.04211 0.04737 0.05263 0.05789 0.06316 0.06842 0.07368 0.07895 0.08421 0.08947 0.09474 0.10000 
0.00000 0.00526 0.01053 0.01579 0.02105 0.02632 0.03158 0.03684 0.04211 0.04737 0.05263 0.05789 0.06316 0.06842 0.07368 0.07895 0.08421 0.08947 0.09474 0.10000 
0.00000 0.00526 0.01053 0.01579 0.02105 0.02632 0.03158 0.03684 0.04211 0.04737 0.05263 0.05789 0.06316 0.06842 0.07368 0.07895 0.08421 0.08947 0.09474 0.10000 
0.00000 0.00526 0.01053 0.01579 0.02105 0.02632 0.03158 0.03684 0.04211 0.04737 0.05263 0.05789 0.06316 0.06842 0.07368 0.07895 0.08421 0.08947 0.09474 0.10000 
0.00000 0.00526 0.01053 0.01579 0.02105 0.02632 0.03158 0.03684 0.04211 0.04737 0.05263 0.05789 0.06316 0.06842 0.07368 0.07895 0.08421 0.08947 0.09474 0.10000 
0.00000 0.00526 0.01053 0.01579 0.02105 0.02632 0.03158 0.03684 0.04211 0.04737 0.05263 0.05789 0.06316 0.06842 0.07368 0.07895 0.08421 0.08947 0.09474 0.10000 
0.00000 0.00526 0.01053 0.01579 0.02105 0.02632 0.03158 0.03684 0.04211 0.04737 0.05263 0.05789 0.06316 0.06842 0.07368 0.07895 0.08421 0.08947 0.09474 0.10000 
0.00000 0.00526 0.01053 0.01579 0.02105 0.02632 0.03158 0.03684 0.04211 0.04737 0.05263 0.05789 0.06316 0.06842 0.07368 0.07895 0.08421 0.08947 0.09474 0.10000 
0.00000 0.00526 0.01053 0.01579 0.02105 0.02632 0.03158 0.03684 0.04211 0.04737 0.05263 0.05789 0.06316 0.06842 0.07368 0.07895 0.08421 0.08947 0.09474 0.10000 
0.00000 0.00526 0.01053 0.01579 0.02105 0.02632 0.03158 0.03684 0.04211 0.04737 0.05263 0.05789 0.06316 0.06842 0.07368 0.07895 0.08421 0.08947 0.09474 0.10000 
0.00000 0.00526 0.01053 0.01579 0.02105 0.02632 0.03158 0.03684 0.04211 0.04737 0.05263 0.05789 0.06316 0.06842 0.07368 0.07895 0.08421 0.08947 0.09474 0.10000 
0.00000 0.00526 0.01053 0.01579 0.02105 0.02632 0.03158 0.03684 0.04211 0.04737 0.05263 0.05789 0.06316 0.06842 0.07368 0.07895 0.08421 0.08947 0.09474 0.10000 
0.00000 0.00526 0.01053 0.01579 0.02105 0.02632 0.03158 0.03684 0.04211 0.04737 0.05263 0.05789 0.06316 0.06842 0.07368 0.07895 0.08421 0.08947 0.09474 0.10000 
0.00000 0.00526 0.01053 0.01579 0.02105 0.02632 0.03158 0.03684 0.04211 0.04737 0.05263 0.05789 0.06316 0.06842 0.07368 0.07895 0.08421 0.08947 0.09474 0.10000 
0.00000 0.00526 0.01053 0.01579 0.02105 0.02632 0.03158 0.03684 0.04211 0.04737 0.05263 0.05789 0.06316 0.06842 0.07368 0.07895 0.08421 0.08947 0.09474 0.10000 
0.00000 0.00526 0.01053 0.01579 0.02105 0.02632 0.03158 0.03684 0.04211 0.04737 0.05263 0.05789 0.06316 0.06842 0.07368 0.07895 0.08421 0.08947 0.09474 0.10000 
0.00000 0.00526 0.01053 0.01579 0.02105 0.02632 0.03158 0.03684 0.04211 0.04737 0.05263 0.05789 0.06316 0.06842 0.07368 0.07895 0.08421 0.08947 0.09474 0.10000 
0.00000 0.00526 0.01053 0.01579 0.02105 0.02632 0.03158 0.03684 0.04211 0.04737 0.05263 0.05789 0.06316 0.06842 0.07368 0.07895 0.08421 0.08947 0.09474 0.10000 
0.00000 0.00526 0.01053 0.01579 0.02105 0.02632 0.03158 0.03684 0.04211 0.04737 0.05263 0.05789 0.06316 0.06842 0.07368 0.07895 0.08421 0.08947 0.09474 0.10000 
0.00000 0.00526 0.01053 0.01579 0.02105 0.02632 0.03158 0.03684 0.04211 0.04737 0.05263 0.05789 0.06316 0.06842 0.07368 0.07895 0.08421 0.08947 0.09474 0.10000 
0.00000 0.00526 0.01053 0.01579 0.02105 0.02632 0.03158 0.03684 0.04211 0.04737 0.05263 0.05789 0.06316 0.06842 0.07368 0.07895 0.08421 0.08947 0.09474 0.10000 
0.00000 0.00526 0.01053 0.01579 0.02105 0.02632 0.03158 0.03684 0.04211 0.04737 0.05263 0.05789 0.06316 0.06842 0.07368 0.07895 0.08421 0.08947 0.09474 0.10000 
0.00000 0.00526 0.01053 0.01579 0.02105 0.02632 0.03158 0.03684 0.04211 0.04737 0.05263 0.05789 0.06316 0.06842 0.07368 0.07895 0.08421 0.08947 0.09474 0.10000 
0.00000 0.00526 0.01053 0.01579 0.02105 0.02632 0.03158 0.03684 0.04211 0.04737 0.05263 0.05789 0.06316 0.06842 0.07368 0.07895 0.08421 0.08947 0.09474 0.10000 
0.00000 0.00526 0.01053 0.01579 0.02105 0.02632 0.03158 0.03684 0.04211 0.04737 0.05263 0.05789 0.06316 0.06842 0.07368 0.07895 0.08421 0.08947 0.09474 0.10000 
0.00000 0.00526 0.01053 0.01579 0.02105 0.02632 0.03158 0.03684 0.04211 0.04737 0.05263 0.05789 0.06316 0.06842 0.07368 0.07895 0.08421 0.08947 0.09474 0.10000 
0.00000 0.00526 0.01053 0.01579 0.02105 0.02632 0.03158 0.03684 0.04211 0.04737 0.05263 0.05789 0.06316 0.06842 0.07368 0.07895 0.08421 0.08947 0.09474 0.10000 
0.00000 0.00526 0.01053 0.01579 0.02105 0.02632 0.03158 0.03684 0.04211 0.04737 0.05263 0.05789 0.06316 0.06842 0.07368 0.07895 0.08421 0.08947 0.09474 0.10000 
0.00000 0.00526 0.01053 0.01579 0.02105 0.02632 0.03158 0.03684 0.04211 0.04737 0.05263 0.05789 0.06316 0.06842 0.07368 0.07895 0.08421 0.08947 0.09474 0.10000 
