0.5212548823821659
0.1409121188973563
0.08090668479112544
0.0985270429663754
0.0788481475355537
0.04637928011124225
0.0347758006638816
0.07183378382644301
0.032174258421903426
0.012567525721582021
0.011211293941329145
0.04033813506342699
0.01691866255489517
0.048824533802746574
0.028606896733543483
0.012430047258516987
0.017381294873819886
0.011232792573308965
0.04390274196448099
0.018286075371415567
0.011080966069196445
0.047135436802083
0.025667498912051095
0.01170040192695551
0.023174126967207834
0.00857816232673761
0.018353644124257062
0.018457075622087923
0.018079790133234738
0.04587907964988846
0.02734676686277357
0.037203662738781326
0.022947558047552625
0.008888556390434135
0.03178228884730294
0.011980039273821609
0.06153831975590141
0.017029056808047924
0.0076154851389919195
0.019701136313890664
0.026537092069526792
0.007692544539860806
0.038285127717336734
0.025497499441494327
0.003140777138664909
0.054726533059221844
0.012530789003336013
0.0505267196826523
0.03615983487477792
0.023535600333211067
0.010413716365791458
0.022278049104784967
0.048110450137301954
0.02647573599861644
0.018150574293262473
0.00854967716192492
0.042085588709100105
0.06564352335112279
0.008748872208145946
0.011571687605279535
0.035351385264334706
0.0532512412429273
0.014476052741496208
0.016377232068718817
0.025462807799764134
0.027043435212153643
0.052549530338137765
0.02563722763830891
0.014930018610232685
0.026525255674148818
0.03749767698515459
0.013648065399114642
0.013802841760484833
0.017970837405952175
0.01799166768022467
0.031756103233102455
0.051251843713948274
0.03919029548786963
0.06691395446886492
0.008658688112982486
0.020421869446750656
0.005510760297029241
0.02037209072953797
0.01937892230609855
0.01884912129403188
0.024335543417543862
0.0073562507819387064
0.018550160033502718
0.0198602093342341
0.06493721025036017
0.04280022472947466
0.02597275048025994
0.013639202443998952
0.05561423890147432
0.014204325339282054
0.0032443000055726633
0.026356612468110375
0.014705776224677615
0.00731059406587272
0.018954948095042033
