0.959
0.969
0.967
0.969
0.976
0.988
0.993
0.996
1.020
1.012
1.012
1.027
1.045
1.057
1.040
1.068
1.063
1.094
1.099
1.090
1.098
1.107
1.103
1.136
1.116
1.133
1.148
1.149
1.171
1.178
1.196
1.201
1.196
1.198
1.209
1.206
1.230
1.250
1.247
1.244
1.275
1.268
1.292
1.298
1.288
1.297
1.318
1.316
1.337
1.330
1.326
1.348
1.344
1.368
1.386
1.389
1.371
1.411
1.406
1.412
1.431
1.428
1.435
1.447
1.436
1.456
1.456
1.465
1.464
1.492
1.505
1.504
1.511
1.527
1.534
1.544
1.542
1.553
1.549
1.577
1.576
1.565
1.608
1.595
1.613
1.594
1.613
1.616
1.614
1.634
1.644
1.650
1.658
1.658
1.654
1.670
1.698
1.693
1.704
1.699
1.697
1.700
1.713
1.721
1.728
1.741
1.747
1.759
1.760
1.775
1.759
1.782
1.790
1.769
1.797
1.793
1.795
1.804
1.811
1.818
1.810
1.830
1.809
1.824
1.854
1.846
1.846
1.849
1.843
1.882
1.888
1.888
1.895
1.899
1.900
1.883
1.892
1.925
1.899
1.907
1.910
1.917
1.920
1.944
1.938
1.937
1.951
1.967
1.958
1.969
1.979
1.957
1.969
1.988
1.987
1.985
1.996
1.987
1.987
2.001
2.007
1.997
2.016
2.008
2.028
2.025
2.030
2.044
2.027
2.036
2.045
2.043
2.041
2.054
2.071
2.056
2.060
2.056
2.059
2.063
2.091
2.079
2.073
2.069
2.070
2.093
2.095
2.092
2.092
2.112
2.100
2.111
2.104
2.126
2.116
2.132
2.114
2.130
2.139
2.133
2.127
2.129
2.119
2.130
2.150
2.119
2.139
2.151
2.160
2.146
2.146
2.161
2.173
2.168
2.167
2.179
2.175
2.163
2.181
2.160
2.174
2.170
2.183
2.184
2.191
2.199
2.194
2.190
2.187
2.213
2.202
2.200
2.209
2.207
2.212
2.210
2.217
2.232
2.214
2.224
2.231
2.211
2.236
2.220
2.220
2.217
2.230
2.241
2.244
2.250
2.241
2.234
2.240
2.229
2.244
2.246
2.258
2.265
2.249
2.262
2.244
2.245
2.249
2.250
2.249
2.278
2.255
2.254
2.270
2.279
2.248
2.267
2.278
2.277
2.281
2.263
2.279
2.272
2.279
2.288
2.291
2.286
2.280
2.294
2.293
2.283
2.295
2.302
2.284
2.288
2.272
2.301
2.291
2.281
2.298
2.305
2.302
2.299
2.285
2.292
2.305
2.294
2.306
2.304
2.316
2.300
2.307
2.297
2.298
2.325
2.314
2.312
2.318
2.307
2.310
2.324
2.311
2.328
2.329
2.342
2.340
2.339
2.340
2.323
2.343
2.318
2.322
2.337
2.332
2.328
2.329
2.351
2.334
2.342
2.347
2.342
2.333
2.333
2.347
2.346
2.338
2.344
2.329
2.347
2.348
2.341
2.360
2.353
2.367
2.334
2.344
2.335
2.354
2.360
2.350
2.346
2.356
2.342
2.363
2.356
2.369
2.352
2.370
2.347
2.356
2.354
2.356
2.368
2.356
2.367
2.358
2.383
2.371
2.353
2.377
2.372
2.358
2.355
2.370
2.357
2.353
2.372
2.362
2.350
2.367
2.371
2.374
2.385
2.360
2.364
2.379
2.357
2.385
2.358
2.373
2.374
2.371
2.389
2.372
2.372
2.372
2.397
2.369
2.374
2.389
2.370
2.388
2.402
2.374
2.385
2.385
2.399
2.380
2.394
2.381
2.388
2.385
2.378
2.393
2.379
2.384
2.396
2.382
2.385
2.394
2.373
2.387
2.396
2.403
2.378
2.406
2.379
2.390
2.382
2.384
2.412
2.387
2.388
2.390
2.394
2.396
2.386
2.379
2.396
2.384
2.386
2.398
2.399
2.402
2.407
2.393
2.404
2.404
2.383
2.395
2.405
2.408
2.397
2.396
2.398
2.394
2.387
2.393
2.395
2.398
2.403
2.406
2.393
2.397
2.411
2.397
2.406
2.404
2.414
2.400
2.419
2.405
2.403
2.414
2.404
2.408
2.400
2.418
2.415
2.403
2.415
2.421
2.402
2.392
2.412
2.389
2.400
2.416
2.400
2.425
2.403
2.421
2.425
2.405
2.405
2.419
2.389
2.406
2.423
2.415
2.408
2.419
2.411
2.426
2.409
2.407
2.418
2.416
2.410
2.396
2.420
2.407
2.400
2.407
2.428
2.412
2.413
2.418
2.420
2.424
2.408
2.426
2.403
2.412
2.412
2.413
2.424
2.429
2.415
2.413
2.423
2.410
2.413
2.413
2.407
2.429
2.419
2.423
2.432
2.417
2.413
2.400
2.424
2.417
2.401
2.430
2.429
2.436
2.416
2.427
2.436
2.428
2.423
2.423
2.420
2.416
2.434
2.434
2.417
2.420
2.416
2.421
2.418
2.419
2.428
2.412
2.416
2.421
2.412
2.428
2.416
2.419
2.424
2.425
2.422
2.417
2.431
2.424
2.420
2.440
2.411
2.437
2.423
2.419
2.414
2.427
2.417
2.414
2.425
2.424
2.433
2.432
2.433
2.420
2.428
2.428
2.438
2.425
2.422
2.414
2.433
2.405
2.421
2.434
2.422
2.429
2.438
2.431
2.418
2.426
2.420
2.437
2.437
2.439
2.424
2.414
2.435
2.442
2.426
2.425
2.429
2.393
2.436
2.429
2.423
2.434
2.417
2.419
2.424
2.427
2.433
2.434
2.428
2.440
2.422
2.436
2.428
2.433
2.436
2.428
2.445
2.422
2.441
2.413
2.438
2.417
2.446
2.440
2.434
2.430
2.436
2.433
2.417
2.449
2.421
2.431
2.448
2.432
2.436
2.418
2.439
2.434
2.441
2.443
2.438
2.415
2.430
2.416
2.456
2.423
2.453
2.428
2.422
2.436
2.430
2.437
2.415
2.430
2.440
2.431
2.427
2.438
2.436
2.443
2.426
2.445
2.437
2.442
2.431
2.453
2.444
2.431
2.441
2.429
2.450
2.419
2.421
2.422
2.440
2.439
2.422
2.433
2.455
2.430
2.435
2.437
2.453
2.449
2.442
2.448
2.437
2.441
2.435
2.438
2.439
2.424
2.434
2.428
2.452
2.426
2.431
2.421
2.434
2.421
2.458
2.439
2.444
2.436
2.437
2.451
2.442
2.420
2.449
2.439
2.443
2.429
2.431
2.451
2.425
2.443
2.438
2.433
2.439
2.436
2.432
2.434
2.449
2.431
2.431
2.454
2.440
2.434
2.427
2.457
2.443
2.431
2.421
2.437
2.437
2.445
2.435
2.447
2.435
2.442
2.429
2.436
2.444
2.447
2.448
2.438
2.432
2.442
2.450
2.438
2.434
2.429
2.442
2.438
2.436
2.439
2.451
2.432
2.446
2.442
2.420
2.425
2.454
2.441
2.439
2.451
2.436
2.444
2.421
2.455
2.432
2.452
2.446
2.431
2.450
2.427
2.442
2.455
2.443
2.447
2.440
2.449
2.431
2.426
2.452
2.445
2.431
2.445
2.450
2.431
2.460
2.436
2.430
2.431
2.432
2.444
2.446
2.454
2.451
2.452
2.447
2.433
2.442
2.447
2.446
2.446
2.437
2.437
2.437
2.449
2.445
2.435
2.447
2.440
2.450
2.446
2.443
2.436
2.444
2.456
2.431
2.454
2.435
2.458
2.445
2.446
2.449
2.439
2.441
2.420
2.447
2.437
2.451
2.426
2.432
2.446
2.437
2.424
2.447
2.437
2.440
2.433
2.439
2.433
2.436
2.445
2.439
2.447
2.445
2.461
2.433
2.442
2.427
2.464
2.461
2.443
2.460
2.450
2.447
2.440
2.452
2.439
2.439
2.467
2.431
2.451
2.456
2.442
2.461
2.441
2.438
2.456
2.446
2.443
2.440
2.451
2.462
2.449
2.423
2.448
2.443
2.429
2.454
2.419
2.455
2.438
2.447
2.449
2.434
2.454
2.445
2.462
2.436
2.456
2.434
2.441
2.453
2.434
2.445
2.444
2.455
2.445
2.448
2.452
2.453
2.457
2.446
2.434
2.454
2.444
2.441
2.436
2.439
2.454
2.433
2.443
2.451
2.455
2.448
2.439
2.451
2.452
2.455
2.443
2.467
2.453
2.434
2.436
2.457
2.441
2.462
2.445
2.423
2.455
2.451
2.448
2.458
2.442
2.441
2.442
2.443
2.454
2.454
2.433
2.445
2.440
2.446
2.439
2.447
2.439
2.436
2.448
2.451
2.448
2.447
2.432
2.455
2.439
2.448
2.447
2.449
2.442
2.444
2.455
2.445
2.446
2.434
2.438
2.438
2.426
2.454
2.445
2.456
2.438
2.445
2.459
2.441
2.465
2.452
2.460
2.449
2.455
2.455
2.449
2.445
2.445
2.437
2.441
2.454
2.431
2.452
2.443
2.436
2.444
2.453
