-0.335 -0.345 -0.344 -0.345 -0.317 -0.326 -0.310 -0.226 -0.057 0.154 -0.064 -0.132 -0.261 -0.138 -0.168 -0.220 -0.256 -0.244 -0.304 -0.190 -0.276 -0.177 -0.158 -0.291 -0.137 -0.233 -0.241 -0.313 -0.328 -0.345 -0.327 -0.265 -0.155 -0.158 0.179 0.160 0.178 0.186 0.032 -0.188 -0.099 0.030 0.107 0.156 0.174 0.180 0.209 0.174 0.154 0.094
-0.345 -0.355 -0.355 -0.355 -0.325 -0.335 -0.318 -0.229 -0.050 0.173 -0.057 -0.130 -0.266 -0.135 -0.167 -0.222 -0.260 -0.247 -0.312 -0.191 -0.282 -0.177 -0.157 -0.297 -0.134 -0.236 -0.244 -0.321 -0.337 -0.355 -0.336 -0.270 -0.153 -0.156 0.200 0.180 0.199 0.207 0.045 -0.188 -0.094 0.042 0.123 0.176 0.195 0.201 0.231 0.194 0.173 0.110
-0.344 -0.355 -0.354 -0.355 -0.325 -0.334 -0.318 -0.229 -0.051 0.171 -0.058 -0.130 -0.266 -0.136 -0.167 -0.222 -0.260 -0.247 -0.312 -0.191 -0.282 -0.177 -0.157 -0.297 -0.135 -0.236 -0.244 -0.321 -0.336 -0.355 -0.336 -0.270 -0.154 -0.157 0.198 0.178 0.197 0.205 0.043 -0.188 -0.095 0.041 0.122 0.174 0.193 0.199 0.229 0.192 0.171 0.108
-0.345 -0.355 -0.355 -0.355 -0.325 -0.335 -0.318 -0.229 -0.050 0.173 -0.057 -0.130 -0.266 -0.135 -0.167 -0.222 -0.260 -0.247 -0.312 -0.191 -0.282 -0.177 -0.157 -0.297 -0.134 -0.236 -0.244 -0.321 -0.337 -0.355 -0.336 -0.270 -0.153 -0.156 0.200 0.180 0.199 0.207 0.045 -0.188 -0.094 0.042 0.123 0.176 0.195 0.201 0.231 0.194 0.173 0.110
-0.317 -0.325 -0.325 -0.325 -0.301 -0.309 -0.295 -0.218 -0.062 0.132 -0.068 -0.132 -0.250 -0.137 -0.164 -0.212 -0.245 -0.234 -0.290 -0.185 -0.264 -0.173 -0.155 -0.277 -0.136 -0.224 -0.231 -0.298 -0.311 -0.325 -0.310 -0.254 -0.152 -0.155 0.156 0.138 0.155 0.162 0.021 -0.182 -0.101 0.018 0.089 0.135 0.151 0.156 0.183 0.151 0.132 0.077
-0.326 -0.335 -0.334 -0.335 -0.309 -0.317 -0.302 -0.222 -0.060 0.142 -0.067 -0.132 -0.256 -0.138 -0.166 -0.216 -0.250 -0.239 -0.297 -0.188 -0.270 -0.175 -0.157 -0.284 -0.137 -0.229 -0.236 -0.305 -0.319 -0.335 -0.318 -0.259 -0.154 -0.156 0.166 0.148 0.165 0.172 0.025 -0.185 -0.101 0.023 0.097 0.144 0.161 0.167 0.194 0.161 0.142 0.084
-0.310 -0.318 -0.318 -0.318 -0.295 -0.302 -0.289 -0.215 -0.065 0.122 -0.071 -0.132 -0.246 -0.137 -0.164 -0.210 -0.242 -0.231 -0.284 -0.184 -0.260 -0.172 -0.155 -0.272 -0.136 -0.221 -0.228 -0.292 -0.304 -0.318 -0.303 -0.250 -0.152 -0.154 0.145 0.128 0.144 0.150 0.015 -0.181 -0.103 0.012 0.081 0.125 0.140 0.145 0.171 0.140 0.122 0.069
-0.226 -0.229 -0.229 -0.229 -0.218 -0.222 -0.215 -0.169 -0.066 0.061 -0.070 -0.112 -0.189 -0.116 -0.134 -0.165 -0.187 -0.179 -0.213 -0.148 -0.198 -0.140 -0.128 -0.205 -0.116 -0.173 -0.178 -0.217 -0.224 -0.229 -0.223 -0.191 -0.126 -0.127 0.076 0.065 0.075 0.080 -0.012 -0.146 -0.092 -0.013 0.033 0.063 0.073 0.076 0.093 0.072 0.061 0.025
-0.057 -0.050 -0.051 -0.050 -0.062 -0.060 -0.065 -0.066 -0.048 -0.028 -0.049 -0.057 -0.068 -0.059 -0.063 -0.067 -0.070 -0.067 -0.067 -0.065 -0.068 -0.063 -0.060 -0.067 -0.061 -0.069 -0.069 -0.065 -0.062 -0.050 -0.061 -0.068 -0.061 -0.060 -0.026 -0.028 -0.028 -0.027 -0.039 -0.063 -0.054 -0.039 -0.032 -0.027 -0.027 -0.027 -0.026 -0.028 -0.029 -0.034
0.154 0.173 0.171 0.173 0.132 0.142 0.122 0.061 -0.028 -0.141 -0.025 0.010 0.083 0.011 0.025 0.055 0.075 0.071 0.114 0.038 0.092 0.031 0.023 0.104 0.006 0.061 0.066 0.124 0.140 0.173 0.141 0.085 0.020 0.023 -0.156 -0.146 -0.159 -0.162 -0.075 0.038 -0.008 -0.074 -0.115 -0.142 -0.155 -0.158 -0.178 -0.155 -0.143 -0.109
-0.064 -0.057 -0.058 -0.057 -0.068 -0.067 -0.071 -0.070 -0.049 -0.025 -0.051 -0.060 -0.073 -0.062 -0.066 -0.071 -0.075 -0.072 -0.073 -0.068 -0.074 -0.067 -0.063 -0.073 -0.064 -0.073 -0.074 -0.072 -0.069 -0.057 -0.068 -0.073 -0.064 -0.063 -0.022 -0.025 -0.024 -0.023 -0.039 -0.067 -0.056 -0.039 -0.030 -0.024 -0.024 -0.023 -0.022 -0.024 -0.026 -0.032
-0.132 -0.130 -0.130 -0.130 -0.132 -0.132 -0.132 -0.112 -0.057 0.010 -0.060 -0.082 -0.122 -0.085 -0.095 -0.111 -0.122 -0.117 -0.132 -0.102 -0.126 -0.098 -0.091 -0.129 -0.086 -0.116 -0.118 -0.133 -0.134 -0.130 -0.133 -0.123 -0.091 -0.090 0.018 0.012 0.016 0.019 -0.028 -0.101 -0.072 -0.029 -0.005 0.011 0.016 0.017 0.025 0.015 0.009 -0.009
-0.261 -0.266 -0.266 -0.266 -0.250 -0.256 -0.246 -0.189 -0.068 0.083 -0.073 -0.122 -0.214 -0.126 -0.148 -0.185 -0.210 -0.201 -0.243 -0.164 -0.224 -0.155 -0.140 -0.234 -0.126 -0.194 -0.200 -0.249 -0.258 -0.266 -0.257 -0.216 -0.139 -0.140 0.101 0.087 0.100 0.105 -0.004 -0.162 -0.098 -0.006 0.049 0.085 0.097 0.101 0.121 0.097 0.083 0.040
-0.138 -0.135 -0.136 -0.135 -0.137 -0.138 -0.137 -0.116 -0.059 0.011 -0.062 -0.085 -0.126 -0.088 -0.098 -0.115 -0.126 -0.121 -0.137 -0.105 -0.131 -0.101 -0.094 -0.133 -0.089 -0.119 -0.122 -0.138 -0.139 -0.135 -0.138 -0.127 -0.093 -0.093 0.018 0.012 0.017 0.020 -0.029 -0.104 -0.074 -0.030 -0.004 0.012 0.017 0.018 0.026 0.016 0.010 -0.009
-0.168 -0.167 -0.167 -0.167 -0.164 -0.166 -0.164 -0.134 -0.063 0.025 -0.066 -0.095 -0.148 -0.098 -0.111 -0.132 -0.147 -0.141 -0.163 -0.120 -0.154 -0.115 -0.106 -0.158 -0.099 -0.138 -0.141 -0.165 -0.168 -0.167 -0.167 -0.149 -0.105 -0.106 0.035 0.027 0.034 0.037 -0.025 -0.119 -0.081 -0.026 0.006 0.026 0.033 0.035 0.046 0.032 0.025 0.000
-0.220 -0.222 -0.222 -0.222 -0.212 -0.216 -0.210 -0.165 -0.067 0.055 -0.071 -0.111 -0.185 -0.115 -0.132 -0.162 -0.183 -0.175 -0.208 -0.145 -0.193 -0.138 -0.126 -0.200 -0.115 -0.170 -0.174 -0.212 -0.218 -0.222 -0.217 -0.187 -0.125 -0.126 0.069 0.058 0.068 0.072 -0.015 -0.143 -0.092 -0.017 0.028 0.056 0.066 0.069 0.085 0.065 0.054 0.020
-0.256 -0.260 -0.260 -0.260 -0.245 -0.250 -0.242 -0.187 -0.070 0.075 -0.075 -0.122 -0.210 -0.126 -0.147 -0.183 -0.207 -0.198 -0.239 -0.162 -0.220 -0.153 -0.140 -0.229 -0.126 -0.192 -0.197 -0.244 -0.252 -0.260 -0.252 -0.213 -0.138 -0.139 0.093 0.080 0.092 0.097 -0.008 -0.160 -0.099 -0.010 0.043 0.077 0.089 0.093 0.112 0.089 0.075 0.034
-0.244 -0.247 -0.247 -0.247 -0.234 -0.239 -0.231 -0.179 -0.067 0.071 -0.072 -0.117 -0.201 -0.121 -0.141 -0.175 -0.198 -0.190 -0.228 -0.156 -0.211 -0.147 -0.134 -0.219 -0.121 -0.184 -0.189 -0.233 -0.241 -0.247 -0.240 -0.204 -0.133 -0.134 0.087 0.075 0.086 0.091 -0.009 -0.154 -0.096 -0.010 0.040 0.072 0.084 0.087 0.105 0.083 0.070 0.031
-0.304 -0.312 -0.312 -0.312 -0.290 -0.297 -0.284 -0.213 -0.067 0.114 -0.073 -0.132 -0.243 -0.137 -0.163 -0.208 -0.239 -0.228 -0.280 -0.182 -0.256 -0.171 -0.154 -0.268 -0.136 -0.219 -0.226 -0.287 -0.299 -0.312 -0.298 -0.246 -0.152 -0.154 0.136 0.120 0.135 0.142 0.010 -0.180 -0.104 0.008 0.074 0.116 0.132 0.136 0.161 0.131 0.114 0.063
-0.190 -0.191 -0.191 -0.191 -0.185 -0.188 -0.184 -0.148 -0.065 0.038 -0.068 -0.102 -0.164 -0.105 -0.120 -0.145 -0.162 -0.156 -0.182 -0.131 -0.171 -0.125 -0.115 -0.176 -0.106 -0.152 -0.156 -0.185 -0.190 -0.191 -0.189 -0.166 -0.114 -0.114 0.050 0.041 0.049 0.052 -0.021 -0.129 -0.086 -0.022 0.015 0.039 0.047 0.050 0.063 0.047 0.037 0.009
-0.276 -0.282 -0.282 -0.282 -0.264 -0.270 -0.260 -0.198 -0.068 0.092 -0.074 -0.126 -0.224 -0.131 -0.154 -0.193 -0.220 -0.211 -0.256 -0.171 -0.236 -0.161 -0.146 -0.246 -0.130 -0.203 -0.209 -0.262 -0.272 -0.282 -0.271 -0.227 -0.144 -0.145 0.111 0.097 0.110 0.116 -0.000 -0.169 -0.101 -0.002 0.056 0.094 0.108 0.112 0.133 0.107 0.092 0.046
-0.177 -0.177 -0.177 -0.177 -0.173 -0.175 -0.172 -0.140 -0.063 0.031 -0.067 -0.098 -0.155 -0.101 -0.115 -0.138 -0.153 -0.147 -0.171 -0.125 -0.161 -0.119 -0.110 -0.166 -0.102 -0.144 -0.147 -0.173 -0.177 -0.177 -0.176 -0.156 -0.109 -0.109 0.042 0.033 0.040 0.044 -0.023 -0.123 -0.083 -0.024 0.010 0.032 0.039 0.041 0.053 0.039 0.030 0.004
-0.158 -0.157 -0.157 -0.157 -0.155 -0.157 -0.155 -0.128 -0.060 0.023 -0.063 -0.091 -0.140 -0.094 -0.106 -0.126 -0.140 -0.134 -0.154 -0.115 -0.146 -0.110 -0.101 -0.150 -0.095 -0.132 -0.134 -0.156 -0.159 -0.157 -0.158 -0.142 -0.101 -0.101 0.033 0.025 0.031 0.035 -0.024 -0.113 -0.078 -0.025 0.005 0.024 0.030 0.032 0.042 0.030 0.023 -0.001
-0.291 -0.297 -0.297 -0.297 -0.277 -0.284 -0.272 -0.205 -0.067 0.104 -0.073 -0.129 -0.234 -0.133 -0.158 -0.200 -0.229 -0.219 -0.268 -0.176 -0.246 -0.166 -0.150 -0.257 -0.133 -0.211 -0.217 -0.275 -0.286 -0.297 -0.285 -0.237 -0.148 -0.149 0.125 0.110 0.124 0.130 0.006 -0.174 -0.102 0.004 0.066 0.107 0.121 0.125 0.149 0.120 0.104 0.056
-0.137 -0.134 -0.135 -0.134 -0.136 -0.137 -0.136 -0.116 -0.061 0.006 -0.064 -0.086 -0.126 -0.089 -0.099 -0.115 -0.126 -0.121 -0.136 -0.106 -0.130 -0.102 -0.095 -0.133 -0.090 -0.120 -0.122 -0.137 -0.138 -0.134 -0.138 -0.127 -0.095 -0.094 0.014 0.008 0.012 0.015 -0.032 -0.105 -0.076 -0.033 -0.008 0.007 0.012 0.013 0.021 0.011 0.006 -0.013
-0.233 -0.236 -0.236 -0.236 -0.224 -0.229 -0.221 -0.173 -0.069 0.061 -0.073 -0.116 -0.194 -0.119 -0.138 -0.170 -0.192 -0.184 -0.219 -0.152 -0.203 -0.144 -0.132 -0.211 -0.120 -0.178 -0.183 -0.223 -0.230 -0.236 -0.230 -0.197 -0.130 -0.131 0.076 0.065 0.075 0.080 -0.014 -0.150 -0.095 -0.015 0.032 0.063 0.073 0.076 0.093 0.073 0.061 0.024
-0.241 -0.244 -0.244 -0.244 -0.231 -0.236 -0.228 -0.178 -0.069 0.066 -0.074 -0.118 -0.200 -0.122 -0.141 -0.174 -0.197 -0.189 -0.226 -0.156 -0.209 -0.147 -0.134 -0.217 -0.122 -0.183 -0.188 -0.230 -0.238 -0.244 -0.237 -0.202 -0.133 -0.134 0.082 0.069 0.080 0.085 -0.012 -0.154 -0.097 -0.013 0.036 0.067 0.078 0.082 0.099 0.078 0.065 0.027
-0.313 -0.321 -0.321 -0.321 -0.298 -0.305 -0.292 -0.217 -0.065 0.124 -0.072 -0.133 -0.249 -0.138 -0.165 -0.212 -0.244 -0.233 -0.287 -0.185 -0.262 -0.173 -0.156 -0.275 -0.137 -0.223 -0.230 -0.295 -0.307 -0.321 -0.306 -0.252 -0.153 -0.156 0.147 0.130 0.146 0.153 0.015 -0.183 -0.103 0.013 0.082 0.126 0.143 0.147 0.173 0.142 0.124 0.070
-0.328 -0.337 -0.336 -0.337 -0.311 -0.319 -0.304 -0.224 -0.062 0.140 -0.069 -0.134 -0.258 -0.139 -0.168 -0.218 -0.252 -0.241 -0.299 -0.190 -0.272 -0.177 -0.159 -0.286 -0.138 -0.230 -0.238 -0.307 -0.321 -0.337 -0.320 -0.261 -0.156 -0.158 0.164 0.146 0.163 0.170 0.024 -0.187 -0.102 0.021 0.095 0.142 0.160 0.165 0.193 0.159 0.140 0.082
-0.345 -0.355 -0.355 -0.355 -0.325 -0.335 -0.318 -0.229 -0.050 0.173 -0.057 -0.130 -0.266 -0.135 -0.167 -0.222 -0.260 -0.247 -0.312 -0.191 -0.282 -0.177 -0.157 -0.297 -0.134 -0.236 -0.244 -0.321 -0.337 -0.355 -0.336 -0.270 -0.153 -0.156 0.200 0.180 0.199 0.207 0.045 -0.188 -0.094 0.042 0.123 0.176 0.195 0.201 0.231 0.194 0.173 0.110
-0.327 -0.336 -0.336 -0.336 -0.310 -0.318 -0.303 -0.223 -0.061 0.141 -0.068 -0.133 -0.257 -0.138 -0.167 -0.217 -0.252 -0.240 -0.298 -0.189 -0.271 -0.176 -0.158 -0.285 -0.138 -0.230 -0.237 -0.306 -0.320 -0.336 -0.319 -0.261 -0.155 -0.157 0.166 0.147 0.165 0.172 0.025 -0.186 -0.101 0.022 0.096 0.144 0.161 0.166 0.194 0.160 0.141 0.084
-0.265 -0.270 -0.270 -0.270 -0.254 -0.259 -0.250 -0.191 -0.068 0.085 -0.073 -0.123 -0.216 -0.127 -0.149 -0.187 -0.213 -0.204 -0.246 -0.166 -0.227 -0.156 -0.142 -0.237 -0.127 -0.197 -0.202 -0.252 -0.261 -0.270 -0.261 -0.219 -0.140 -0.141 0.103 0.090 0.102 0.108 -0.003 -0.163 -0.099 -0.005 0.051 0.087 0.100 0.104 0.124 0.099 0.085 0.041
-0.155 -0.153 -0.154 -0.153 -0.152 -0.154 -0.152 -0.126 -0.061 0.020 -0.064 -0.091 -0.139 -0.093 -0.105 -0.125 -0.138 -0.133 -0.152 -0.114 -0.144 -0.109 -0.101 -0.148 -0.095 -0.130 -0.133 -0.153 -0.156 -0.153 -0.155 -0.140 -0.100 -0.100 0.029 0.022 0.027 0.031 -0.027 -0.112 -0.078 -0.027 0.002 0.021 0.027 0.028 0.038 0.026 0.019 -0.003
-0.158 -0.156 -0.157 -0.156 -0.155 -0.156 -0.154 -0.127 -0.060 0.023 -0.063 -0.090 -0.140 -0.093 -0.106 -0.126 -0.139 -0.134 -0.154 -0.114 -0.145 -0.109 -0.101 -0.149 -0.094 -0.131 -0.134 -0.156 -0.158 -0.156 -0.157 -0.141 -0.100 -0.100 0.033 0.025 0.031 0.035 -0.024 -0.113 -0.078 -0.025 0.005 0.024 0.031 0.032 0.042 0.030 0.023 -0.000
0.179 0.200 0.198 0.200 0.156 0.166 0.145 0.076 -0.026 -0.156 -0.022 0.018 0.101 0.018 0.035 0.069 0.093 0.087 0.136 0.050 0.111 0.042 0.033 0.125 0.014 0.076 0.082 0.147 0.164 0.200 0.166 0.103 0.029 0.033 -0.174 -0.162 -0.176 -0.180 -0.081 0.050 -0.004 -0.079 -0.126 -0.158 -0.172 -0.176 -0.198 -0.172 -0.158 -0.120
0.160 0.180 0.178 0.180 0.138 0.148 0.128 0.065 -0.028 -0.146 -0.025 0.012 0.087 0.012 0.027 0.058 0.080 0.075 0.120 0.041 0.097 0.033 0.025 0.110 0.008 0.065 0.069 0.130 0.146 0.180 0.147 0.090 0.022 0.025 -0.162 -0.151 -0.164 -0.168 -0.078 0.041 -0.008 -0.076 -0.119 -0.147 -0.160 -0.164 -0.184 -0.160 -0.148 -0.113
0.178 0.199 0.197 0.199 0.155 0.165 0.144 0.075 -0.028 -0.159 -0.024 0.016 0.100 0.017 0.034 0.068 0.092 0.086 0.135 0.049 0.110 0.040 0.031 0.124 0.012 0.075 0.080 0.146 0.163 0.199 0.165 0.102 0.027 0.031 -0.176 -0.164 -0.178 -0.182 -0.083 0.049 -0.005 -0.081 -0.128 -0.160 -0.174 -0.178 -0.200 -0.174 -0.160 -0.122
0.186 0.207 0.205 0.207 0.162 0.172 0.150 0.080 -0.027 -0.162 -0.023 0.019 0.105 0.020 0.037 0.072 0.097 0.091 0.142 0.052 0.116 0.044 0.035 0.130 0.015 0.080 0.085 0.153 0.170 0.207 0.172 0.108 0.031 0.035 -0.180 -0.168 -0.182 -0.186 -0.083 0.053 -0.003 -0.082 -0.131 -0.163 -0.178 -0.182 -0.205 -0.178 -0.164 -0.124
0.032 0.045 0.043 0.045 0.021 0.025 0.015 -0.012 -0.039 -0.075 -0.039 -0.028 -0.004 -0.029 -0.025 -0.015 -0.008 -0.009 0.010 -0.021 -0.000 -0.023 -0.024 0.006 -0.032 -0.014 -0.012 0.015 0.024 0.045 0.025 -0.003 -0.027 -0.024 -0.081 -0.078 -0.083 -0.083 -0.054 -0.020 -0.035 -0.054 -0.067 -0.076 -0.081 -0.082 -0.090 -0.081 -0.077 -0.065
-0.188 -0.188 -0.188 -0.188 -0.182 -0.185 -0.181 -0.146 -0.063 0.038 -0.067 -0.101 -0.162 -0.104 -0.119 -0.143 -0.160 -0.154 -0.180 -0.129 -0.169 -0.123 -0.113 -0.174 -0.105 -0.150 -0.154 -0.183 -0.187 -0.188 -0.186 -0.163 -0.112 -0.113 0.050 0.041 0.049 0.053 -0.020 -0.128 -0.085 -0.021 0.016 0.039 0.047 0.050 0.063 0.047 0.038 0.009
-0.099 -0.094 -0.095 -0.094 -0.101 -0.101 -0.103 -0.092 -0.054 -0.008 -0.056 -0.072 -0.098 -0.074 -0.081 -0.092 -0.099 -0.096 -0.104 -0.086 -0.101 -0.083 -0.078 -0.102 -0.076 -0.095 -0.097 -0.103 -0.102 -0.094 -0.101 -0.099 -0.078 -0.078 -0.004 -0.008 -0.005 -0.003 -0.035 -0.085 -0.065 -0.035 -0.018 -0.008 -0.005 -0.004 0.000 -0.006 -0.009 -0.022
0.030 0.042 0.041 0.042 0.018 0.023 0.012 -0.013 -0.039 -0.074 -0.039 -0.029 -0.006 -0.030 -0.026 -0.017 -0.010 -0.010 0.008 -0.022 -0.002 -0.024 -0.025 0.004 -0.033 -0.015 -0.013 0.013 0.021 0.042 0.022 -0.005 -0.027 -0.025 -0.079 -0.076 -0.081 -0.082 -0.054 -0.021 -0.035 -0.053 -0.066 -0.074 -0.079 -0.081 -0.088 -0.080 -0.075 -0.065
0.107 0.123 0.122 0.123 0.089 0.097 0.081 0.033 -0.032 -0.115 -0.030 -0.005 0.049 -0.004 0.006 0.028 0.043 0.040 0.074 0.015 0.056 0.010 0.005 0.066 -0.008 0.032 0.036 0.082 0.095 0.123 0.096 0.051 0.002 0.005 -0.126 -0.119 -0.128 -0.131 -0.067 0.016 -0.018 -0.066 -0.096 -0.116 -0.125 -0.128 -0.143 -0.126 -0.116 -0.092
0.156 0.176 0.174 0.176 0.135 0.144 0.125 0.063 -0.027 -0.142 -0.024 0.011 0.085 0.012 0.026 0.056 0.077 0.072 0.116 0.039 0.094 0.032 0.024 0.107 0.007 0.063 0.067 0.126 0.142 0.176 0.144 0.087 0.021 0.024 -0.158 -0.147 -0.160 -0.163 -0.076 0.039 -0.008 -0.074 -0.116 -0.143 -0.156 -0.160 -0.179 -0.156 -0.144 -0.110
0.174 0.195 0.193 0.195 0.151 0.161 0.140 0.073 -0.027 -0.155 -0.024 0.016 0.097 0.017 0.033 0.066 0.089 0.084 0.132 0.047 0.108 0.039 0.030 0.121 0.012 0.073 0.078 0.143 0.160 0.195 0.161 0.100 0.027 0.031 -0.172 -0.160 -0.174 -0.178 -0.081 0.047 -0.005 -0.079 -0.125 -0.156 -0.170 -0.174 -0.196 -0.170 -0.157 -0.119
0.180 0.201 0.199 0.201 0.156 0.167 0.145 0.076 -0.027 -0.158 -0.023 0.017 0.101 0.018 0.035 0.069 0.093 0.087 0.136 0.050 0.112 0.041 0.032 0.125 0.013 0.076 0.082 0.147 0.165 0.201 0.166 0.104 0.028 0.032 -0.176 -0.164 -0.178 -0.182 -0.082 0.050 -0.004 -0.081 -0.128 -0.160 -0.174 -0.178 -0.200 -0.174 -0.160 -0.122
0.209 0.231 0.229 0.231 0.183 0.194 0.171 0.093 -0.026 -0.178 -0.022 0.025 0.121 0.026 0.046 0.085 0.112 0.105 0.161 0.063 0.133 0.053 0.042 0.149 0.021 0.093 0.099 0.173 0.193 0.231 0.194 0.124 0.038 0.042 -0.198 -0.184 -0.200 -0.205 -0.090 0.063 0.000 -0.088 -0.143 -0.179 -0.196 -0.200 -0.225 -0.196 -0.180 -0.135
0.174 0.194 0.192 0.194 0.151 0.161 0.140 0.072 -0.028 -0.155 -0.024 0.015 0.097 0.016 0.032 0.065 0.089 0.083 0.131 0.047 0.107 0.039 0.030 0.120 0.011 0.073 0.078 0.142 0.159 0.194 0.160 0.099 0.026 0.030 -0.172 -0.160 -0.174 -0.178 -0.081 0.047 -0.006 -0.080 -0.126 -0.156 -0.170 -0.174 -0.196 -0.170 -0.157 -0.119
0.154 0.173 0.171 0.173 0.132 0.142 0.122 0.061 -0.029 -0.143 -0.026 0.009 0.083 0.010 0.025 0.054 0.075 0.070 0.114 0.037 0.092 0.030 0.023 0.104 0.006 0.061 0.065 0.124 0.140 0.173 0.141 0.085 0.019 0.023 -0.158 -0.148 -0.160 -0.164 -0.077 0.038 -0.009 -0.075 -0.116 -0.144 -0.157 -0.160 -0.180 -0.157 -0.145 -0.111
0.094 0.110 0.108 0.110 0.077 0.084 0.069 0.025 -0.034 -0.109 -0.032 -0.009 0.040 -0.009 0.000 0.020 0.034 0.031 0.063 0.009 0.046 0.004 -0.001 0.056 -0.013 0.024 0.027 0.070 0.082 0.110 0.084 0.041 -0.003 -0.000 -0.120 -0.113 -0.122 -0.124 -0.065 0.009 -0.022 -0.065 -0.092 -0.110 -0.119 -0.122 -0.135 -0.119 -0.111 -0.088
