-0.9	0.0	-0.2	0.7	0.5	0.6	-0.8	-0.4	0.3	-0.3	-0.4	0.7	0.7	0.7	0.9	0.6	0.2	-0.8	-0.2	-0.7	0.5	-0.0	0.3	0.2	0.9	-0.3	-0.8	1.0	-0.2	0.4	-0.3	0.7	-0.6	-0.9	-0.3	0.5	0.7	-0.5	-0.5	0.5	-0.7	0.4	0.8	-0.5	-0.3
-0.9	0.0	-0.2	0.7	0.5	0.6	-0.8	-0.4	0.3	-0.3	-0.4	0.7	0.7	0.7	0.9	0.6	0.2	-0.8	-0.2	-0.7	0.5	-0.0	0.3	0.2	0.9	-0.3	-0.8	1.0	-0.2	0.4	-0.3	0.7	-0.6	-0.9	-0.3	0.5	0.7	-0.5	-0.5	0.5	-0.7	0.4	0.8	-0.5	-0.3
-0.78663 0.03916 0.04530 0.81804 0.78759 1.55765 -1.40026 -1.08337 -0.06846 -0.03260 -0.73379 1.13476 1.37276 0.40450 0.67779 1.97843 -1.86743 -0.81518 -1.04777 -0.77080 2.18663 1.33282 -0.38569 0.60919 0.81625 -1.23472 -1.85313 2.47772 1.44287 4.11222 -0.22855 -0.44728 -0.53763 -4.38881 -0.16680 1.86811 -4.96622 1.57332 3.02622 2.29610 7.22597 13.51460 -0.14918 -9.40763 -9.37658 
-0.67994 0.09850 0.51923 1.28782 0.84775 1.71736 -1.82528 -1.30322 -0.27954 0.06909 -1.47672 0.35983 1.35624 1.09801 2.33175 0.21047 -0.05731 -0.27544 -0.54336 -0.28935 2.53296 -0.07963 -0.22516 1.44948 0.58330 -2.71799 -1.04816 4.88029 2.67403 9.57706 0.67884 -0.37471 0.75359 -5.72112 1.51872 3.32915 -7.23939 5.93761 4.70409 3.92983 11.01865 15.80003 1.66470 -20.72828 -9.04096 
-0.53542 -0.01979 1.09101 1.44499 1.02476 1.99154 -1.84261 -0.93114 -0.91423 0.67233 -2.71850 1.23475 2.23106 2.63074 2.54907 0.77739 0.63695 0.41392 -1.43975 -1.12230 1.93120 -0.13801 -0.38560 2.27042 1.10742 -2.40813 -0.66855 5.25854 1.70344 16.75641 0.58353 0.97458 -2.66681 -9.12846 2.88411 5.26765 -9.23834 9.80591 5.02785 9.26852 21.17842 11.65014 0.84536 -12.28915 -8.97253 
-0.36933 -0.02549 1.58701 1.39277 1.31788 2.58210 -2.24326 -1.73570 -0.49042 0.78380 -3.49142 1.08069 2.93072 2.97264 2.98605 2.64080 -0.19057 1.31109 -1.11229 -1.08042 3.08160 0.28125 -2.30095 4.23414 1.59499 -3.80816 0.11234 8.87883 5.40722 15.38301 1.56612 -0.03314 -0.12934 -12.38159 2.13545 7.61643 -5.96438 10.55256 2.62631 8.19343 16.94646 8.53246 4.89129 -9.77643 -9.70807 
-0.11264 -0.16959 2.42419 1.70483 2.07654 3.31474 -3.02156 -1.57312 0.39744 1.32102 -4.64431 0.91114 3.15740 3.85795 4.42756 1.23502 -5.76462 2.22841 -1.35217 0.10446 3.63178 -1.13715 1.88655 8.99649 2.19034 -4.07664 -0.02867 9.10061 7.92871 14.54580 2.32746 -2.09148 -0.54912 -17.42209 0.25110 8.13259 -4.44083 17.56974 7.95296 7.94177 24.97644 -0.86785 6.58108 -12.20330 -11.49710 
0.31484 -0.56207 3.59287 1.78344 2.82665 4.08886 -2.86339 -0.97010 0.60454 1.45047 -4.47203 0.67372 3.05178 4.59616 5.19186 0.94196 -7.95625 2.19492 -2.22210 1.64646 5.28850 -0.88680 -1.68116 9.33216 1.64521 -6.40306 2.34668 11.19033 5.33459 9.25374 1.37742 -2.87599 -0.99891 -16.52373 7.66053 10.60404 -2.81340 17.36604 6.19237 11.28287 24.79116 -7.97307 5.59101 -11.58667 -7.16980 
0.87685 -0.69313 4.87738 1.62001 2.91894 4.43507 -2.39589 -1.31661 1.23343 1.35766 -5.07471 0.59176 2.02295 6.87523 8.47827 -1.37921 -9.77641 3.40873 -3.03017 3.59367 5.50539 -2.63356 -2.29414 14.55713 2.67413 -5.57370 3.33550 10.80238 4.99509 15.71020 -0.21712 -4.05967 2.93517 -9.12184 10.38831 14.76265 2.85800 13.96905 4.74021 11.86211 13.61097 -6.59861 0.09296 -7.84305 11.65684 
1.27172 -0.54591 5.51483 2.31226 3.58198 5.74382 -2.33479 -0.36428 1.78897 1.91335 -6.02552 -0.56620 2.28870 7.90038 10.58422 -5.74519 -11.88205 4.22097 -1.65759 5.60768 7.18751 -6.70886 5.53779 19.56638 2.84340 -8.61320 4.10287 14.09531 8.35493 20.01587 -0.06072 -4.76160 3.34675 -7.44643 11.89182 18.45361 7.02213 10.48103 6.66257 8.36587 15.14141 -0.86888 -1.91015 -16.38084 0.20882 
1.79060 -0.55931 6.93073 2.40817 4.88516 6.84093 -3.31694 1.52043 2.90014 1.64792 -6.25317 0.09404 2.43292 9.24352 10.46660 -8.64584 -13.66085 5.16347 -2.64519 5.54809 9.19361 -6.13018 8.46871 21.84581 3.87717 -7.85149 8.36876 14.33361 7.62205 15.36701 -2.30253 -2.66185 5.52175 -8.06545 14.50717 18.10703 4.64638 9.86210 15.64260 7.10587 24.48355 -7.79979 -1.64444 -11.83989 14.95193 
2.38574 -0.65345 8.35959 2.61104 5.73405 7.93331 -3.35530 1.55704 3.28751 1.94211 -6.51430 1.04871 1.61314 10.85900 8.28246 -7.81907 -12.86771 5.41690 -4.56302 4.52568 9.21872 -0.25648 10.52723 23.46588 3.23811 -8.72701 6.78814 15.56183 5.70403 17.33863 -2.09405 -2.76226 7.59075 -4.94990 15.94283 19.86912 4.85200 10.41988 24.63153 7.95661 19.27467 -9.41645 -2.39028 -4.51440 18.17835 
2.85655 -0.33292 9.07393 3.40988 5.85629 9.44088 -2.20986 1.05347 4.27170 2.12830 -6.70014 -0.08790 1.59691 10.96728 6.06161 -10.51366 -14.65005 5.85909 -4.18943 3.64696 10.74476 2.91022 8.58591 24.39199 3.11458 -6.64879 5.85932 12.98688 4.92172 14.69186 -1.93862 -2.81085 8.71164 1.01796 9.96994 20.91937 8.28822 12.71360 24.80985 7.26058 16.97927 -1.90710 -1.68178 -11.57160 23.78632 
3.30951 0.03719 9.40302 3.89907 5.96877 9.54417 -1.91078 1.09754 4.75630 1.61104 -5.05786 0.86279 1.49299 11.80511 6.99612 -7.66130 -15.45919 5.12753 -4.90943 4.11073 11.89234 3.85362 7.06433 22.30268 1.98099 -7.06220 5.37436 17.66371 9.38241 11.13158 -2.85206 -3.91436 11.22017 1.65445 9.48475 22.52321 9.95963 15.37403 25.02953 5.49577 13.16168 0.36135 0.73858 -1.75920 35.49850 
3.76872 0.39422 9.85766 4.25097 5.68200 10.20455 -1.40430 2.37231 4.16392 1.74162 -4.68699 0.13729 3.40246 11.59876 4.75613 -9.52970 -13.87198 4.97180 -4.39982 3.58898 13.19501 7.58058 10.44891 24.56204 1.45143 -7.16802 7.35279 18.63998 8.68063 14.83689 -3.08843 -3.58749 13.72763 0.94036 8.82402 23.75662 7.86147 17.80384 29.03354 3.78450 14.70650 5.97130 1.89664 -13.75770 35.15507 
4.33610 0.23985 10.59873 4.50278 5.60302 10.79276 -0.68300 2.60157 3.24205 2.12945 -5.31628 -0.64563 4.31594 12.29437 5.24369 -7.58879 -11.52814 5.35808 -2.92615 4.42802 13.27445 4.50478 11.58237 25.94526 1.12115 -6.56501 7.62368 20.08265 13.26648 16.31664 -2.46557 -2.40871 13.04649 4.93051 7.99828 25.54572 9.43032 21.57966 29.61116 3.02553 14.66606 9.88672 -2.09470 -15.44494 43.71381 
4.78058 0.12663 11.58865 4.76778 5.97413 11.63045 -0.05999 2.11274 4.57691 2.29888 -5.58638 -0.28538 4.98953 12.29846 4.52894 -6.75752 -11.16547 5.65733 -3.45680 3.71224 15.50654 5.44609 11.00357 27.56745 0.97819 -6.38365 7.64414 21.32937 10.91093 17.00705 -2.82313 -2.83322 14.11357 2.82031 6.76791 28.63000 10.55539 23.62670 28.97031 1.27802 16.29217 9.19936 -1.06823 -12.93751 42.62150 
5.20889 0.40231 12.09478 4.76220 6.47563 12.30797 0.14226 2.75569 4.76980 2.31423 -5.55971 -0.56303 4.30851 13.98586 6.61316 -5.75918 -11.57408 6.00751 -3.06800 5.73878 14.71422 1.52319 9.46801 30.48811 1.52602 -4.83570 5.75263 24.27878 10.01646 20.76156 -2.31561 -2.59875 15.50996 2.30986 4.86342 30.43853 12.36721 23.52625 34.09436 -0.84351 12.39780 14.31905 -0.20936 -20.68778 47.13532 
5.52492 0.74335 12.68236 5.22292 6.89187 12.62380 0.57497 3.25466 6.70533 1.76475 -4.65508 0.10642 4.68103 15.66673 6.23198 -5.18205 -15.32093 5.68469 -4.15944 4.90223 14.68866 3.61437 8.88402 34.52588 1.71428 -5.91385 5.92277 26.56006 11.85202 16.84497 -2.90367 -2.36348 18.38214 0.09956 3.52352 31.58852 15.56753 25.70553 33.10035 -2.87530 15.49936 21.10318 0.75389 -23.93936 48.58921 
5.98327 1.14074 13.33118 5.40367 7.55897 12.63429 0.44810 2.83085 7.60511 1.29684 -4.08679 -0.73876 4.68001 15.43224 5.97715 -3.20159 -15.45685 5.46053 -3.41671 4.70320 15.99661 5.35394 9.63971 34.33427 2.37344 -6.38655 6.60037 26.80237 16.13647 14.03440 -2.42080 -0.90201 19.21452 -0.50732 1.96187 32.98272 13.59225 27.00660 30.09628 -4.37916 16.74785 28.59410 1.54185 -20.18518 44.83899 
6.32077 1.30498 13.81980 5.81710 7.90708 13.21684 0.61340 4.17366 8.07360 1.16520 -3.57689 -1.19542 5.02784 16.39781 6.26991 -5.49107 -17.09115 5.47456 -3.20109 6.26260 15.44347 4.86799 11.49975 37.87972 2.41876 -6.15231 6.95297 27.32368 14.55053 13.61566 -1.70760 -0.92045 18.85686 0.91374 4.91283 34.04250 15.10256 28.25507 30.49430 -4.27963 14.49017 30.36441 1.82691 -28.01051 46.41305 
6.68927 1.31409 14.53294 6.28389 7.92561 13.85065 1.43748 4.54814 8.40643 1.35568 -3.93877 -1.73328 4.87327 17.63911 5.72932 -5.67217 -18.58215 5.60109 -3.28728 6.23572 15.80015 6.86709 12.20876 39.04417 2.36355 -5.47932 9.04524 27.97987 14.03771 9.81894 -1.19004 -0.20642 18.65468 1.33491 3.60335 35.37670 15.89976 27.20357 28.07314 -7.24348 17.95695 36.52361 -0.49498 -26.06743 48.75214 
7.03267 1.05056 15.59058 6.69799 8.24213 14.78272 1.61841 5.34476 7.88178 1.64401 -3.92664 -1.31696 4.79537 18.04172 5.39319 -6.15306 -17.83750 5.51462 -4.09612 5.93359 16.36128 8.35775 11.86417 39.41200 2.40607 -5.85016 8.97921 29.64853 16.51391 11.08761 -0.80006 0.63675 17.01473 5.04338 -0.96307 35.94693 16.41896 24.97229 29.48260 -7.05897 15.58650 44.66884 -2.93389 -26.02618 49.95200 
7.40247 0.86522 16.43918 6.84389 8.81072 15.31322 1.89837 5.69390 8.48692 1.44069 -3.50454 -1.14196 4.89809 18.23819 5.99599 -8.57673 -21.51802 5.33219 -4.39640 6.37296 17.62534 9.27007 13.15160 42.91257 2.82596 -3.84824 9.57768 27.54367 18.35987 12.47690 -0.01502 0.96562 16.84427 5.46823 -1.67389 36.70511 16.62680 24.32896 30.42884 -6.96579 24.04332 34.55630 -2.84890 -37.71726 61.64591 
7.81754 0.81251 16.98644 7.09877 9.14420 15.98551 2.01095 6.03169 9.31509 1.45469 -3.99951 -1.88886 5.31328 18.52018 4.15351 -8.87420 -16.23781 6.11611 -3.65945 6.53421 19.33823 10.98712 14.57667 36.32726 2.92460 -3.80536 9.66180 29.86451 21.46449 10.29838 -0.04311 0.49129 14.38201 9.73065 -1.80063 38.11281 15.91052 26.65762 33.06580 -4.34755 23.24846 40.71167 -5.07056 -53.87422 70.99027 
8.15791 0.84269 17.68939 7.88267 9.33447 16.70289 2.74831 5.76140 8.78926 1.42882 -4.41063 -3.21105 4.24387 19.92690 4.07289 -9.15647 -15.74142 6.59377 -2.18995 7.19127 19.62819 12.61610 15.33312 31.83585 2.61134 -3.92991 10.04357 31.87993 21.58655 10.97116 -0.80212 1.05396 14.77862 11.67833 -5.68509 39.39563 17.41885 25.09505 35.20134 -4.38141 25.70494 41.82467 -3.44951 -52.11709 76.46292 
8.62834 0.66616 18.39639 8.02856 9.37867 17.68172 2.97004 5.14891 9.84748 1.47481 -3.81370 -2.86344 4.48450 22.01539 4.67144 -9.19585 -19.19367 6.03943 -2.97880 7.67679 17.94477 12.66313 14.15615 34.27723 3.05375 -4.64687 10.05547 34.46752 22.53897 6.90816 -1.83867 0.47194 16.34575 15.35654 -8.02013 40.90955 17.11610 25.42210 36.98047 -3.38538 21.98261 43.77754 -5.81450 -52.51360 75.92928 
8.97318 0.48394 18.97587 8.15686 9.74768 18.72704 3.17879 5.16320 11.23478 1.83933 -4.51271 -2.36993 5.28391 20.91765 4.24149 -8.51551 -20.86312 6.68666 -3.11554 7.77539 20.08542 12.82719 13.29123 35.18458 2.92898 -4.80541 10.02008 35.07843 24.31634 11.04158 -2.64018 -1.03526 15.96498 17.77243 -6.24337 42.46636 18.25542 26.66158 39.39051 -3.09582 23.11798 37.31321 -9.04154 -49.86467 80.99866 
9.29336 0.17425 20.13793 8.75668 10.49360 19.14203 2.19884 5.53484 12.53367 2.38754 -5.75239 -2.27702 5.14540 21.83710 4.75469 -7.12509 -21.48879 7.24715 -3.87759 9.89915 21.42982 11.55388 10.88681 37.67798 2.50855 -5.38192 12.38844 37.96822 22.09952 11.09532 -1.34077 -1.08567 14.01059 17.16750 -10.73170 42.68820 19.53967 26.75293 38.35106 -2.09350 25.66841 43.53905 -10.69637 -52.18671 87.52637 
9.56840 0.35622 20.68811 9.40593 11.02153 19.47190 1.87143 5.22187 12.85866 2.11587 -5.64325 -2.63854 4.97733 22.98659 3.45786 -6.81925 -23.65249 7.59429 -3.69450 9.56254 21.43412 13.34843 10.99856 40.91694 2.35100 -5.43192 12.49123 39.01038 20.60834 12.65314 -1.26439 -1.65343 16.29003 15.75214 -10.51431 43.70248 18.13262 28.46361 41.32333 -4.02021 31.52164 39.49491 -9.07842 -58.55901 90.68700 
9.84736 0.36513 21.25977 9.53973 11.15648 19.69629 2.59835 5.29151 13.70125 2.44675 -6.49089 -2.38338 5.45044 23.56513 2.21210 -8.46060 -20.94557 8.45993 -3.71338 9.16990 22.06149 17.63495 11.74617 41.04755 2.72349 -6.00538 12.97178 41.23950 23.49087 11.47930 -1.83228 -1.40068 18.21731 16.29264 -12.47350 44.37654 17.85347 30.42332 42.65546 -7.11269 32.41494 47.63632 -9.46465 -55.70288 94.23680 
10.15462 0.29438 21.70373 9.50503 11.71754 20.42815 2.39803 5.13497 12.78789 2.50105 -6.44736 -2.11086 5.14042 24.81746 1.55196 -10.65186 -18.50654 8.74043 -3.92212 10.55228 23.69778 19.65045 12.17065 36.46729 3.34745 -6.04577 13.32749 43.05636 22.31335 13.15980 -2.94526 -2.17185 22.47207 19.82932 -13.44744 45.56739 19.46885 30.41532 43.33686 -10.53425 33.72045 47.64317 -10.51903 -54.73007 106.58235 
10.40798 0.35232 22.42281 10.15845 11.86742 20.95905 2.90143 5.39437 12.59228 2.62088 -6.70496 -2.96796 4.92887 25.69320 0.55059 -10.56067 -19.46950 8.93297 -3.37944 11.21160 23.12371 22.63432 13.30685 39.36997 2.99716 -5.05899 12.61875 44.02168 24.15695 12.70226 -1.81384 -2.42558 21.24366 19.63126 -15.18351 45.80094 18.73971 31.62747 47.08505 -12.27693 33.59498 56.99879 -8.87767 -52.71426 112.98010 
10.72065 0.34502 22.77980 10.04909 12.52744 21.48681 2.81149 5.46471 12.15929 2.62846 -6.66012 -2.39503 3.76306 25.53394 0.05000 -10.57923 -18.67082 9.29325 -3.60846 12.79029 24.11105 22.77140 15.85589 39.15830 3.29721 -3.97605 13.62974 45.13728 21.13072 13.24083 -1.77334 -2.75177 21.37282 19.58793 -11.44623 46.87251 20.38241 32.83569 45.29480 -13.38984 33.73881 53.23751 -9.42953 -58.95913 114.27772 
11.03065 0.50093 23.13951 10.01073 12.51409 21.93492 2.29451 5.71607 12.36811 2.72533 -6.91138 -2.39933 3.28401 26.04969 0.49586 -9.59309 -16.93893 9.59375 -3.66216 13.14368 23.92566 24.12467 15.51692 39.04660 3.80068 -3.17208 13.90669 48.30371 21.86138 16.33620 -1.56991 -3.79087 23.73085 19.22386 -7.02799 47.67118 21.25664 35.85480 46.27158 -14.12467 34.84643 48.78390 -8.67877 -62.45968 121.74737 
11.22450 0.82045 23.42493 10.45118 12.67890 22.50701 2.80770 5.00886 13.01879 2.70586 -6.61206 -2.37383 3.35114 24.88282 -1.72156 -8.97849 -17.75256 9.62223 -4.25504 13.62419 26.13805 27.28083 16.17919 40.31717 3.87259 -3.16309 14.67691 48.54461 25.04108 16.62948 -2.22699 -4.34292 26.67329 19.88566 -10.00899 49.49438 24.15710 37.97327 46.92270 -15.68038 34.80309 49.00343 -8.94971 -62.42907 125.43408 
11.54889 0.74113 23.82041 10.41714 12.52947 23.30899 3.84641 5.26213 13.29796 2.79000 -6.73008 -1.46059 3.89225 24.82027 -2.56980 -9.16599 -16.89690 9.94620 -4.87226 13.13224 26.68450 29.47315 16.54421 41.23968 4.19100 -1.88032 16.01887 47.17024 25.11851 11.96296 -2.47146 -3.51380 27.35569 20.09780 -10.16755 51.22788 22.41664 37.05501 49.93129 -14.96152 36.17460 46.68801 -8.91104 -60.26728 136.87737 
11.77947 1.06159 24.12156 10.72870 12.81315 24.08886 4.31778 4.92872 13.50656 2.33264 -5.90918 -1.13490 4.05383 25.17437 -2.81626 -11.56458 -18.32317 9.63744 -5.04152 13.54104 27.73628 30.01928 17.53394 43.88935 4.20638 -0.91562 15.96955 45.94901 25.89897 13.42672 -2.05324 -3.81536 26.70880 22.51953 -5.79439 51.47569 21.72384 39.70816 52.98162 -13.71607 30.72220 51.43309 -13.19923 -59.99510 145.70515 
12.02797 1.12480 24.45959 10.81090 12.84271 24.51053 4.94959 5.33421 14.33560 2.13407 -5.88604 -0.91274 4.30973 25.78445 -2.49545 -12.24898 -20.09457 10.09681 -5.02867 13.45312 28.06401 31.02137 18.00252 45.69355 4.47412 -1.49561 17.05867 47.01102 24.51550 12.99628 -2.57415 -3.37733 27.94734 23.49145 -8.13622 52.43058 22.04885 39.95380 53.97857 -14.03850 28.75666 55.01369 -12.75731 -64.95556 150.40009 
12.29369 1.25444 24.73326 10.98170 12.98803 25.33179 4.82460 4.85825 15.19283 2.20961 -5.56027 -1.73206 4.65461 25.15458 -1.05416 -11.58816 -19.48870 10.00159 -4.13780 12.30739 29.71715 29.50902 20.43898 46.24245 4.76814 -0.63347 18.11972 46.94734 24.12890 11.49373 -2.82399 -3.22906 30.41347 25.04739 -7.48230 53.58871 20.94671 40.48019 55.98753 -16.08458 28.40780 54.91146 -13.83833 -70.40189 152.29393 
12.49242 1.15891 25.43427 11.60008 13.73233 25.81501 4.73760 4.38461 15.76960 2.38323 -5.69708 -2.16915 4.72909 25.47422 -0.34126 -11.54754 -19.70354 10.08432 -4.15716 12.08302 31.47557 28.69072 20.41267 45.10182 4.69551 -2.96691 18.97577 49.06887 26.04406 11.87592 -3.73522 -1.66619 31.24219 26.67057 -8.51566 55.24500 19.89553 41.53633 56.27900 -14.86754 29.21180 53.44055 -16.45973 -68.84281 167.94763 
12.74523 1.20727 26.07937 11.92587 13.70930 26.36239 4.34300 4.34285 15.37826 2.47017 -5.90114 -2.24740 4.80397 26.50835 1.44705 -9.41461 -19.69498 10.22991 -4.65455 11.20857 32.13698 28.15658 17.61067 47.43709 4.90897 -2.39055 20.25914 49.29637 26.74979 17.85374 -2.94083 -0.75297 29.64444 30.53636 -6.42407 56.51413 19.15368 39.55268 58.49564 -14.45647 24.29809 54.56703 -16.37696 -74.46194 172.72653 
12.98054 1.04393 26.86803 12.00089 14.07059 27.04852 4.41569 4.85448 15.73906 2.69234 -6.67085 -1.90151 3.60902 26.36616 2.76644 -7.82526 -21.02495 11.01976 -5.25134 12.65770 32.52664 27.84768 16.55512 48.29418 5.26146 -1.92617 20.18436 49.58812 27.82809 15.33560 -1.97480 -1.35334 29.02950 31.53756 -8.60550 58.23330 22.17171 39.59015 57.44867 -13.78170 20.04477 56.38682 -16.74062 -77.32094 177.63591 
13.16886 1.27336 27.18766 12.32749 14.37787 27.52977 5.04077 4.76960 16.11633 2.41331 -5.82783 -2.80491 4.95790 27.04793 0.21110 -10.88596 -18.89100 10.65841 -4.56801 11.65109 32.07967 30.16709 19.15469 46.86070 5.64547 -1.73207 20.26781 49.55119 27.51637 12.75460 -2.61589 -1.41959 28.71286 32.60303 -4.41864 58.95673 23.38575 40.29407 61.17481 -11.95179 23.26268 48.46733 -14.33779 -78.92497 182.39420 
13.39547 1.38823 27.37839 12.66275 15.29892 28.10355 4.98025 4.54836 16.10182 2.29288 -5.18959 -2.41872 5.37231 28.07082 -1.00631 -11.90677 -24.77386 10.20434 -4.92689 12.34741 34.17347 32.16273 19.16743 48.54261 5.84511 -3.62296 20.77359 51.20203 29.05051 14.30538 -3.35555 -0.95731 28.28749 29.21133 0.76905 60.50241 22.79359 40.87019 60.17249 -11.36958 29.81840 47.97884 -11.71037 -79.67115 186.68989 
13.67819 1.19236 28.16560 13.22475 14.70052 29.30786 6.00718 4.01162 15.96745 2.70927 -6.70296 -3.37886 5.77280 27.53591 -3.25815 -11.67011 -27.70954 11.34701 -3.56508 11.75824 36.02988 34.87821 18.54214 51.37524 5.66430 -1.60615 21.86748 51.88037 27.54966 17.38719 -3.07138 -0.05419 26.73360 30.48011 0.63182 62.18148 20.66537 42.13398 60.55606 -9.83284 32.29714 48.04038 -11.89555 -83.66569 197.85749 
13.95377 0.80978 28.70934 13.57803 14.94404 29.66245 5.69115 4.34943 16.18526 2.89146 -7.00748 -2.72607 5.68166 28.31883 -3.18212 -10.33889 -27.92217 11.64376 -4.11690 12.67987 37.40784 34.26909 19.77488 52.53806 5.70639 -1.26927 22.85695 52.98377 27.46718 19.75948 -3.52582 -0.49688 28.59241 30.53884 -4.43993 63.26407 21.95140 43.61610 62.46661 -10.77437 30.10063 56.31778 -9.67554 -92.03259 197.75981 
14.14329 0.97276 29.04376 13.97842 15.12301 30.11701 6.39085 4.45335 15.30894 3.12706 -7.13133 -2.77806 5.12276 28.80854 -2.76711 -9.12567 -27.95354 11.62835 -4.12189 13.59814 38.20531 33.79240 20.21507 51.43928 5.83378 -2.15602 24.28326 55.03133 29.74831 18.44027 -3.59480 -1.38068 29.98540 28.98712 -4.12724 64.11499 24.33526 43.36572 65.39918 -12.60331 32.31359 56.43503 -7.90103 -94.41609 207.53443 
14.37391 1.03915 29.31598 14.40507 15.32225 30.96553 6.59541 4.75303 15.24596 3.11392 -6.35523 -2.71550 4.99943 28.53216 -2.02776 -7.88934 -30.19176 10.91333 -4.09092 14.26457 38.76749 32.96163 19.05834 53.19171 6.02006 -1.75457 23.97979 54.53902 31.59325 21.85892 -3.28463 -0.52506 31.72167 28.39464 -9.03090 64.86220 23.02164 44.29411 65.65943 -13.53853 33.87535 60.83135 -7.83879 -94.18936 215.48140 
14.63994 0.84632 29.74535 14.33379 15.28698 31.61426 6.91573 4.33302 14.76326 3.52904 -6.57645 -2.63184 5.58775 28.87032 -1.59133 -5.37327 -30.03592 10.91175 -3.69449 13.62781 40.02382 33.51864 18.91328 52.05032 6.49687 -0.40509 23.63238 54.04879 35.67609 21.14993 -2.91771 0.05905 31.16548 28.81546 -11.88525 65.75891 21.72812 45.62007 64.56069 -12.11819 32.35161 65.81092 -8.09833 -96.80474 218.46781 
14.84420 1.13327 29.90705 14.46392 15.61223 32.37644 7.53224 4.86935 15.22577 3.51663 -6.60282 -2.34997 5.71439 29.99483 -2.99896 -3.91732 -28.92855 11.15212 -3.78546 12.79113 39.88203 35.13834 16.08797 52.15287 6.82420 0.19106 24.74743 52.42064 35.63921 18.05455 -2.50827 -0.05086 30.53891 28.76721 -11.63554 67.33545 23.81514 43.89364 66.96957 -12.63125 33.33194 65.10869 -8.09882 -99.18011 212.36539 
15.09648 1.10842 30.13814 14.77700 15.78486 32.72654 7.27820 4.83979 15.93009 3.23803 -5.77781 -1.81452 5.24802 30.82954 -1.23790 -3.77210 -28.99954 10.71696 -4.43884 13.09005 39.74635 35.24490 15.84105 53.92220 7.14995 -0.33819 25.85806 53.60679 33.13694 19.80556 -1.74074 -0.33179 30.12068 30.82269 -10.76068 69.08634 24.36326 44.52702 69.32256 -12.02584 31.48060 63.05824 -9.21534 -100.33331 212.51883 
15.35553 0.91787 30.67209 14.74512 16.19101 33.57537 7.27577 4.41376 16.24794 3.24977 -5.64336 -1.23475 5.61452 30.07915 -2.44726 -4.64873 -27.42701 10.78356 -5.16745 13.13614 41.07900 37.68968 18.23785 50.96719 7.77916 -0.47209 27.09387 55.80726 36.08025 18.47108 -2.03995 -0.32394 30.89435 32.74513 -11.63441 69.70455 25.55097 46.88060 70.74315 -12.03625 36.15964 63.56542 -11.04907 -107.25809 223.80350 
15.57353 0.71143 31.46450 14.89344 16.25792 34.11447 7.51102 4.89074 15.53714 3.43635 -6.33839 -0.87632 6.02966 30.77467 -2.64148 -6.00618 -27.38591 11.18014 -5.95781 13.50231 41.20121 39.19465 19.94558 53.20841 8.13448 -0.35635 28.20323 56.24736 37.44344 19.19602 -2.03293 -1.49401 31.17267 34.28709 -10.42098 71.39491 26.72431 47.65157 69.22730 -12.92483 40.07665 63.83547 -11.25390 -104.44763 228.00331 
15.71787 0.89918 31.86544 15.08786 16.27131 34.75031 8.21898 4.57305 16.22917 3.42151 -6.54841 -0.59100 6.69202 30.30843 -2.45558 -6.42054 -27.95160 11.37591 -6.42226 12.99707 41.82781 40.32800 21.71620 53.30934 8.23903 0.06864 28.32396 57.41381 40.15132 15.97355 -2.45639 -1.94493 32.43067 34.11663 -10.86935 71.97063 27.66033 49.19695 70.09799 -13.07898 36.23793 65.16328 -11.15050 -93.77325 231.32865 
15.99003 0.95019 31.98413 15.04791 16.73951 35.39200 8.10729 4.62097 17.10808 2.93352 -5.36051 0.22812 6.68941 31.42602 -2.11900 -5.20406 -29.62388 10.88492 -6.74333 13.91942 41.44734 40.50057 22.75560 55.85831 8.33594 -0.35603 30.08403 60.47813 39.65180 16.79468 -3.04076 -3.81079 32.61020 35.15940 -7.41466 72.19076 29.29359 50.71085 70.92052 -12.20158 37.01070 62.72922 -10.13175 -93.39591 237.98270 
16.18607 1.03708 32.67369 15.06818 16.78439 35.88187 8.35684 4.69927 18.02864 3.07927 -5.80471 0.54249 6.60473 32.12110 -1.20146 -5.69715 -32.74611 10.99586 -7.98227 14.25234 42.86141 40.98530 24.98654 58.11741 8.54002 0.53145 30.75723 61.12705 41.22259 22.04205 -3.84455 -4.65307 33.82615 39.12439 -5.70325 73.26252 32.46101 51.92482 68.72842 -12.57625 33.79631 61.25368 -11.18225 -99.59142 253.16081 
16.36027 1.34574 32.70595 15.44878 16.80485 36.35088 8.37898 4.76221 19.23949 3.06127 -5.44956 0.53158 6.48902 32.72732 -1.30961 -5.33717 -35.48303 10.82951 -7.77472 13.92234 43.29652 42.83591 26.60965 61.07364 8.58909 0.07888 31.50134 60.97027 41.52223 23.14796 -3.15458 -4.48032 33.75494 36.74111 -4.48767 74.27023 31.92902 54.52800 70.79723 -13.50087 38.53120 62.73101 -9.43429 -101.92259 255.67704 
16.65139 1.20837 33.03467 15.54319 16.93294 36.72960 8.72440 4.86360 19.98320 3.35709 -5.86372 0.86089 7.34565 33.14994 -1.91167 -3.65222 -32.09323 11.13100 -8.15055 12.93182 42.91846 45.81726 24.96920 59.04306 9.29952 0.31130 32.62017 61.52831 39.87746 23.77332 -2.82815 -4.33607 32.31990 33.68052 -4.08945 74.66161 32.39001 52.43377 72.29998 -12.20843 37.05027 63.02187 -6.19367 -99.48059 264.04204 
16.82748 1.21480 33.42875 16.09887 17.37545 37.24264 8.63756 4.82709 20.17040 3.62173 -5.99905 0.29304 6.62740 31.76727 -1.42682 -2.48230 -31.47844 11.15619 -7.59339 14.00925 45.03388 47.22409 23.39160 58.03953 8.95088 0.03639 32.48153 61.93898 40.10665 22.41361 -2.98918 -3.84331 33.20518 36.41071 -4.97096 75.33892 32.28548 52.35033 73.26680 -12.25217 34.43650 67.16714 -7.40909 -99.76759 268.94995 
16.99964 1.35641 33.62329 16.15375 17.47480 37.71494 9.07768 5.49062 21.28164 3.56002 -5.99820 0.07420 6.67659 31.15248 -1.13553 -2.70710 -32.65010 11.36849 -7.69737 14.27175 47.30479 47.63572 22.93359 59.35587 9.04023 1.32151 33.58223 61.61302 40.21418 21.68702 -3.10308 -3.88530 33.86126 39.55827 -3.72278 76.49631 31.93539 56.27044 75.79492 -12.02651 34.49818 66.59330 -9.37704 -101.32034 268.99321 
17.19344 1.47651 33.99119 16.03127 17.44444 37.96931 9.86645 5.33066 20.42137 3.52782 -6.64470 -0.04709 7.27194 31.56115 -1.27550 -0.94929 -29.86121 11.98147 -7.67856 14.39790 48.30290 48.43782 22.04484 55.07926 9.53663 1.45327 34.40676 63.94890 42.09217 22.27752 -3.02206 -3.39444 35.63182 40.14641 -3.54442 77.77357 32.68347 57.12708 77.40997 -13.66611 35.70904 71.61855 -8.52289 -102.25862 272.35886 
17.35816 1.66856 33.91833 16.21847 17.48250 38.74942 10.39438 5.49962 21.27206 3.74240 -6.84800 -0.27825 7.54120 31.72621 -2.47802 -1.56794 -29.47845 12.06960 -6.87298 15.24808 48.64872 49.62942 22.89617 54.93166 9.56302 1.04324 33.71019 64.73226 44.26773 19.06382 -2.91990 -2.35240 36.17930 39.73212 -3.92957 78.78213 31.40259 57.43350 80.83377 -14.02837 36.64120 74.84957 -7.91595 -104.04859 276.99935 
17.53785 1.62171 34.39794 17.05258 17.60354 39.38620 10.38186 6.47471 21.79852 4.12585 -7.22374 -0.78316 8.50553 32.27522 -4.12502 -1.44020 -30.60579 12.25106 -6.78845 14.63461 48.80573 52.53588 23.04249 58.73248 9.15651 -0.27566 33.14225 65.94614 46.29825 23.27429 -2.71735 -4.14700 35.43246 40.06240 -3.99476 80.31682 34.46318 56.87032 80.61358 -13.68311 39.86800 72.87723 -7.53000 -107.30642 286.47730 
17.81317 1.52633 34.82569 17.01207 17.72269 39.55939 10.71963 6.34210 21.89570 4.42798 -7.79318 -0.54139 7.96847 31.94685 -2.38187 -1.74555 -30.48591 12.76026 -6.79798 15.22315 49.35551 50.67738 25.65210 60.80880 9.69240 0.04200 33.65851 65.54296 45.15417 23.37324 -2.35055 -3.28620 34.42536 40.20003 -2.92039 81.61371 33.83657 57.33502 79.39838 -12.95325 40.39195 68.34466 -6.11068 -107.39509 301.60275 
18.01162 1.47750 35.36752 17.00196 17.59060 40.51198 11.03152 6.79301 21.35898 4.50266 -8.01905 -0.33252 7.73654 32.76947 -1.65715 0.23598 -31.97225 13.06029 -7.06687 15.72511 49.74299 51.58276 21.46374 62.07791 10.12613 -0.61571 33.72786 67.21736 48.58034 27.13066 -2.29985 -3.87785 35.50865 40.22614 -1.68515 81.94392 35.69963 58.59299 83.50926 -13.52289 37.43879 68.19170 -6.52396 -112.68315 308.56260 
18.10563 1.76783 35.67862 17.23037 17.67461 41.09213 11.20431 7.67244 22.22673 4.40061 -7.95308 -0.08790 8.04367 32.68291 -1.90442 -1.40654 -32.25427 13.30839 -7.98546 15.52835 50.78546 52.25372 23.23966 62.64066 10.22103 -0.01814 33.51187 68.67158 49.06606 29.75916 -2.49260 -3.45197 37.15932 39.55558 -0.61816 83.03640 35.64532 58.21448 83.98407 -13.99503 39.69000 74.61866 -5.58740 -120.54970 311.64614 
18.23660 1.75561 36.21586 17.53446 18.11949 41.71795 11.62042 7.66072 21.89411 4.46463 -8.11712 0.27110 7.97641 33.38443 -1.26127 -2.45166 -32.37368 13.44862 -7.87782 16.05056 51.49091 50.49495 23.21494 65.44700 10.07291 -0.17083 34.01938 69.99972 47.63807 30.82680 -2.47402 -2.98298 34.77701 38.46746 1.55364 84.14196 36.84900 60.11451 84.01286 -12.63674 44.75375 74.38704 -4.85440 -120.60229 313.61404 
18.40564 1.89702 36.75259 17.49259 18.23235 42.70793 12.04904 7.24819 23.14558 4.42855 -8.19456 -0.17575 8.15634 33.70480 -1.00984 -1.78843 -36.32262 13.57636 -7.85149 16.66097 52.69164 51.12520 22.45814 71.02606 10.71650 0.42691 34.67599 70.41003 48.53307 32.59488 -2.53431 -3.80313 35.92225 36.28441 2.64517 85.20622 38.07041 60.84016 83.39707 -13.35403 48.79676 72.49320 -3.73182 -125.55964 319.16147 
18.63059 1.89503 37.17057 17.93980 18.48392 43.41525 12.15529 7.23744 23.02837 4.19935 -8.37533 -0.10988 7.92486 33.72362 -0.60182 -2.99250 -35.97642 14.07851 -7.91401 17.62322 53.46026 51.38255 23.28885 73.98533 10.67577 0.39645 33.70809 70.73126 50.04354 34.29390 -2.04719 -4.35429 34.54228 33.83078 2.54275 85.94341 40.69936 64.37193 83.80773 -13.19491 53.35427 70.55140 -3.53707 -126.43247 328.46607 
18.80283 2.14609 37.22051 18.27236 18.61916 43.65586 12.90994 7.49495 24.33452 4.06449 -8.12358 -0.08280 7.74085 34.22494 -1.50630 -2.86721 -37.44652 13.92759 -7.64285 17.88205 53.83318 53.87157 22.66821 75.25888 10.32708 0.42676 35.63546 71.64482 50.65942 33.02070 -1.76794 -2.86769 33.13639 33.54033 3.33075 87.17564 38.23640 64.00068 85.57754 -12.79455 53.55367 72.80658 -2.17195 -126.01389 329.93395 
19.00571 2.29911 37.47193 18.49672 18.72338 44.71900 13.54818 7.68617 24.56755 4.03259 -8.26840 -0.36849 8.63574 33.52616 -2.65896 -4.17967 -37.99857 14.26955 -7.39405 17.59519 55.55467 55.45559 21.90029 72.84768 11.06715 1.13631 35.95198 72.81297 48.93178 30.47221 -1.54073 -3.45940 34.02358 32.35829 4.97313 88.10226 40.25618 63.81006 84.92696 -12.64351 54.77577 65.72274 -2.47427 -131.27582 341.41468 
19.19610 2.27727 37.81432 18.73094 18.99822 45.17339 13.57539 6.74407 24.73023 4.27418 -8.61253 -0.72479 8.65346 33.52810 -1.30766 -2.47653 -35.87051 14.50308 -6.63399 17.48737 56.51415 54.25548 19.53973 68.85567 11.25031 0.76903 35.97467 72.74218 51.68435 32.06838 -2.32315 -3.50429 34.59709 33.07159 4.41758 88.98313 40.71351 65.30311 86.42095 -11.38260 58.28225 64.32241 -1.25931 -134.57081 341.27099 
19.33939 2.46975 38.20125 18.95247 19.40784 45.61392 14.28020 7.08295 23.23614 4.15691 -8.81068 -0.30203 9.34763 33.61765 -3.28540 -5.14289 -35.84493 15.07704 -7.12396 17.33802 58.14805 55.79625 23.09423 71.46338 11.55585 -0.77592 36.49955 72.85847 53.91311 32.44632 -3.00561 -4.34576 35.97042 33.23149 7.19926 90.59839 41.77209 66.30782 85.94922 -11.33460 56.85596 57.48197 -0.04513 -136.96510 353.24404 
19.52570 2.52560 38.65574 19.25448 19.64880 46.21180 14.57899 7.41415 23.01976 4.18077 -9.29529 -0.55545 9.30998 33.79158 -4.10542 -5.11484 -34.48566 15.45748 -6.99375 18.13464 58.01706 57.18204 22.39128 69.51251 11.66098 -0.58707 36.77106 74.21684 52.62189 31.76075 -2.24777 -3.99247 35.33374 30.56011 2.76330 91.61788 42.50045 66.70088 85.25114 -11.23730 58.79237 59.96254 1.54242 -134.51424 358.82739 
19.71998 2.42385 39.08412 19.35477 19.90150 46.54467 14.26971 7.24707 24.31341 4.18185 -9.55734 0.09816 9.73481 34.51465 -2.59789 -6.18947 -34.14930 15.96150 -7.30781 17.34455 58.18866 56.24810 22.88276 71.38967 12.17968 -0.13813 36.84224 74.49577 54.53715 30.94153 -2.77276 -3.67636 36.79276 32.27006 1.93898 92.21929 39.44516 69.48141 87.92711 -11.35775 59.44916 59.17282 0.56591 -132.49563 360.01310 
19.89501 2.59413 39.26972 19.76418 19.98722 47.31911 14.44700 7.82447 23.69907 4.17711 -9.91989 0.08640 10.15224 33.78090 -3.38444 -6.22497 -33.72518 16.23064 -7.16899 17.69011 59.62613 54.88178 22.95252 68.06423 12.52633 -0.09738 37.00519 73.43940 55.25563 35.02980 -2.60787 -3.06383 37.09094 29.08774 4.10248 92.83919 38.10361 70.81913 89.26179 -12.36513 61.01753 55.59589 -0.32418 -127.61827 369.01113 
20.09991 2.60318 39.57957 20.47437 20.53146 48.21017 14.14036 7.44307 23.95438 4.08598 -10.20823 -0.43303 9.37414 34.07893 -3.42392 -4.50937 -35.59343 16.55190 -7.61488 18.51007 60.98574 56.54070 23.38465 68.97934 12.38385 0.18251 36.90530 74.04158 53.89852 29.75740 -2.80708 -3.28911 36.75429 31.64319 4.34790 93.80052 37.98210 71.17744 89.88757 -10.42907 61.20368 55.55922 -2.63375 -129.00307 377.85396 
20.32281 2.48469 40.06723 20.65614 20.81116 48.66975 14.29341 7.16936 24.04530 4.51301 -10.92414 -0.29290 8.98955 34.79564 -1.55386 -3.50686 -35.91942 17.07598 -7.49772 18.86098 60.64810 55.36170 22.69648 70.46522 12.32606 -1.50492 37.40494 73.93413 53.97231 29.71458 -2.81695 -2.75887 36.72797 32.50611 1.26866 94.94766 36.51547 72.09719 94.76204 -9.99425 61.53575 66.96735 -1.99644 -132.37499 380.19833 
20.50354 2.84460 40.14500 21.00694 21.11914 49.22660 14.23764 7.34169 22.67511 4.27835 -10.78004 -0.47818 9.23117 35.35509 -1.86857 -5.30287 -36.28259 17.13908 -7.46956 19.18844 60.24842 54.38883 23.13691 69.37830 12.28635 -1.34372 37.53034 75.38257 54.20147 34.42008 -3.03413 -3.90941 37.68096 34.63768 2.91292 95.57273 39.37537 72.61579 95.19827 -11.88220 63.33055 66.13017 -2.90414 -134.91952 385.92517 
20.80693 2.51136 40.60067 21.01547 21.05015 49.38238 13.96809 7.77317 23.50257 4.28449 -10.82778 -0.35525 9.33191 36.26740 -1.22932 -3.87654 -35.69843 17.41538 -7.25373 20.31429 60.28471 52.77097 22.35371 72.55263 12.80538 -0.96070 38.27384 75.78931 53.36555 33.87793 -2.98828 -3.29188 36.95652 33.48610 -0.12569 96.66644 40.19467 72.99535 96.03238 -10.24609 65.22273 71.72576 -2.80947 -137.08856 387.35772 
20.98445 2.53880 41.00568 21.39452 21.05770 50.20416 14.14206 7.91059 23.31356 4.35459 -11.02720 -0.50790 9.32951 35.74090 -1.42087 -1.99229 -35.73494 17.79791 -7.35887 20.03242 59.82491 53.89820 21.28592 74.32222 12.72129 0.12725 38.17042 77.18509 55.09676 33.70714 -2.74098 -2.98246 36.22102 31.84960 -0.48061 97.29339 40.57554 72.75258 93.11733 -9.45930 67.87138 67.79764 -2.56724 -139.13305 403.88523 
21.16141 2.53669 41.43346 21.73544 21.39481 50.57524 14.39951 7.50680 22.92670 4.41212 -11.50003 -0.93009 9.58618 35.59651 -1.97425 -1.12373 -34.05951 18.22652 -6.95490 19.97492 60.27363 55.54201 21.67893 73.01875 12.57957 -0.82438 38.80371 77.48580 56.63173 34.76846 -2.79485 -3.08230 36.84840 31.91625 -0.97429 98.69829 40.35107 72.90508 93.72299 -8.40825 69.47868 70.77456 -2.16294 -140.14058 406.94311 
21.34729 2.85285 41.36988 21.75535 22.03780 50.95312 14.39823 7.29909 22.61809 4.45281 -11.25967 -0.76788 9.14252 35.98526 -1.60355 -0.98897 -35.84325 18.10831 -7.25058 20.76046 60.57884 54.03550 21.46888 73.13449 12.98720 -1.29729 38.99432 78.59953 57.76430 35.12867 -3.07411 -2.80795 38.53500 31.60180 -1.18426 99.86484 40.75925 72.85662 91.16310 -10.10735 68.02498 74.21921 -1.46564 -140.17085 411.44048 
21.58565 2.57706 41.74423 21.90093 21.74504 51.46263 14.85263 7.58491 22.08064 4.30690 -10.52684 0.14729 9.05498 36.17736 -1.41223 -0.59453 -33.11324 17.61112 -7.67403 21.19763 61.57255 55.60460 21.77434 69.65635 13.19964 -1.17149 39.45138 78.37394 57.06687 34.67927 -3.09642 -3.65676 39.50573 32.63459 -1.45938 101.20529 41.71168 74.44656 92.90808 -10.62154 67.87560 75.69170 0.09215 -139.60814 420.51808 
21.81922 2.38057 42.08628 22.24974 21.83325 51.68124 14.99843 7.33387 21.76406 4.68549 -10.44336 0.48767 8.55250 36.94467 -0.40993 1.43667 -32.83530 17.20803 -8.13312 21.62755 60.49740 55.04343 20.27291 71.32668 12.94137 -1.14609 40.71107 78.84901 55.03471 36.35037 -2.99954 -3.04568 40.62996 32.39162 -2.14831 101.81518 43.13929 76.03767 94.21844 -11.84558 68.94387 75.89845 0.06847 -138.80366 425.26546 
21.97742 2.46207 42.35609 22.49112 22.20567 52.08175 14.86248 7.13842 21.28750 4.54043 -9.64862 0.09231 8.21891 37.43371 -0.02584 1.77018 -31.71122 16.62815 -7.94998 22.14543 60.97731 55.34673 20.23100 72.06785 12.94531 -1.79237 42.01342 80.41889 57.16457 38.14007 -2.95319 -3.55163 41.16838 32.67581 -2.64516 102.58397 43.41729 76.83052 93.88327 -10.88682 72.71468 70.40824 -0.47107 -140.48203 431.18026 
22.20876 2.58074 42.42185 22.40250 21.93611 52.49294 15.30040 6.48139 20.98308 4.32689 -8.93910 0.21313 8.48174 38.71742 0.34233 1.97977 -33.38451 16.22226 -7.86960 22.56532 61.12367 54.97484 19.90067 74.91133 13.27879 -1.33880 42.61836 80.92010 58.37016 37.80144 -2.50021 -4.26813 40.06929 35.07104 0.91068 104.11871 44.46692 79.02548 93.67892 -9.64524 73.74933 66.65298 -2.10869 -138.54487 436.45380 
22.29555 2.65669 42.91303 22.99708 22.28079 53.02922 15.43068 6.57067 22.00430 4.46633 -9.20875 -0.01015 8.41398 39.86287 0.14868 2.41745 -32.63979 16.35768 -8.45487 22.93595 60.83306 55.48522 18.87671 73.01124 13.24935 -1.75130 43.92897 81.94167 58.37126 34.76841 -1.92377 -3.88066 38.85224 37.13666 -1.42984 104.88918 42.92652 79.36750 97.78960 -8.71220 70.74478 72.91736 -3.13308 -141.58014 440.82663 
22.48382 2.64666 43.29497 23.06367 22.71219 53.33436 15.23765 6.83835 22.48139 4.45534 -9.36348 -0.25776 8.42405 40.15193 1.16842 2.11027 -33.13629 16.52983 -8.06151 23.25431 60.32827 55.30055 18.29842 73.39485 13.59485 -1.35070 44.52721 83.39637 58.16378 32.98550 -2.39073 -3.60219 39.21855 36.14579 -0.80645 105.86855 42.15327 81.43159 100.39865 -7.32315 75.28683 73.80796 -2.54543 -143.02249 445.29511 
22.62257 2.65717 43.54195 23.30136 22.91734 53.62053 15.41617 7.51139 23.28905 4.53457 -9.18614 -0.22507 9.17806 40.14948 0.87551 1.58780 -34.25025 16.42979 -8.25420 23.30381 61.79946 54.99794 19.26512 76.81209 13.35645 -0.73771 43.48603 85.99598 58.31454 31.93873 -2.74762 -3.57551 41.34219 36.25924 1.58529 107.04458 43.62666 82.80180 100.88856 -9.10926 74.29753 76.26864 -3.33621 -145.59278 446.37295 
22.77812 2.85183 43.80541 23.57847 23.11808 54.29831 15.44360 7.21689 24.47339 4.56256 -9.02901 -0.18948 8.47745 40.49778 2.20326 1.53266 -35.44602 16.25484 -8.32558 24.61879 63.13769 53.53923 19.58507 80.70443 13.63073 -0.85106 43.36454 86.66129 59.64417 31.49365 -2.60542 -2.90296 40.83583 38.10255 1.05055 108.00640 45.74768 83.01931 98.58088 -10.95977 71.61593 76.64209 -3.26322 -141.35024 450.25769 
22.99262 2.86968 44.21334 23.15074 22.90034 54.46378 15.51768 7.79511 24.71264 4.53966 -9.01435 0.48928 9.47909 40.86977 1.25156 0.53142 -34.60774 16.46393 -8.52939 23.74050 63.96288 54.97202 20.23884 76.73535 14.25655 -0.40025 44.78112 87.95929 60.29670 31.20168 -2.00318 -2.94435 39.00322 38.41481 0.43679 108.97748 46.17641 84.18258 100.22584 -8.78781 70.91382 81.22796 -3.29244 -139.92878 452.89708 
23.18211 2.75286 44.50347 23.38719 23.02829 54.91990 16.06601 8.21207 24.42358 4.89728 -9.38434 0.58943 9.30858 41.97176 0.93163 -0.60352 -32.27247 16.51024 -8.57887 24.24385 64.14960 55.43449 22.49866 70.50051 14.46074 0.00969 45.30295 88.47875 59.14493 30.14990 -1.90366 -1.86516 39.16423 38.96187 -1.93916 110.06428 43.78305 84.73867 103.45044 -9.34180 71.24500 85.30635 -3.96839 -143.16165 454.83909 
23.40259 2.47326 44.99635 23.45789 23.30220 55.63503 16.31052 8.18602 24.71929 5.01205 -9.15228 1.34995 8.54812 42.40871 1.60804 -0.79752 -32.29048 16.45732 -8.99182 25.49360 65.56671 56.26716 22.44167 65.88203 14.74071 0.39736 45.80859 89.08252 60.17218 28.28812 -2.15626 -2.52144 38.13871 37.85123 0.40915 111.13538 45.28845 86.19322 105.51624 -8.21873 73.66709 87.51700 -2.53140 -154.61779 454.96089 
23.59413 2.38036 45.50666 23.32960 23.62982 55.66508 16.54693 7.97756 25.16380 5.05700 -9.15257 1.84949 7.89487 43.23337 2.61804 -0.72404 -33.42716 16.51666 -9.31580 26.75315 65.80732 55.26692 23.10711 69.43606 15.26122 0.38325 44.68917 89.87519 63.22307 25.90877 -2.13025 -1.89036 38.31652 39.47962 -0.33095 112.61925 44.96533 87.59853 103.86078 -7.61208 74.74538 95.12679 -3.34279 -154.11192 461.24565 
23.76920 2.21943 46.12035 23.35158 23.74065 55.91318 16.73637 8.27076 24.77061 5.33848 -9.81836 2.21616 7.88150 43.17007 3.45170 -0.75617 -33.99117 16.97766 -10.14038 27.17326 66.80172 56.26819 23.34475 69.44635 15.57930 1.28557 44.48465 90.69834 64.83011 30.34597 -1.77689 -1.55696 39.64587 39.90941 -0.47329 112.84172 44.74055 89.10497 105.44982 -8.91823 75.14430 96.16039 -2.70059 -156.27034 464.58079 
23.92594 2.23604 46.38354 23.54404 23.92443 56.57925 16.69675 8.55285 25.19051 5.43673 -9.82391 2.71467 7.66879 43.48104 3.55600 -0.80012 -32.99503 17.22250 -10.47206 27.73801 67.73669 54.98275 25.04432 70.01773 15.53212 1.12177 44.34644 93.23703 65.98214 27.43952 -1.30503 -1.50654 38.69523 39.02246 3.04877 113.44975 46.22425 90.87516 105.51924 -8.66567 76.62687 95.95460 -4.22856 -153.96918 472.40268 
24.11008 2.37188 46.51371 23.81715 24.02106 57.13149 16.55302 8.71881 26.00057 5.32253 -9.38731 2.73163 8.00909 43.54359 2.78900 -1.39461 -34.89353 16.92638 -10.60813 28.45661 68.50127 56.04962 25.99399 74.69052 15.74243 0.99418 44.01834 95.97717 66.07466 28.50339 -0.80609 -1.75769 38.13714 39.63954 3.41147 114.79935 47.51463 90.23585 106.12533 -6.88001 74.71528 94.67562 -4.66209 -155.17072 476.46880 
24.28804 2.40040 46.86981 24.10252 23.98273 57.72059 16.93030 8.59600 25.12944 5.47788 -9.90961 2.47155 7.23183 43.60736 3.94254 -1.03083 -34.62056 17.47191 -10.62499 28.19798 68.58398 56.45453 28.13674 73.26326 15.81372 1.42021 45.60029 95.62362 65.60870 31.60468 -0.47530 -1.42283 38.25843 41.49368 5.72871 116.00558 45.87291 90.77750 106.48103 -6.87454 72.70507 94.59980 -4.85477 -158.48150 486.03061 
24.53224 2.03885 47.47868 24.26770 24.39639 58.16426 16.73061 8.91717 26.23997 5.68005 -10.37164 3.22332 7.43442 44.50805 4.57793 -2.32193 -35.83496 18.00005 -11.28589 27.74734 68.60992 55.07838 29.26783 75.22447 16.24325 0.17841 45.97500 96.74850 66.23956 29.67763 -0.65269 -1.91679 37.56540 38.93312 6.55643 116.77337 47.68398 91.15397 109.09338 -5.74486 77.41909 92.27588 -4.87617 -154.94093 493.55160 
24.78464 1.89360 47.74162 24.36772 24.31709 58.14583 16.82344 8.89535 26.76922 5.83944 -10.34302 3.47365 7.21208 44.42300 4.98807 -1.10392 -35.09484 17.82065 -11.19890 28.55446 69.97093 54.64192 28.22886 74.01728 16.28557 0.49018 46.51309 97.96781 65.73565 30.78086 -1.24070 -1.09380 39.57635 41.40573 6.23120 117.93882 48.61257 90.19721 108.69509 -6.59399 77.45191 89.13293 -4.80951 -150.34761 500.96001 
