0.9
0.9
-30.83198 
-64.95612 
-100.31356 
-139.08324 
-178.12432 
-227.20561 
-284.38746 
-302.10396 
-309.48865 
-312.11807 
-318.16859 
-317.50716 
-321.51331 
-321.46992 
-330.37417 
-326.50721 
-325.07251 
-327.00355 
-323.90271 
-326.35612 
-328.13692 
-330.50045 
-331.09815 
-333.91744 
-339.17491 
-337.77639 
-346.85412 
-350.82246 
-346.00934 
-353.92804 
-353.75770 
-347.87787 
-345.46107 
-349.50700 
-348.68512 
-354.68852 
-350.78160 
-348.70532 
-350.89014 
-349.42535 
-348.94518 
-345.87996 
-344.72789 
-343.94934 
-341.72602 
-344.78653 
-348.86913 
-355.16485 
-350.84937 
-348.97937 
-346.52922 
-344.14275 
-343.03958 
-344.27961 
-346.03260 
-346.60267 
-345.75870 
-343.56537 
-344.46805 
-343.93195 
-349.85210 
-347.31967 
-349.07057 
-345.22420 
-344.14967 
-342.86718 
-340.81804 
-338.59472 
-336.61001 
-337.64482 
-345.19442 
-341.91758 
-345.88281 
-348.51223 
-347.61252 
-349.00842 
-347.97929 
-345.24553 
-340.07498 
-342.45089 
-338.24781 
-337.41305 
-333.03748 
-335.41339 
-338.23058 
-338.50243 
-340.14747 
-338.19158 
-337.33200 
-337.95419 
-347.67972 
-350.42057 
-354.10098 
-353.91860 
-356.73643 
-352.93439 
-356.24476 
-356.58637 
-355.37110 
-351.40817 
