0.21684569998983305
0.20390812895442265
0.20304562421872865
0.17889549161929622
0.1530203495484756
0.15388285428416987
0.13318274062751337
0.09523253225697671
0.061594847564910106
0.027094658137149414
0.05124479073658186
0.00740553129061146
0.0348572007583956
0.0005054934050589932
0.05986983809352213
0.057430805960864154
0.01775558811893952
0.020194620251597312
0.05398078701808801
0.02623215340145515
0.016744601308821352
0.025369648665761434
0.006394544480493109
0.027957162872843496
0.0426197433796416
0.01603057864755136
0.061594847564910106
0.035719705494089496
0.08848097644584889
0.05728232388643988
0.002230502876447156
0.12729368955207943
0.030693159154349645
0.03744471496547766
0.01085555023338742
0.04865727652949962
0.05311828228239411
0.04449323492545421
0.02191962972298511
0.01603057864755136
0.005680521819223116
0.04449323492545403
0.015168073911857462
0.009993045497693157
0.028105644947267583
0.03140718181561945
0.04348224811533568
0.05038228600088796
0.06433084384641626
0.022068111797409563
0.03069315915434946
0.028105644947267583
0.014305569176163562
0.014157087101739109
0.01846961078020915
0.006394544480493109
0.010855550233387237
0.028105644947267767
0.009844563423269252
0.006543026554917197
0.04434475285102976
0.041905720718371786
0.017607106044515253
0.05225577754670003
0.014305569176163562
0.01603057864755136
0.04535573966114793
0.028105644947267583
0.026380635475879603
0.011569572894657048
0.05900733335782805
0.05656830122517007
0.03399469602270152
0.027094658137149414
0.009993045497693157
0.016744601308821352
0.0125805597047754
0.038455701775595826
0.11004359483819909
0.023644639194373457
0.06260583437502827
0.009993045497693339
0.07295589120335634
0.023644639194373273
0.025369648665761434
0.0029445255377171494
0.01846961078020915
0.028105644947267583
0.009993045497693339
0.00811955395188109
0.06935739018615611
0.032269686551313355
0.03140718181561945
0.002230502876446973
0.02623215340145515
0.05915581543225214
0.029682172344231476
0.0038070302734110476
0.016030578647551176
0.061743329639334196
