-0.4
-0.4
-10.40000 
-20.40000 
-30.40000 
-40.40000 
-50.40000 
-60.40000 
-70.40000 
-80.40000 
-90.40000 
-100.40000 
-110.40000 
-120.40000 
-130.40000 
-140.40000 
-150.40000 
-160.40000 
-170.40000 
-180.40000 
-190.40000 
-200.40000 
-210.40000 
-220.40000 
-230.40000 
-240.40000 
-250.40000 
-260.40000 
-270.40000 
-280.40000 
-290.40000 
-300.40000 
-310.40000 
-320.40000 
-330.40000 
-340.40000 
-350.40000 
-360.40000 
-370.40000 
-380.40000 
-390.40000 
-400.40000 
-410.40000 
-420.40000 
-430.40000 
-440.40000 
-450.40000 
-460.40000 
-470.40000 
-480.40000 
-490.40000 
-500.40000 
-510.40000 
-520.40000 
-530.40000 
-540.40000 
-550.40000 
-560.40000 
-570.40000 
-580.40000 
-590.40000 
-600.40000 
-610.40000 
-620.40000 
-630.40000 
-640.40000 
-650.40000 
-660.40000 
-670.40000 
-679.80214 
-686.97644 
-696.69941 
-706.69941 
-709.69104 
-717.05288 
-720.34151 
-723.23892 
-728.30347 
-729.16374 
-731.54674 
-733.59794 
-734.70989 
-736.20916 
-735.86641 
-736.56145 
-739.26957 
-741.03862 
-742.84941 
-744.64972 
-747.63850 
-743.68232 
-742.87177 
-743.48107 
-744.41700 
-745.67093 
-746.69342 
-749.06070 
-748.82676 
-744.12797 
-745.28486 
-746.21461 
-747.11983 
