1.617
1.705
1.689
1.615
1.714
1.663
1.692
1.706
1.713
1.630
1.674
1.671
1.617
1.659
1.657
1.600
1.619
1.616
1.657
1.655
1.617
1.576
1.579
1.664
1.587
1.671
1.609
1.639
1.606
1.635
1.522
1.593
1.579
1.523
1.543
1.621
1.568
1.522
1.583
1.521
1.577
1.560
1.529
1.542
1.527
1.532
1.557
1.518
1.453
1.548
1.545
1.440
1.487
1.468
1.486
1.518
1.482
1.500
1.370
1.500
1.507
1.517
1.501
1.494
1.503
1.441
1.483
1.404
1.458
1.417
1.462
1.399
1.446
1.420
1.393
1.412
1.395
1.411
1.432
1.447
1.458
1.432
1.396
1.386
1.432
1.401
1.378
1.384
1.380
1.337
1.373
1.430
1.382
1.393
1.311
1.323
1.412
1.297
1.313
1.430
1.359
1.419
1.380
1.375
1.371
1.395
1.324
1.292
1.422
1.327
1.296
1.326
1.425
1.451
1.393
1.345
1.336
1.415
1.325
1.437
1.338
1.361
1.401
1.358
1.416
1.393
1.356
1.397
1.366
1.535
1.410
1.347
1.404
1.387
1.399
1.445
1.392
1.444
1.405
1.424
1.414
1.405
1.490
1.444
1.471
1.434
1.400
1.503
1.465
1.419
1.453
1.468
1.475
1.482
1.428
1.470
1.424
1.436
1.517
1.466
1.523
1.473
1.407
1.432
1.476
1.468
1.391
1.508
1.511
1.535
1.462
1.515
1.545
1.500
1.483
1.471
1.529
1.472
1.471
1.507
1.465
1.506
1.587
1.482
1.467
1.556
1.489
1.560
1.527
1.586
1.533
1.505
1.525
1.510
1.568
1.498
1.507
1.580
1.588
1.554
1.583
1.623
1.562
1.535
1.532
1.553
1.610
1.556
1.619
1.526
1.563
1.635
1.571
1.514
1.611
1.654
1.678
1.566
1.668
1.592
1.618
1.678
1.591
1.636
1.683
1.611
1.625
1.672
1.658
1.657
1.632
1.658
1.643
1.680
1.702
1.668
1.667
1.758
1.720
1.732
1.680
1.688
1.678
1.646
1.696
1.659
1.710
1.698
1.732
1.719
1.715
1.750
1.741
1.669
1.737
1.708
1.688
1.757
1.759
1.794
1.680
1.802
1.752
1.775
1.690
1.849
1.795
1.797
1.804
1.875
1.838
1.763
1.756
1.808
1.780
1.817
1.744
1.753
1.829
1.793
1.851
1.782
1.835
1.879
1.815
1.835
1.803
1.852
1.807
1.790
1.799
1.923
1.768
1.796
1.891
1.880
1.838
1.877
1.872
1.909
1.849
1.856
1.920
1.867
1.846
1.837
1.862
1.926
1.882
1.976
1.900
1.809
1.883
1.922
1.900
1.921
1.878
1.930
1.959
1.955
1.904
1.937
1.956
1.951
1.905
1.939
1.898
1.967
1.886
1.899
1.913
1.881
1.979
1.908
1.921
1.916
1.919
1.902
1.947
1.945
1.964
2.073
1.999
1.976
1.970
1.982
2.064
2.010
2.032
1.952
2.073
1.997
2.103
2.010
2.079
1.970
1.980
2.038
2.018
1.975
1.995
2.007
2.026
2.027
2.078
1.980
2.065
1.992
2.057
2.049
2.030
2.089
2.082
2.004
2.097
2.056
2.088
2.006
2.083
2.112
2.031
2.118
2.006
2.113
2.042
2.065
2.052
2.093
2.071
2.111
2.118
2.083
2.086
2.111
2.122
2.088
2.124
2.115
2.109
2.084
2.079
2.127
2.116
2.146
2.212
2.122
2.062
2.181
2.066
2.107
2.088
2.182
2.143
2.142
2.216
2.188
2.118
2.167
2.168
2.171
2.110
2.144
2.078
2.184
2.180
2.082
2.251
2.126
2.186
2.239
2.172
2.161
2.211
2.179
2.211
2.186
2.154
2.189
2.185
2.201
2.260
2.215
2.214
2.240
2.194
2.164
2.176
2.210
2.282
2.267
2.225
2.221
2.273
2.253
2.275
2.199
2.326
2.192
2.325
2.226
2.282
2.281
2.211
2.281
2.224
2.269
2.302
2.249
2.263
2.268
2.246
2.246
2.344
2.266
2.268
2.251
2.225
2.282
2.304
2.282
2.325
2.274
2.278
2.349
2.325
2.300
2.325
2.310
2.329
2.356
2.302
2.269
2.281
2.310
2.360
2.329
2.346
2.325
2.253
2.328
2.349
2.368
2.354
2.363
2.351
2.361
2.338
2.381
2.263
2.254
2.343
2.338
2.302
2.369
2.368
2.382
2.300
2.392
2.314
2.311
2.320
2.363
2.298
2.429
2.375
2.378
2.348
2.375
2.372
2.347
2.401
2.373
2.386
2.351
2.280
2.457
2.409
2.332
2.339
2.386
2.364
2.443
2.414
2.368
2.431
2.418
2.342
2.450
2.375
2.363
2.430
2.412
2.397
2.379
2.428
2.403
2.509
2.420
2.398
2.403
2.434
2.410
2.450
2.423
2.406
2.469
2.415
2.436
2.429
2.412
2.392
2.446
2.477
2.457
2.344
2.450
2.459
2.413
2.486
2.442
2.471
2.491
2.451
2.458
2.445
2.426
2.448
2.484
2.492
2.535
2.480
2.420
2.480
2.470
2.467
2.434
2.463
2.538
2.354
2.431
2.493
2.408
2.488
2.502
2.512
2.506
2.533
2.508
2.564
2.555
2.458
2.540
2.609
2.506
2.486
2.581
2.526
2.538
2.496
2.517
2.472
2.526
2.583
2.430
2.470
2.505
2.537
2.536
2.552
2.458
2.552
2.501
2.509
2.499
2.473
2.501
2.631
2.505
2.527
2.519
2.568
2.532
2.530
2.516
2.583
2.596
2.556
2.565
2.526
2.564
2.575
2.557
2.554
2.544
2.665
2.588
2.580
2.537
2.569
2.528
2.507
2.541
2.550
2.534
2.614
2.559
2.514
2.555
2.574
2.590
2.583
2.549
2.571
2.623
2.558
2.644
2.546
2.565
2.624
2.494
2.574
2.674
2.605
2.571
2.575
2.682
2.615
2.592
2.641
2.556
2.608
2.642
2.664
2.578
2.688
2.514
2.612
2.638
2.586
2.617
2.631
2.638
2.576
2.649
2.644
2.609
2.582
2.589
2.656
2.606
2.568
2.598
2.600
2.674
2.543
2.614
2.682
2.647
2.670
2.615
2.601
2.672
2.640
2.647
2.590
2.666
2.676
2.663
2.651
2.567
2.687
2.645
2.633
2.692
2.714
2.613
2.615
2.675
2.696
2.685
2.595
2.657
2.635
2.632
2.642
2.701
2.648
2.608
2.619
2.636
2.696
2.750
2.728
2.669
2.646
2.710
2.615
2.643
2.657
2.677
2.657
2.665
2.656
2.669
2.703
2.691
2.613
2.797
2.710
2.627
2.711
2.741
2.681
2.695
2.719
2.683
2.669
2.722
2.686
2.711
2.699
2.700
2.686
2.705
2.755
2.718
2.680
2.712
2.705
2.676
2.654
2.751
2.724
2.592
2.783
2.682
2.725
2.678
2.793
2.674
2.699
2.734
2.676
2.715
2.726
2.735
2.720
2.715
2.692
2.688
2.697
2.748
2.717
2.713
2.719
2.720
2.768
2.704
2.732
2.721
2.732
2.651
2.792
2.707
2.795
2.699
2.778
2.761
2.778
2.699
2.678
2.684
2.777
2.756
2.763
2.745
2.734
2.757
2.731
2.810
2.763
2.702
2.675
2.716
2.739
2.715
2.780
2.785
2.797
2.740
2.761
2.844
2.690
2.721
2.722
2.785
2.823
2.735
2.725
2.765
2.769
2.782
2.747
2.691
2.826
2.785
2.786
2.754
2.764
2.769
2.820
2.752
2.760
2.752
2.694
2.696
2.721
2.733
2.735
2.807
2.807
2.784
2.738
2.748
2.752
2.723
2.841
2.808
2.908
2.779
2.796
2.787
2.727
2.845
2.871
2.799
2.849
2.739
2.745
2.777
2.774
2.844
2.797
2.844
2.824
2.742
2.789
2.836
2.798
2.860
2.789
2.738
2.801
2.855
2.813
2.890
2.859
2.837
2.758
2.827
2.827
2.754
2.796
2.826
2.765
2.798
2.782
2.880
2.812
2.848
2.814
2.741
2.824
2.830
2.797
2.797
2.831
2.762
2.812
2.858
2.791
2.911
2.820
2.810
2.739
2.815
2.809
2.803
2.831
2.834
2.807
2.773
2.803
2.826
2.855
2.795
2.871
2.821
2.829
2.900
2.785
2.774
2.814
2.911
2.885
2.836
2.911
2.776
2.848
2.861
2.864
2.925
2.846
2.821
2.772
2.845
2.835
2.841
2.799
2.854
2.852
2.761
2.800
2.864
2.836
2.853
2.846
2.813
2.931
2.927
2.817
2.822
2.803
2.892
2.828
2.864
2.817
2.937
2.830
2.862
2.826
2.940
2.915
2.907
2.839
2.830
2.908
2.803
2.836
2.811
2.928
2.830
2.912
2.822
2.836
2.875
2.831
2.874
2.899
2.952
2.831
2.859
2.870
2.901
