0.778
0.778
0.775
0.784
0.791
0.808
0.820
0.807
0.827
0.831
0.826
0.830
0.849
0.865
0.860
0.862
0.870
0.894
0.900
0.905
0.909
0.912
0.919
0.935
0.930
0.946
0.951
0.968
0.959
0.993
0.992
1.000
1.005
1.006
1.004
1.013
1.035
1.047
1.060
1.046
1.056
1.076
1.094
1.091
1.078
1.097
1.117
1.122
1.125
1.134
1.127
1.143
1.142
1.156
1.171
1.169
1.170
1.190
1.204
1.215
1.226
1.213
1.220
1.232
1.229
1.239
1.244
1.243
1.268
1.268
1.279
1.294
1.278
1.305
1.315
1.318
1.323
1.328
1.329
1.354
1.347
1.341
1.365
1.366
1.369
1.354
1.385
1.377
1.374
1.397
1.397
1.412
1.406
1.423
1.404
1.406
1.436
1.428
1.438
1.438
1.432
1.442
1.439
1.451
1.444
1.465
1.469
1.477
1.489
1.479
1.478
1.504
1.488
1.493
1.497
1.505
1.492
1.502
1.501
1.521
1.517
1.529
1.511
1.531
1.547
1.536
1.534
1.530
1.538
1.561
1.567
1.558
1.565
1.581
1.572
1.574
1.579
1.584
1.570
1.569
1.579
1.582
1.571
1.609
1.599
1.595
1.594
1.612
1.597
1.611
1.618
1.602
1.606
1.623
1.625
1.628
1.640
1.610
1.621
1.654
1.636
1.636
1.647
1.642
1.647
1.637
1.651
1.653
1.639
1.646
1.654
1.659
1.653
1.682
1.675
1.658
1.659
1.670
1.673
1.679
1.682
1.676
1.667
1.671
1.677
1.686
1.691
1.697
1.679
1.698
1.690
1.699
1.688
1.713
1.708
1.719
1.685
1.705
1.719
1.715
1.709
1.712
1.697
1.707
1.718
1.707
1.711
1.700
1.734
1.729
1.704
1.724
1.730
1.722
1.721
1.744
1.739
1.726
1.740
1.731
1.721
1.740
1.746
1.751
1.749
1.741
1.739
1.741
1.749
1.764
1.754
1.739
1.744
1.762
1.754
1.754
1.769
1.768
1.758
1.755
1.777
1.752
1.773
1.760
1.777
1.776
1.768
1.783
1.783
1.769
1.777
1.758
1.781
1.758
1.774
1.787
1.787
1.779
1.791
1.791
1.773
1.771
1.780
1.786
1.775
1.803
1.779
1.783
1.786
1.803
1.778
1.792
1.803
1.801
1.808
1.787
1.795
1.787
1.805
1.820
1.805
1.801
1.799
1.820
1.813
1.817
1.808
1.803
1.798
1.809
1.805
1.826
1.792
1.810
1.816
1.807
1.829
1.825
1.830
1.811
1.811
1.819
1.821
1.813
1.819
1.811
1.828
1.817
1.817
1.838
1.830
1.812
1.820
1.836
1.813
1.842
1.836
1.836
1.833
1.845
1.838
1.841
1.839
1.843
1.837
1.817
1.820
1.850
1.850
1.827
1.843
1.850
1.844
1.835
1.855
1.847
1.832
1.847
1.831
1.843
1.854
1.862
1.832
1.839
1.850
1.849
1.840
1.870
1.860
1.839
1.845
1.834
1.868
1.858
1.859
1.839
1.857
1.859
1.859
1.853
1.863
1.848
1.865
1.846
1.858
1.848
1.865
1.879
1.867
1.872
1.866
1.869
1.880
1.860
1.878
1.855
1.848
1.852
1.857
1.854
1.857
1.863
1.870
1.865
1.871
1.885
1.878
1.876
1.874
1.869
1.870
1.850
1.875
1.862
1.881
1.886
1.871
1.883
1.878
1.872
1.865
1.892
1.865
1.884
1.880
1.866
1.879
1.879
1.867
1.874
1.881
1.900
1.869
1.892
1.873
1.895
1.899
1.876
1.894
1.882
1.887
1.890
1.869
1.875
1.899
1.866
1.880
1.897
1.889
1.900
1.898
1.889
1.889
1.885
1.881
1.903
1.889
1.905
1.881
1.874
1.888
1.879
1.883
1.886
1.880
1.882
1.890
1.894
1.882
1.890
1.890
1.906
1.895
1.884
1.901
1.906
1.899
1.892
1.913
1.898
1.888
1.899
1.879
1.894
1.904
1.912
1.910
1.896
1.897
1.905
1.898
1.906
1.909
1.908
1.897
1.920
1.888
1.898
1.907
1.900
1.910
1.890
1.919
1.903
1.905
1.922
1.921
1.911
1.914
1.913
1.888
1.904
1.924
1.901
1.925
1.911
1.922
1.915
1.912
1.910
1.917
1.901
1.911
1.927
1.918
1.917
1.911
1.912
1.919
1.909
1.913
1.914
1.924
1.916
1.905
1.912
1.916
1.905
1.902
1.931
1.914
1.907
1.928
1.922
1.937
1.915
1.926
1.919
1.927
1.908
1.911
1.933
1.935
1.912
1.914
1.920
1.933
1.921
1.926
1.901
1.929
1.923
1.921
1.940
1.920
1.916
1.907
1.928
1.912
1.919
1.934
1.922
1.932
1.932
1.930
1.937
1.917
1.939
1.925
1.928
1.921
1.935
1.936
1.932
1.924
1.932
1.917
1.922
1.920
1.923
1.920
1.918
1.935
1.919
1.941
1.937
1.936
1.949
1.940
1.930
1.919
1.942
1.934
1.933
1.945
1.926
1.950
1.918
1.921
1.922
1.927
1.921
1.920
1.921
1.919
1.950
1.935
1.945
1.932
1.939
1.934
1.943
1.943
1.942
1.927
1.943
1.930
1.934
1.958
1.935
1.956
1.939
1.950
1.928
1.940
1.936
1.940
1.957
1.933
1.934
1.923
1.948
1.957
1.935
1.930
1.952
1.927
1.948
1.945
1.930
1.927
1.926
1.925
1.932
1.944
1.938
1.952
1.942
1.959
1.929
1.938
1.939
1.949
1.951
1.936
1.956
1.935
1.955
1.922
1.955
1.932
1.950
1.942
1.953
1.940
1.944
1.939
1.933
1.958
1.937
1.942
1.952
1.961
1.952
1.940
1.936
1.940
1.957
1.952
1.949
1.935
1.947
1.941
1.959
1.943
1.959
1.947
1.937
1.964
1.936
1.960
1.932
1.955
1.954
1.963
1.944
1.941
1.951
1.967
1.944
1.946
1.951
1.958
1.941
1.963
1.946
1.941
1.954
1.938
1.971
1.953
1.960
1.938
1.963
1.955
1.938
1.957
1.966
1.961
1.954
1.952
1.969
1.970
1.973
1.961
1.944
1.954
1.966
1.962
1.961
1.942
1.957
1.971
1.970
1.936
1.945
1.943
1.948
1.951
1.974
1.942
1.973
1.961
1.938
1.971
1.950
1.942
1.974
1.974
1.959
1.951
1.955
1.973
1.947
1.969
1.957
1.950
1.959
1.952
1.953
1.959
1.968
1.954
1.953
1.962
1.965
1.953
1.960
1.966
1.963
1.960
1.945
1.959
1.955
1.963
1.954
1.973
1.972
1.967
1.955
1.955
1.961
1.969
1.976
1.960
1.963
1.952
1.967
1.957
1.958
1.953
1.959
1.959
1.951
1.956
1.977
1.952
1.955
1.963
1.944
1.948
1.978
1.975
1.973
1.979
1.967
1.969
1.955
1.982
1.956
1.984
1.974
1.966
1.957
1.957
1.958
1.972
1.965
1.969
1.968
1.984
1.952
1.949
1.981
1.952
1.954
1.970
1.965
1.956
1.982
1.968
1.946
1.959
1.958
1.959
1.975
1.974
1.970
1.972
1.983
1.962
1.956
1.973
1.979
1.985
1.970
1.966
1.958
1.978
1.961
1.957
1.963
1.959
1.976
1.976
1.961
1.974
1.964
1.971
1.956
1.966
1.971
1.975
1.969
1.976
1.982
1.963
1.976
1.955
1.982
1.959
1.979
1.958
1.957
1.960
1.976
1.963
1.972
1.973
1.972
1.963
1.967
1.958
1.958
1.985
1.962
1.973
1.963
1.985
1.957
1.956
1.964
1.987
1.978
1.982
1.978
1.975
1.981
1.971
1.980
1.968
1.978
1.985
1.962
1.973
1.977
1.964
1.982
1.966
1.974
1.978
1.987
1.971
1.968
1.971
1.986
1.985
1.962
1.975
1.973
1.958
1.984
1.976
1.987
1.975
1.982
1.986
1.963
1.975
1.975
1.976
1.975
1.974
1.974
1.960
1.985
1.964
1.976
1.969
1.963
1.966
1.980
1.982
1.985
1.990
1.982
1.963
1.991
1.972
1.987
1.970
1.966
1.996
1.966
1.970
1.973
1.987
1.964
1.966
1.976
1.991
1.987
1.963
1.990
1.974
1.969
1.971
2.001
1.976
1.992
1.977
1.966
1.982
1.985
1.989
1.991
1.980
1.972
1.978
1.976
1.971
1.989
1.974
1.982
1.973
1.997
1.982
1.970
1.970
1.968
1.986
1.982
1.966
1.997
1.973
1.984
1.976
1.985
1.979
1.975
1.973
1.985
1.987
1.972
1.979
1.973
1.969
1.984
1.976
1.990
1.965
1.977
1.969
1.985
1.990
1.965
1.994
1.989
1.993
1.982
1.970
1.984
1.979
1.976
1.975
1.985
1.972
1.981
1.975
1.993
1.976
1.961
1.992
1.988
