1.813
1.829
1.841
1.861
1.877
1.902
1.921
1.930
1.958
1.973
1.988
2.004
2.032
2.055
2.066
2.086
2.107
2.134
2.153
2.172
2.191
2.209
2.233
2.255
2.270
2.296
2.313
2.337
2.352
2.387
2.402
2.426
2.447
2.463
2.481
2.503
2.529
2.553
2.578
2.590
2.611
2.637
2.663
2.683
2.692
2.721
2.744
2.765
2.783
2.807
2.822
2.846
2.861
2.884
2.910
2.924
2.940
2.969
2.991
3.012
3.032
3.043
3.061
3.081
3.095
3.117
3.135
3.150
3.179
3.193
3.209
3.234
3.239
3.265
3.285
3.301
3.315
3.331
3.344
3.369
3.378
3.389
3.410
3.424
3.440
3.444
3.469
3.478
3.490
3.509
3.526
3.542
3.548
3.569
3.571
3.583
3.605
3.614
3.629
3.637
3.645
3.657
3.667
3.683
3.686
3.709
3.720
3.732
3.748
3.749
3.756
3.779
3.776
3.789
3.802
3.812
3.816
3.827
3.832
3.848
3.856
3.867
3.866
3.884
3.900
3.900
3.907
3.912
3.923
3.940
3.947
3.950
3.962
3.975
3.978
3.985
3.992
4.002
4.003
4.004
4.015
4.022
4.027
4.046
4.050
4.048
4.057
4.072
4.068
4.081
4.091
4.087
4.093
4.104
4.111
4.119
4.129
4.119
4.130
4.149
4.147
4.149
4.161
4.163
4.168
4.170
4.181
4.184
4.182
4.191
4.199
4.206
4.206
4.224
4.224
4.220
4.223
4.234
4.238
4.244
4.250
4.252
4.248
4.255
4.261
4.272
4.276
4.284
4.277
4.288
4.290
4.296
4.296
4.311
4.312
4.323
4.306
4.318
4.332
4.328
4.333
4.335
4.331
4.339
4.350
4.344
4.348
4.347
4.370
4.366
4.362
4.371
4.376
4.375
4.373
4.390
4.391
4.387
4.397
4.394
4.393
4.405
4.410
4.415
4.418
4.414
4.415
4.420
4.426
4.438
4.432
4.431
4.433
4.449
4.441
4.447
4.457
4.457
4.453
4.455
4.468
4.460
4.472
4.466
4.479
4.476
4.476
4.487
4.488
4.485
4.491
4.483
4.497
4.487
4.500
4.508
4.507
4.508
4.511
4.515
4.506
4.510
4.513
4.519
4.517
4.532
4.522
4.522
4.530
4.539
4.528
4.539
4.546
4.545
4.551
4.540
4.548
4.546
4.556
4.564
4.561
4.559
4.561
4.571
4.568
4.574
4.570
4.567
4.570
4.579
4.577
4.587
4.575
4.579
4.586
4.585
4.598
4.592
4.598
4.588
4.593
4.603
4.601
4.599
4.604
4.599
4.610
4.606
4.610
4.619
4.615
4.610
4.614
4.624
4.616
4.630
4.627
4.630
4.629
4.635
4.632
4.633
4.637
4.638
4.640
4.629
4.634
4.650
4.651
4.642
4.650
4.654
4.651
4.650
4.659
4.654
4.651
4.656
4.653
4.658
4.664
4.669
4.657
4.661
4.669
4.672
4.666
4.680
4.677
4.669
4.671
4.667
4.686
4.682
4.683
4.674
4.683
4.686
4.690
4.686
4.691
4.685
4.693
4.689
4.691
4.689
4.696
4.704
4.698
4.706
4.701
4.705
4.709
4.700
4.713
4.702
4.699
4.701
4.702
4.707
4.705
4.708
4.716
4.712
4.717
4.721
4.722
4.721
4.720
4.720
4.722
4.713
4.725
4.720
4.732
4.732
4.728
4.734
4.730
4.730
4.727
4.737
4.728
4.739
4.740
4.732
4.740
4.740
4.735
4.741
4.742
4.753
4.739
4.751
4.744
4.751
4.756
4.747
4.755
4.750
4.753
4.757
4.743
4.752
4.764
4.747
4.754
4.761
4.760
4.763
4.764
4.762
4.764
4.760
4.760
4.768
4.763
4.772
4.761
4.761
4.770
4.761
4.764
4.768
4.765
4.769
4.769
4.775
4.773
4.773
4.775
4.783
4.780
4.772
4.783
4.785
4.781
4.778
4.789
4.785
4.781
4.785
4.776
4.783
4.789
4.790
4.791
4.787
4.786
4.791
4.789
4.794
4.797
4.798
4.788
4.802
4.787
4.793
4.795
4.794
4.800
4.793
4.803
4.798
4.798
4.809
4.808
4.801
4.804
4.806
4.797
4.802
4.813
4.801
4.817
4.807
4.812
4.810
4.809
4.809
4.813
4.803
4.811
4.822
4.816
4.817
4.815
4.812
4.818
4.811
4.816
4.818
4.824
4.818
4.811
4.817
4.821
4.816
4.816
4.826
4.822
4.819
4.828
4.824
4.833
4.820
4.829
4.829
4.832
4.822
4.825
4.836
4.835
4.825
4.826
4.829
4.836
4.832
4.833
4.823
4.836
4.834
4.831
4.839
4.836
4.832
4.828
4.840
4.832
4.836
4.843
4.838
4.842
4.845
4.843
4.846
4.835
4.848
4.840
4.842
4.839
4.849
4.850
4.846
4.844
4.848
4.840
4.845
4.841
4.843
4.843
4.843
4.849
4.841
4.857
4.852
4.853
4.857
4.856
4.852
4.844
4.854
4.851
4.853
4.861
4.851
4.862
4.849
4.853
4.851
4.854
4.847
4.850
4.850
4.848
4.863
4.860
4.866
4.855
4.861
4.856
4.864
4.864
4.864
4.859
4.866
4.861
4.862
4.872
4.863
4.871
4.864
4.870
4.858
4.865
4.864
4.866
4.874
4.861
4.863
4.860
4.872
4.876
4.867
4.862
4.875
4.861
4.874
4.870
4.865
4.866
4.865
4.866
4.868
4.873
4.870
4.879
4.873
4.881
4.866
4.874
4.876
4.877
4.880
4.871
4.880
4.873
4.882
4.871
4.882
4.872
4.881
4.878
4.884
4.877
4.879
4.877
4.873
4.887
4.877
4.878
4.882
4.887
4.886
4.882
4.876
4.879
4.889
4.886
4.887
4.875
4.881
4.879
4.889
4.881
4.887
4.885
4.884
4.891
4.881
4.892
4.878
4.890
4.889
4.895
4.887
4.884
4.890
4.897
4.884
4.888
4.890
4.893
4.882
4.899
4.888
4.889
4.893
4.885
4.902
4.892
4.896
4.887
4.898
4.896
4.886
4.897
4.898
4.899
4.896
4.897
4.904
4.905
4.903
4.900
4.891
4.895
4.904
4.901
4.901
4.891
4.898
4.903
4.904
4.889
4.893
4.892
4.899
4.895
4.908
4.892
4.907
4.902
4.892
4.907
4.900
4.896
4.907
4.909
4.901
4.898
4.904
4.909
4.899
4.907
4.906
4.900
4.905
4.901
4.903
4.907
4.907
4.902
4.901
4.907
4.912
4.906
4.909
4.908
4.909
4.908
4.901
4.907
4.906
4.908
4.902
4.916
4.913
4.911
4.906
4.906
4.911
4.915
4.917
4.907
4.911
4.906
4.912
4.908
4.910
4.907
4.912
4.906
4.908
4.907
4.919
4.907
4.910
4.912
4.904
4.908
4.920
4.921
4.919
4.920
4.916
4.919
4.908
4.922
4.911
4.924
4.921
4.916
4.910
4.911
4.914
4.923
4.915
4.921
4.919
4.927
4.910
4.911
4.926
4.912
4.911
4.921
4.920
4.913
4.925
4.920
4.910
4.916
4.914
4.917
4.921
4.924
4.925
4.922
4.928
4.918
4.915
4.927
4.929
4.931
4.923
4.921
4.917
4.928
4.921
4.917
4.921
4.918
4.929
4.928
4.919
4.924
4.919
4.926
4.919
4.923
4.923
4.927
4.923
4.928
4.935
4.922
4.930
4.919
4.930
4.921
4.930
4.918
4.919
4.923
4.929
4.922
4.929
4.929
4.929
4.923
4.925
4.922
4.923
4.934
4.927
4.929
4.927
4.936
4.924
4.923
4.927
4.937
4.932
4.933
4.930
4.932
4.935
4.931
4.935
4.928
4.932
4.935
4.926
4.931
4.936
4.928
4.936
4.927
4.934
4.935
4.938
4.931
4.931
4.935
4.938
4.938
4.929
4.938
4.934
4.927
4.939
4.934
4.942
4.936
4.938
4.938
4.930
4.935
4.937
4.937
4.938
4.937
4.936
4.926
4.942
4.930
4.933
4.935
4.933
4.934
4.940
4.941
4.943
4.944
4.938
4.930
4.945
4.937
4.940
4.935
4.934
4.949
4.933
4.936
4.937
4.946
4.933
4.932
4.938
4.950
4.945
4.935
4.947
4.936
4.938
4.933
4.951
4.942
4.949
4.939
4.933
4.942
4.945
4.944
4.947
4.943
4.938
4.941
4.942
4.940
4.949
4.939
4.944
4.941
4.949
4.943
4.936
4.937
4.938
4.946
4.945
4.936
4.951
4.940
4.947
4.943
4.946
4.944
4.940
4.941
4.948
4.949
4.941
4.944
4.942
4.940
4.948
4.941
4.950
4.939
4.945
4.938
4.949
4.948
4.940
4.954
4.950
4.950
4.946
4.942
4.949
4.949
4.942
4.942
4.944
4.943
4.947
4.943
4.955
4.943
4.937
4.953
4.950
