-0.146 -0.161 -0.167 -0.191 -0.200 -0.209 -0.207 -0.203 -0.204 -0.192 -0.169 -0.091 -0.034 -0.056 0.002 -0.044 -0.080 0.013 0.043 0.046 0.050 0.034 0.009 -0.006 0.061 0.103 0.113 0.119 0.118 0.116 0.112 0.103 0.106 0.107 0.101 0.105 0.103 0.105 0.108 0.114 0.113 0.113 0.110 0.107 0.108 0.115 0.115 0.116 0.111 0.097
-0.161 -0.177 -0.184 -0.213 -0.223 -0.236 -0.234 -0.228 -0.228 -0.214 -0.186 -0.097 -0.033 -0.057 0.009 -0.044 -0.085 0.020 0.055 0.059 0.063 0.045 0.016 -0.001 0.076 0.124 0.138 0.145 0.144 0.141 0.136 0.125 0.128 0.129 0.122 0.127 0.125 0.127 0.131 0.138 0.137 0.137 0.133 0.130 0.131 0.139 0.140 0.141 0.134 0.117
-0.167 -0.184 -0.191 -0.222 -0.233 -0.248 -0.246 -0.239 -0.239 -0.223 -0.194 -0.099 -0.031 -0.057 0.012 -0.043 -0.087 0.025 0.062 0.065 0.070 0.051 0.020 0.002 0.083 0.136 0.150 0.158 0.157 0.154 0.148 0.136 0.139 0.141 0.133 0.139 0.136 0.139 0.142 0.151 0.149 0.149 0.145 0.142 0.143 0.152 0.153 0.154 0.146 0.128
-0.191 -0.213 -0.222 -0.262 -0.277 -0.300 -0.295 -0.285 -0.286 -0.263 -0.225 -0.107 -0.022 -0.054 0.033 -0.037 -0.091 0.048 0.095 0.099 0.105 0.080 0.041 0.019 0.122 0.189 0.209 0.221 0.219 0.215 0.207 0.190 0.194 0.197 0.186 0.193 0.189 0.193 0.198 0.210 0.207 0.208 0.202 0.197 0.199 0.211 0.213 0.214 0.204 0.179
-0.200 -0.223 -0.233 -0.277 -0.294 -0.321 -0.315 -0.303 -0.304 -0.279 -0.237 -0.107 -0.015 -0.050 0.045 -0.031 -0.091 0.061 0.112 0.117 0.123 0.096 0.054 0.030 0.142 0.216 0.238 0.252 0.250 0.245 0.236 0.217 0.222 0.225 0.213 0.220 0.216 0.221 0.226 0.239 0.237 0.237 0.231 0.225 0.227 0.241 0.243 0.245 0.233 0.205
-0.209 -0.236 -0.248 -0.300 -0.321 -0.355 -0.347 -0.332 -0.333 -0.303 -0.252 -0.101 0.007 -0.034 0.077 -0.012 -0.081 0.096 0.156 0.161 0.169 0.137 0.088 0.059 0.191 0.279 0.305 0.322 0.320 0.313 0.302 0.280 0.285 0.289 0.274 0.284 0.278 0.284 0.291 0.306 0.304 0.304 0.296 0.290 0.291 0.309 0.312 0.313 0.298 0.265
-0.207 -0.234 -0.246 -0.295 -0.315 -0.347 -0.340 -0.326 -0.327 -0.298 -0.249 -0.103 0.000 -0.039 0.068 -0.017 -0.085 0.086 0.144 0.149 0.156 0.126 0.078 0.051 0.177 0.262 0.288 0.304 0.302 0.295 0.285 0.263 0.268 0.272 0.258 0.267 0.262 0.267 0.274 0.289 0.286 0.286 0.279 0.273 0.274 0.291 0.294 0.295 0.281 0.249
-0.203 -0.228 -0.239 -0.285 -0.303 -0.332 -0.326 -0.312 -0.313 -0.287 -0.242 -0.107 -0.010 -0.047 0.052 -0.027 -0.089 0.070 0.123 0.127 0.134 0.106 0.062 0.037 0.154 0.232 0.255 0.270 0.268 0.262 0.253 0.233 0.238 0.241 0.228 0.236 0.232 0.237 0.242 0.256 0.254 0.254 0.247 0.242 0.243 0.258 0.261 0.262 0.249 0.220
-0.204 -0.228 -0.239 -0.286 -0.304 -0.333 -0.327 -0.313 -0.314 -0.288 -0.243 -0.106 -0.009 -0.046 0.054 -0.026 -0.089 0.071 0.125 0.130 0.137 0.108 0.064 0.038 0.156 0.235 0.259 0.273 0.272 0.266 0.256 0.236 0.241 0.244 0.231 0.239 0.235 0.240 0.246 0.259 0.257 0.257 0.251 0.245 0.246 0.262 0.264 0.265 0.252 0.223
-0.192 -0.214 -0.223 -0.263 -0.279 -0.303 -0.298 -0.287 -0.288 -0.265 -0.226 -0.107 -0.021 -0.053 0.034 -0.036 -0.091 0.050 0.097 0.101 0.107 0.082 0.043 0.021 0.124 0.193 0.213 0.225 0.223 0.218 0.210 0.193 0.198 0.200 0.189 0.197 0.192 0.197 0.202 0.213 0.211 0.212 0.206 0.201 0.202 0.215 0.217 0.218 0.207 0.182
-0.169 -0.186 -0.194 -0.225 -0.237 -0.252 -0.249 -0.242 -0.243 -0.226 -0.196 -0.100 -0.031 -0.057 0.014 -0.042 -0.087 0.027 0.064 0.068 0.073 0.053 0.021 0.003 0.086 0.140 0.154 0.163 0.162 0.158 0.153 0.140 0.143 0.145 0.137 0.143 0.140 0.143 0.147 0.155 0.153 0.154 0.149 0.146 0.147 0.156 0.158 0.158 0.151 0.132
-0.091 -0.097 -0.099 -0.107 -0.107 -0.101 -0.103 -0.107 -0.106 -0.107 -0.100 -0.067 -0.042 -0.052 -0.026 -0.046 -0.062 -0.021 -0.008 -0.006 -0.005 -0.011 -0.022 -0.028 -0.001 0.012 0.013 0.011 0.011 0.012 0.012 0.012 0.013 0.013 0.013 0.013 0.013 0.013 0.013 0.013 0.013 0.013 0.012 0.013 0.013 0.012 0.012 0.012 0.013 0.011
-0.034 -0.033 -0.031 -0.022 -0.015 0.007 0.000 -0.010 -0.009 -0.021 -0.031 -0.042 -0.045 -0.045 -0.049 -0.045 -0.041 -0.049 -0.054 -0.053 -0.054 -0.051 -0.048 -0.047 -0.057 -0.072 -0.081 -0.090 -0.089 -0.085 -0.080 -0.072 -0.073 -0.075 -0.069 -0.072 -0.070 -0.072 -0.074 -0.081 -0.080 -0.080 -0.078 -0.075 -0.076 -0.083 -0.084 -0.085 -0.079 -0.068
-0.056 -0.057 -0.057 -0.054 -0.050 -0.034 -0.039 -0.047 -0.046 -0.053 -0.057 -0.052 -0.045 -0.048 -0.041 -0.045 -0.049 -0.039 -0.037 -0.036 -0.036 -0.037 -0.039 -0.040 -0.036 -0.041 -0.047 -0.053 -0.052 -0.050 -0.046 -0.041 -0.042 -0.043 -0.039 -0.041 -0.040 -0.041 -0.042 -0.047 -0.046 -0.046 -0.045 -0.043 -0.044 -0.048 -0.049 -0.049 -0.045 -0.040
0.002 0.009 0.012 0.033 0.045 0.077 0.068 0.052 0.054 0.034 0.014 -0.026 -0.049 -0.041 -0.067 -0.045 -0.029 -0.070 -0.086 -0.086 -0.088 -0.079 -0.067 -0.060 -0.095 -0.129 -0.145 -0.159 -0.156 -0.151 -0.143 -0.129 -0.132 -0.134 -0.125 -0.130 -0.127 -0.130 -0.134 -0.145 -0.143 -0.144 -0.139 -0.135 -0.136 -0.147 -0.149 -0.150 -0.140 -0.123
-0.044 -0.044 -0.043 -0.037 -0.031 -0.012 -0.017 -0.027 -0.026 -0.036 -0.042 -0.046 -0.045 -0.045 -0.045 -0.044 -0.044 -0.044 -0.046 -0.045 -0.045 -0.044 -0.043 -0.043 -0.047 -0.057 -0.064 -0.072 -0.071 -0.068 -0.064 -0.057 -0.058 -0.059 -0.055 -0.057 -0.056 -0.057 -0.059 -0.065 -0.064 -0.064 -0.062 -0.060 -0.060 -0.066 -0.067 -0.067 -0.062 -0.054
-0.080 -0.085 -0.087 -0.091 -0.091 -0.081 -0.085 -0.089 -0.089 -0.091 -0.087 -0.062 -0.041 -0.049 -0.029 -0.044 -0.057 -0.024 -0.015 -0.013 -0.012 -0.017 -0.025 -0.030 -0.009 -0.001 -0.002 -0.005 -0.004 -0.003 -0.002 -0.001 -0.000 -0.001 -0.000 -0.000 0.000 -0.000 -0.000 -0.002 -0.002 -0.002 -0.002 -0.001 -0.001 -0.003 -0.003 -0.003 -0.002 -0.001
0.013 0.020 0.025 0.048 0.061 0.096 0.086 0.070 0.071 0.050 0.027 -0.021 -0.049 -0.039 -0.070 -0.044 -0.024 -0.074 -0.093 -0.093 -0.096 -0.085 -0.070 -0.063 -0.104 -0.143 -0.160 -0.175 -0.173 -0.167 -0.158 -0.143 -0.146 -0.148 -0.139 -0.144 -0.141 -0.144 -0.148 -0.160 -0.159 -0.159 -0.154 -0.149 -0.150 -0.163 -0.165 -0.166 -0.155 -0.135
0.043 0.055 0.062 0.095 0.112 0.156 0.144 0.123 0.125 0.097 0.064 -0.008 -0.054 -0.037 -0.086 -0.046 -0.015 -0.093 -0.122 -0.123 -0.126 -0.111 -0.088 -0.075 -0.139 -0.193 -0.216 -0.236 -0.233 -0.225 -0.214 -0.194 -0.198 -0.201 -0.188 -0.196 -0.191 -0.196 -0.201 -0.217 -0.215 -0.215 -0.208 -0.202 -0.204 -0.220 -0.223 -0.224 -0.210 -0.184
0.046 0.059 0.065 0.099 0.117 0.161 0.149 0.127 0.130 0.101 0.068 -0.006 -0.053 -0.036 -0.086 -0.045 -0.013 -0.093 -0.123 -0.123 -0.127 -0.111 -0.088 -0.075 -0.140 -0.196 -0.219 -0.239 -0.235 -0.228 -0.217 -0.196 -0.200 -0.204 -0.190 -0.198 -0.193 -0.198 -0.204 -0.219 -0.217 -0.218 -0.211 -0.205 -0.206 -0.223 -0.225 -0.227 -0.213 -0.186
0.050 0.063 0.070 0.105 0.123 0.169 0.156 0.134 0.137 0.107 0.073 -0.005 -0.054 -0.036 -0.088 -0.045 -0.012 -0.096 -0.126 -0.127 -0.131 -0.114 -0.090 -0.077 -0.145 -0.202 -0.226 -0.246 -0.243 -0.236 -0.224 -0.203 -0.207 -0.210 -0.197 -0.205 -0.200 -0.205 -0.211 -0.227 -0.224 -0.225 -0.218 -0.212 -0.213 -0.230 -0.233 -0.235 -0.220 -0.192
0.034 0.045 0.051 0.080 0.096 0.137 0.126 0.106 0.108 0.082 0.053 -0.011 -0.051 -0.037 -0.079 -0.044 -0.017 -0.085 -0.111 -0.111 -0.114 -0.100 -0.080 -0.070 -0.126 -0.175 -0.195 -0.214 -0.211 -0.204 -0.194 -0.175 -0.178 -0.182 -0.170 -0.176 -0.172 -0.177 -0.182 -0.196 -0.194 -0.194 -0.188 -0.183 -0.184 -0.199 -0.202 -0.203 -0.190 -0.166
0.009 0.016 0.020 0.041 0.054 0.088 0.078 0.062 0.064 0.043 0.021 -0.022 -0.048 -0.039 -0.067 -0.043 -0.025 -0.070 -0.088 -0.088 -0.090 -0.080 -0.067 -0.060 -0.098 -0.134 -0.150 -0.165 -0.163 -0.157 -0.149 -0.134 -0.137 -0.139 -0.130 -0.135 -0.132 -0.135 -0.139 -0.151 -0.149 -0.149 -0.145 -0.140 -0.141 -0.153 -0.155 -0.156 -0.146 -0.127
-0.006 -0.001 0.002 0.019 0.030 0.059 0.051 0.037 0.038 0.021 0.003 -0.028 -0.047 -0.040 -0.060 -0.043 -0.030 -0.063 -0.075 -0.075 -0.077 -0.070 -0.060 -0.055 -0.083 -0.112 -0.126 -0.138 -0.136 -0.131 -0.124 -0.112 -0.114 -0.116 -0.108 -0.113 -0.110 -0.113 -0.116 -0.126 -0.125 -0.125 -0.121 -0.117 -0.118 -0.128 -0.130 -0.131 -0.122 -0.106
0.061 0.076 0.083 0.122 0.142 0.191 0.177 0.154 0.156 0.124 0.086 -0.001 -0.057 -0.036 -0.095 -0.047 -0.009 -0.104 -0.139 -0.140 -0.145 -0.126 -0.098 -0.083 -0.159 -0.223 -0.249 -0.271 -0.268 -0.259 -0.247 -0.224 -0.228 -0.232 -0.217 -0.226 -0.221 -0.226 -0.233 -0.250 -0.247 -0.248 -0.240 -0.234 -0.235 -0.254 -0.257 -0.258 -0.242 -0.212
0.103 0.124 0.136 0.189 0.216 0.279 0.262 0.232 0.235 0.193 0.140 0.012 -0.072 -0.041 -0.129 -0.057 -0.001 -0.143 -0.193 -0.196 -0.202 -0.175 -0.134 -0.112 -0.223 -0.313 -0.348 -0.376 -0.372 -0.361 -0.345 -0.314 -0.320 -0.325 -0.305 -0.317 -0.310 -0.317 -0.326 -0.349 -0.345 -0.346 -0.336 -0.327 -0.329 -0.354 -0.358 -0.360 -0.339 -0.297
0.113 0.138 0.150 0.209 0.238 0.305 0.288 0.255 0.259 0.213 0.154 0.013 -0.081 -0.047 -0.145 -0.064 -0.002 -0.160 -0.216 -0.219 -0.226 -0.195 -0.150 -0.126 -0.249 -0.348 -0.386 -0.416 -0.412 -0.400 -0.382 -0.349 -0.355 -0.361 -0.340 -0.352 -0.345 -0.352 -0.362 -0.387 -0.383 -0.384 -0.373 -0.363 -0.365 -0.392 -0.396 -0.399 -0.376 -0.331
0.119 0.145 0.158 0.221 0.252 0.322 0.304 0.270 0.273 0.225 0.163 0.011 -0.090 -0.053 -0.159 -0.072 -0.005 -0.175 -0.236 -0.239 -0.246 -0.214 -0.165 -0.138 -0.271 -0.376 -0.416 -0.448 -0.444 -0.431 -0.413 -0.377 -0.384 -0.390 -0.367 -0.381 -0.373 -0.381 -0.391 -0.418 -0.413 -0.414 -0.403 -0.392 -0.395 -0.423 -0.427 -0.430 -0.406 -0.358
0.118 0.144 0.157 0.219 0.250 0.320 0.302 0.268 0.272 0.223 0.162 0.011 -0.089 -0.052 -0.156 -0.071 -0.004 -0.173 -0.233 -0.235 -0.243 -0.211 -0.163 -0.136 -0.268 -0.372 -0.412 -0.444 -0.439 -0.427 -0.408 -0.373 -0.380 -0.386 -0.363 -0.377 -0.369 -0.377 -0.387 -0.413 -0.409 -0.410 -0.398 -0.388 -0.390 -0.418 -0.423 -0.425 -0.401 -0.354
0.116 0.141 0.154 0.215 0.245 0.313 0.295 0.262 0.266 0.218 0.158 0.012 -0.085 -0.050 -0.151 -0.068 -0.003 -0.167 -0.225 -0.228 -0.236 -0.204 -0.157 -0.131 -0.259 -0.361 -0.400 -0.431 -0.427 -0.414 -0.396 -0.362 -0.369 -0.375 -0.352 -0.365 -0.358 -0.366 -0.376 -0.401 -0.397 -0.398 -0.387 -0.376 -0.379 -0.406 -0.411 -0.413 -0.390 -0.344
0.112 0.136 0.148 0.207 0.236 0.302 0.285 0.253 0.256 0.210 0.153 0.012 -0.080 -0.046 -0.143 -0.064 -0.002 -0.158 -0.214 -0.217 -0.224 -0.194 -0.149 -0.124 -0.247 -0.345 -0.382 -0.413 -0.408 -0.396 -0.379 -0.346 -0.352 -0.358 -0.336 -0.349 -0.341 -0.349 -0.359 -0.383 -0.379 -0.380 -0.369 -0.359 -0.362 -0.388 -0.393 -0.395 -0.372 -0.328
0.103 0.125 0.136 0.190 0.217 0.280 0.263 0.233 0.236 0.193 0.140 0.012 -0.072 -0.041 -0.129 -0.057 -0.001 -0.143 -0.194 -0.196 -0.203 -0.175 -0.134 -0.112 -0.224 -0.314 -0.349 -0.377 -0.373 -0.362 -0.346 -0.315 -0.321 -0.326 -0.306 -0.318 -0.311 -0.318 -0.327 -0.350 -0.346 -0.347 -0.337 -0.328 -0.330 -0.355 -0.359 -0.361 -0.340 -0.298
0.106 0.128 0.139 0.194 0.222 0.285 0.268 0.238 0.241 0.198 0.143 0.013 -0.073 -0.042 -0.132 -0.058 -0.000 -0.146 -0.198 -0.200 -0.207 -0.178 -0.137 -0.114 -0.228 -0.320 -0.355 -0.384 -0.380 -0.369 -0.352 -0.321 -0.327 -0.332 -0.312 -0.324 -0.317 -0.324 -0.333 -0.356 -0.353 -0.353 -0.343 -0.334 -0.336 -0.361 -0.365 -0.367 -0.346 -0.304
0.107 0.129 0.141 0.197 0.225 0.289 0.272 0.241 0.244 0.200 0.145 0.013 -0.075 -0.043 -0.134 -0.059 -0.001 -0.148 -0.201 -0.204 -0.210 -0.182 -0.139 -0.116 -0.232 -0.325 -0.361 -0.390 -0.386 -0.375 -0.358 -0.326 -0.332 -0.338 -0.317 -0.329 -0.322 -0.329 -0.338 -0.362 -0.358 -0.359 -0.349 -0.339 -0.342 -0.367 -0.371 -0.373 -0.351 -0.309
0.101 0.122 0.133 0.186 0.213 0.274 0.258 0.228 0.231 0.189 0.137 0.013 -0.069 -0.039 -0.125 -0.055 -0.000 -0.139 -0.188 -0.190 -0.197 -0.170 -0.130 -0.108 -0.217 -0.305 -0.340 -0.367 -0.363 -0.352 -0.336 -0.306 -0.312 -0.317 -0.298 -0.309 -0.302 -0.309 -0.318 -0.341 -0.337 -0.338 -0.328 -0.319 -0.321 -0.345 -0.349 -0.351 -0.330 -0.290
0.105 0.127 0.139 0.193 0.220 0.284 0.267 0.236 0.239 0.197 0.143 0.013 -0.072 -0.041 -0.130 -0.057 -0.000 -0.144 -0.196 -0.198 -0.205 -0.176 -0.135 -0.113 -0.226 -0.317 -0.352 -0.381 -0.377 -0.365 -0.349 -0.318 -0.324 -0.329 -0.309 -0.321 -0.314 -0.321 -0.330 -0.353 -0.350 -0.350 -0.340 -0.331 -0.333 -0.358 -0.362 -0.364 -0.343 -0.301
0.103 0.125 0.136 0.189 0.216 0.278 0.262 0.232 0.235 0.192 0.140 0.013 -0.070 -0.040 -0.127 -0.056 0.000 -0.141 -0.191 -0.193 -0.200 -0.172 -0.132 -0.110 -0.221 -0.310 -0.345 -0.373 -0.369 -0.358 -0.341 -0.311 -0.317 -0.322 -0.302 -0.314 -0.307 -0.314 -0.323 -0.346 -0.342 -0.343 -0.333 -0.324 -0.326 -0.350 -0.354 -0.356 -0.335 -0.294
0.105 0.127 0.139 0.193 0.221 0.284 0.267 0.237 0.240 0.197 0.143 0.013 -0.072 -0.041 -0.130 -0.057 -0.000 -0.144 -0.196 -0.198 -0.205 -0.177 -0.135 -0.113 -0.226 -0.317 -0.352 -0.381 -0.377 -0.366 -0.349 -0.318 -0.324 -0.329 -0.309 -0.321 -0.314 -0.321 -0.330 -0.354 -0.350 -0.351 -0.340 -0.331 -0.333 -0.358 -0.362 -0.364 -0.343 -0.301
0.108 0.131 0.142 0.198 0.226 0.291 0.274 0.242 0.246 0.202 0.147 0.013 -0.074 -0.042 -0.134 -0.059 -0.000 -0.148 -0.201 -0.204 -0.211 -0.182 -0.139 -0.116 -0.233 -0.326 -0.362 -0.391 -0.387 -0.376 -0.359 -0.327 -0.333 -0.338 -0.318 -0.330 -0.323 -0.330 -0.339 -0.363 -0.359 -0.360 -0.350 -0.340 -0.342 -0.368 -0.372 -0.374 -0.352 -0.310
0.114 0.138 0.151 0.210 0.239 0.306 0.289 0.256 0.259 0.213 0.155 0.013 -0.081 -0.047 -0.145 -0.065 -0.002 -0.160 -0.217 -0.219 -0.227 -0.196 -0.151 -0.126 -0.250 -0.349 -0.387 -0.418 -0.413 -0.401 -0.383 -0.350 -0.356 -0.362 -0.341 -0.353 -0.346 -0.354 -0.363 -0.388 -0.384 -0.385 -0.374 -0.364 -0.366 -0.393 -0.398 -0.400 -0.377 -0.332
0.113 0.137 0.149 0.207 0.237 0.304 0.286 0.254 0.257 0.211 0.153 0.013 -0.080 -0.046 -0.143 -0.064 -0.002 -0.159 -0.215 -0.217 -0.224 -0.194 -0.149 -0.125 -0.247 -0.345 -0.383 -0.413 -0.409 -0.397 -0.379 -0.346 -0.353 -0.358 -0.337 -0.350 -0.342 -0.350 -0.359 -0.384 -0.380 -0.381 -0.370 -0.360 -0.363 -0.389 -0.394 -0.396 -0.373 -0.328
0.113 0.137 0.149 0.208 0.237 0.304 0.286 0.254 0.257 0.212 0.154 0.013 -0.080 -0.046 -0.144 -0.064 -0.002 -0.159 -0.215 -0.218 -0.225 -0.194 -0.149 -0.125 -0.248 -0.346 -0.384 -0.414 -0.410 -0.398 -0.380 -0.347 -0.353 -0.359 -0.338 -0.350 -0.343 -0.351 -0.360 -0.385 -0.381 -0.382 -0.371 -0.361 -0.363 -0.390 -0.394 -0.396 -0.374 -0.329
0.110 0.133 0.145 0.202 0.231 0.296 0.279 0.247 0.251 0.206 0.149 0.012 -0.078 -0.045 -0.139 -0.062 -0.002 -0.154 -0.208 -0.211 -0.218 -0.188 -0.145 -0.121 -0.240 -0.336 -0.373 -0.403 -0.398 -0.387 -0.369 -0.337 -0.343 -0.349 -0.328 -0.340 -0.333 -0.340 -0.350 -0.374 -0.370 -0.371 -0.360 -0.350 -0.353 -0.379 -0.383 -0.385 -0.363 -0.319
0.107 0.130 0.142 0.197 0.225 0.290 0.273 0.242 0.245 0.201 0.146 0.013 -0.075 -0.043 -0.135 -0.060 -0.001 -0.149 -0.202 -0.205 -0.212 -0.183 -0.140 -0.117 -0.234 -0.327 -0.363 -0.392 -0.388 -0.376 -0.359 -0.328 -0.334 -0.339 -0.319 -0.331 -0.324 -0.331 -0.340 -0.364 -0.360 -0.361 -0.350 -0.341 -0.343 -0.369 -0.373 -0.375 -0.353 -0.311
0.108 0.131 0.143 0.199 0.227 0.291 0.274 0.243 0.246 0.202 0.147 0.013 -0.076 -0.044 -0.136 -0.060 -0.001 -0.150 -0.204 -0.206 -0.213 -0.184 -0.141 -0.118 -0.235 -0.329 -0.365 -0.395 -0.390 -0.379 -0.362 -0.330 -0.336 -0.342 -0.321 -0.333 -0.326 -0.333 -0.342 -0.366 -0.363 -0.363 -0.353 -0.343 -0.346 -0.371 -0.375 -0.378 -0.356 -0.313
0.115 0.139 0.152 0.211 0.241 0.309 0.291 0.258 0.262 0.215 0.156 0.012 -0.083 -0.048 -0.147 -0.066 -0.003 -0.163 -0.220 -0.223 -0.230 -0.199 -0.153 -0.128 -0.254 -0.354 -0.392 -0.423 -0.418 -0.406 -0.388 -0.355 -0.361 -0.367 -0.345 -0.358 -0.350 -0.358 -0.368 -0.393 -0.389 -0.390 -0.379 -0.369 -0.371 -0.398 -0.403 -0.405 -0.382 -0.336
0.115 0.140 0.153 0.213 0.243 0.312 0.294 0.261 0.264 0.217 0.158 0.012 -0.084 -0.049 -0.149 -0.067 -0.003 -0.165 -0.223 -0.225 -0.233 -0.202 -0.155 -0.130 -0.257 -0.358 -0.396 -0.427 -0.423 -0.411 -0.393 -0.359 -0.365 -0.371 -0.349 -0.362 -0.354 -0.362 -0.372 -0.398 -0.394 -0.394 -0.383 -0.373 -0.375 -0.403 -0.407 -0.409 -0.386 -0.340
0.116 0.141 0.154 0.214 0.245 0.313 0.295 0.262 0.265 0.218 0.158 0.012 -0.085 -0.049 -0.150 -0.067 -0.003 -0.166 -0.224 -0.227 -0.235 -0.203 -0.156 -0.131 -0.258 -0.360 -0.399 -0.430 -0.425 -0.413 -0.395 -0.361 -0.367 -0.373 -0.351 -0.364 -0.356 -0.364 -0.374 -0.400 -0.396 -0.396 -0.385 -0.375 -0.378 -0.405 -0.409 -0.412 -0.388 -0.342
0.111 0.134 0.146 0.204 0.233 0.298 0.281 0.249 0.252 0.207 0.151 0.013 -0.079 -0.045 -0.140 -0.062 -0.002 -0.155 -0.210 -0.213 -0.220 -0.190 -0.146 -0.122 -0.242 -0.339 -0.376 -0.406 -0.401 -0.390 -0.372 -0.340 -0.346 -0.351 -0.330 -0.343 -0.335 -0.343 -0.352 -0.377 -0.373 -0.374 -0.363 -0.353 -0.356 -0.382 -0.386 -0.388 -0.366 -0.322
0.097 0.117 0.128 0.179 0.205 0.265 0.249 0.220 0.223 0.182 0.132 0.011 -0.068 -0.040 -0.123 -0.054 -0.001 -0.135 -0.184 -0.186 -0.192 -0.166 -0.127 -0.106 -0.212 -0.297 -0.331 -0.358 -0.354 -0.344 -0.328 -0.298 -0.304 -0.309 -0.290 -0.301 -0.294 -0.301 -0.310 -0.332 -0.328 -0.329 -0.319 -0.311 -0.313 -0.336 -0.340 -0.342 -0.322 -0.283
