1.502e-02
2.059e-02
2.558e-02
3.001e-02
3.106e-02
2.932e-02
2.215e-02
9.559e-03
4.420e-03
2.830e-03
1.720e-03
1.110e-03
5.770e-04
7.742e-04
1.029e-03
2.683e-03
6.526e-03
1.307e-02
2.498e-02
5.134e-02
6.619e-02
7.391e-02
7.678e-02
7.101e-02
5.796e-02
4.747e-02
3.970e-02
3.395e-02
3.210e-02
3.253e-02
3.506e-02
4.036e-02
4.707e-02
5.608e-02
6.437e-02
7.056e-02
7.452e-02
6.856e-02
5.358e-02
2.495e-02
1.219e-02
4.336e-03
8.631e-04
-8.955e-04
-1.758e-03
-1.948e-03
-2.035e-03
-1.757e-03
-1.912e-03
-1.797e-03
-1.902e-03
-1.808e-03
-1.727e-03
-1.827e-03
-2.192e-03
-1.999e-03
-2.107e-03
-2.119e-03
-1.675e-03
-1.540e-03
-1.341e-03
-1.379e-03
-1.387e-03
-1.325e-03
-1.081e-03
-9.185e-04
-6.788e-04
-2.583e-04
-8.464e-04
-1.247e-03
-1.404e-03
-1.287e-03
-1.673e-03
-1.750e-03
-1.773e-03
-1.538e-03
-1.291e-03
-1.382e-03
-1.083e-03
-5.497e-04
1.930e-05
3.262e-04
6.112e-04
1.090e-03
7.639e-04
1.048e-03
1.945e-03
2.932e-03
5.336e-03
8.865e-03
1.675e-02
2.320e-02
3.126e-02
3.847e-02
4.375e-02
4.753e-02
4.575e-02
3.863e-02
3.205e-02
2.472e-02
1.867e-02
1.487e-02
1.333e-02
1.284e-02
1.326e-02
1.480e-02
1.744e-02
2.217e-02
3.055e-02
3.634e-02
3.898e-02
3.933e-02
3.670e-02
3.160e-02
2.377e-02
1.886e-02
1.566e-02
1.461e-02
1.385e-02
1.268e-02
1.172e-02
1.266e-02
9.101e-03
8.182e-03
1.134e-02
1.176e-02
1.199e-02
1.341e-02
1.534e-02
1.856e-02
1.886e-02
1.621e-02
1.918e-02
3.122e-02
4.023e-02
4.673e-02
5.049e-02
5.364e-02
5.427e-02
5.232e-02
4.763e-02
4.151e-02
3.332e-02
2.835e-02
2.533e-02
2.391e-02
2.447e-02
2.682e-02
2.949e-02
3.439e-02
4.067e-02
4.530e-02
4.618e-02
4.587e-02
4.412e-02
4.254e-02
4.674e-02
4.987e-02
5.104e-02
5.277e-02
5.213e-02
5.229e-02
5.141e-02
5.027e-02
4.861e-02
4.428e-02
3.845e-02
3.273e-02
2.783e-02
2.335e-02
1.828e-02
1.215e-02
6.608e-03
4.088e-04
-1.824e-03
-2.327e-03
-1.558e-03
-1.023e-03
-7.021e-04
-3.253e-04
5.872e-05
7.377e-04
1.098e-03
9.645e-04
1.118e-03
9.095e-04
1.069e-03
1.532e-03
2.435e-03
4.856e-03
9.972e-03
1.435e-02
1.917e-02
2.350e-02
2.707e-02
2.963e-02
3.255e-02
3.340e-02
3.459e-02
3.495e-02
3.494e-02
3.472e-02
3.391e-02
3.330e-02
3.241e-02
3.068e-02
2.847e-02
2.741e-02
2.523e-02
2.244e-02
2.553e-02
2.878e-02
2.979e-02
3.170e-02
3.236e-02
3.068e-02
2.744e-02
2.238e-02
1.701e-02
1.102e-02
5.464e-03
2.824e-03
1.552e-03
1.668e-03
3.692e-03
8.224e-03
1.785e-02
4.001e-02
5.173e-02
6.076e-02
6.506e-02
6.298e-02
5.665e-02
4.974e-02
4.053e-02
3.454e-02
3.157e-02
3.168e-02
3.471e-02
4.173e-02
4.762e-02
5.280e-02
5.615e-02
5.778e-02
5.786e-02
5.696e-02
5.564e-02
5.446e-02
5.333e-02
5.163e-02
4.876e-02
4.608e-02
4.345e-02
4.237e-02
4.398e-02
4.946e-02
6.067e-02
6.694e-02
7.078e-02
7.159e-02
7.203e-02
7.164e-02
7.124e-02
7.142e-02
7.221e-02
7.128e-02
7.320e-02
7.569e-02
7.779e-02
7.835e-02
7.477e-02
6.646e-02
5.148e-02
2.558e-02
1.353e-02
7.495e-03
3.655e-03
1.723e-03
1.238e-03
1.226e-03
1.196e-03
1.595e-03
2.697e-03
4.126e-04
-7.422e-04
-1.522e-03
-1.924e-03
-2.457e-03
-2.803e-03
-2.804e-03
-2.679e-03
-2.756e-03
-2.389e-03
-2.145e-03
-1.985e-03
-2.041e-03
-1.519e-03
-1.265e-03
-1.527e-03
-7.799e-04
-8.165e-05
5.582e-04
1.160e-03
2.306e-03
4.007e-03
6.731e-03
1.131e-02
1.956e-02
2.583e-02
3.022e-02
3.344e-02
3.516e-02
3.529e-02
3.598e-02
3.589e-02
3.485e-02
3.313e-02
3.144e-02
2.750e-02
2.307e-02
1.619e-02
9.660e-03
1.467e-03
-1.275e-03
-2.397e-03
-2.188e-03
-1.924e-03
-1.608e-03
-1.357e-03
-1.709e-03
-2.109e-03
-3.349e-03
-3.422e-03
-3.578e-03
-3.018e-03
-2.167e-03
-1.511e-03
-1.445e-03
-1.503e-03
-1.928e-03
-2.464e-03
-1.198e-03
1.803e-03
8.660e-03
2.527e-02
3.522e-02
4.024e-02
4.220e-02
3.864e-02
3.342e-02
2.584e-02
1.783e-02
9.951e-03
1.797e-03
-1.328e-03
-2.704e-03
-3.036e-03
-2.887e-03
-2.547e-03
-2.283e-03
-1.903e-03
-2.120e-03
-2.125e-03
-2.069e-03
-1.920e-03
-1.866e-03
-1.559e-03
-1.629e-03
-1.202e-03
-9.102e-04
-5.935e-05
-1.775e-04
-9.827e-04
-1.353e-03
-2.096e-03
-2.164e-03
-2.382e-03
-2.173e-03
-2.060e-03
-1.928e-03
-1.848e-03
-1.613e-03
-9.526e-04
-1.809e-04
6.689e-04
2.443e-03
4.001e-03
5.204e-03
6.460e-03
8.730e-03
1.262e-02
1.401e-02
1.469e-02
1.412e-02
1.381e-02
1.269e-02
1.256e-02
1.164e-02
1.153e-02
1.210e-02
1.304e-02
1.484e-02
1.913e-02
2.350e-02
2.947e-02
2.866e-02
2.284e-02
1.324e-02
3.659e-03
-1.473e-04
-2.325e-03
-2.994e-03
-2.642e-03
-1.272e-03
1.988e-03
1.024e-02
1.780e-02
2.487e-02
3.040e-02
3.417e-02
3.578e-02
3.499e-02
3.276e-02
2.478e-02
1.260e-02
6.115e-03
2.862e-03
6.400e-04
-2.890e-04
-8.544e-04
-8.553e-04
-4.207e-04
1.874e-05
2.933e-04
7.767e-04
1.285e-03
1.884e-03
2.383e-03
2.533e-03
2.182e-03
1.690e-03
6.455e-04
9.031e-04
2.987e-04
7.482e-05
-3.091e-04
-1.278e-03
-7.098e-04
-6.508e-04
-1.128e-03
-2.099e-03
-2.354e-03
-2.623e-03
-2.519e-03
-2.456e-03
-2.295e-03
-1.901e-03
-1.620e-03
-1.143e-03
-1.234e-03
-1.357e-03
-1.617e-03
-2.399e-03
-2.841e-03
-3.633e-03
-3.960e-03
-4.117e-03
-4.280e-03
-4.461e-03
-4.299e-03
-4.467e-03
-4.644e-03
-4.761e-03
-4.831e-03
-4.650e-03
-4.584e-03
-4.500e-03
-4.269e-03
-4.294e-03
-3.547e-03
-2.381e-03
-1.032e-03
1.151e-03
4.759e-03
7.153e-03
9.533e-03
1.064e-02
1.141e-02
1.142e-02
1.073e-02
1.000e-02
8.071e-03
5.877e-03
3.873e-03
1.793e-03
1.218e-03
2.602e-03
4.451e-03
8.802e-03
1.574e-02
2.137e-02
2.533e-02
2.710e-02
2.428e-02
1.839e-02
1.023e-02
5.287e-03
1.771e-03
-7.703e-04
-2.668e-03
-3.495e-03
-3.778e-03
-3.250e-03
-1.717e-03
-7.486e-04
-1.437e-04
2.295e-04
7.000e-04
1.249e-03
1.533e-03
2.520e-03
4.044e-03
7.189e-03
1.333e-02
2.485e-02
5.272e-02
6.891e-02
7.971e-02
8.327e-02
8.090e-02
7.212e-02
6.582e-02
6.151e-02
5.497e-02
4.782e-02
3.993e-02
2.854e-02
1.201e-02
7.186e-03
3.803e-03
1.568e-03
9.959e-04
9.310e-04
2.776e-04
7.800e-04
2.422e-03
5.989e-03
1.429e-02
3.029e-02
4.318e-02
5.312e-02
5.939e-02
6.169e-02
6.179e-02
5.890e-02
5.431e-02
4.843e-02
4.443e-02
4.208e-02
4.088e-02
4.091e-02
4.168e-02
4.222e-02
4.385e-02
4.420e-02
4.326e-02
4.239e-02
4.234e-02
4.350e-02
4.637e-02
5.006e-02
5.404e-02
5.792e-02
6.044e-02
6.029e-02
5.984e-02
5.854e-02
5.775e-02
5.573e-02
5.070e-02
4.424e-02
3.392e-02
2.211e-02
1.536e-02
1.139e-02
9.151e-03
7.380e-03
7.403e-03
7.540e-03
8.291e-03
9.963e-03
1.038e-02
1.074e-02
1.135e-02
1.125e-02
1.157e-02
1.106e-02
1.039e-02
9.279e-03
7.867e-03
6.798e-03
4.663e-03
2.428e-03
1.047e-05
-8.451e-04
-9.870e-04
-7.703e-04
4.715e-04
2.841e-03
4.509e-03
6.028e-03
6.873e-03
7.128e-03
8.439e-03
9.531e-03
1.112e-02
1.417e-02
1.871e-02
2.566e-02
3.767e-02
4.691e-02
5.459e-02
6.028e-02
6.475e-02
6.634e-02
6.542e-02
5.837e-02
4.544e-02
3.537e-02
3.206e-02
3.504e-02
3.781e-02
4.114e-02
4.366e-02
4.637e-02
4.949e-02
5.391e-02
5.666e-02
6.102e-02
6.627e-02
6.550e-02
5.935e-02
4.974e-02
4.035e-02
3.618e-02
3.660e-02
4.418e-02
5.811e-02
6.731e-02
7.162e-02
7.086e-02
6.464e-02
5.968e-02
5.596e-02
5.455e-02
5.327e-02
5.440e-02
5.695e-02
5.801e-02
6.089e-02
6.192e-02
6.331e-02
6.310e-02
6.024e-02
5.346e-02
4.463e-02
3.181e-02
1.605e-02
7.399e-03
2.856e-03
6.422e-04
2.235e-05
-1.626e-04
-2.487e-04
2.436e-04
6.778e-05
3.657e-04
3.415e-04
5.258e-04
7.153e-04
1.229e-03
2.036e-03
2.037e-03
1.913e-03
1.519e-03
1.149e-03
1.367e-03
1.881e-03
2.424e-03
1.793e-03
1.072e-03
6.131e-04
-1.350e-04
-3.988e-04
-8.214e-04
-1.404e-03
-1.428e-03
-1.303e-03
-1.087e-04
1.198e-03
3.642e-03
5.758e-03
7.704e-03
9.243e-03
1.034e-02
1.047e-02
1.043e-02
1.051e-02
9.875e-03
9.733e-03
9.015e-03
8.631e-03
9.055e-03
8.481e-03
8.744e-03
9.816e-03
1.152e-02
1.478e-02
2.061e-02
2.976e-02
4.301e-02
5.383e-02
6.249e-02
6.539e-02
6.371e-02
5.679e-02
4.458e-02
2.892e-02
1.031e-02
2.551e-03
-1.101e-03
-2.571e-03
-2.996e-03
-3.020e-03
-2.073e-03
4.421e-05
2.778e-03
7.165e-03
1.580e-02
3.413e-02
4.827e-02
5.817e-02
6.498e-02
6.990e-02
7.201e-02
7.378e-02
7.529e-02
6.910e-02
5.567e-02
3.502e-02
2.173e-02
1.435e-02
8.974e-03
5.484e-03
3.404e-03
3.324e-04
-1.380e-03
-2.112e-03
-2.201e-03
-2.158e-03
-1.812e-03
-1.771e-03
-2.073e-03
-2.068e-03
-2.247e-03
-2.388e-03
-2.462e-03
-2.287e-03
-2.481e-03
-2.278e-03
-2.348e-03
-2.106e-03
-2.401e-03
-2.226e-03
-2.161e-03
-1.961e-03
-1.405e-03
-7.418e-04
7.777e-04
2.597e-03
5.211e-03
7.714e-03
1.156e-02
1.335e-02
1.246e-02
9.271e-03
5.392e-03
4.153e-03
5.919e-03
7.801e-03
9.874e-03
1.329e-02
1.780e-02
2.481e-02
3.238e-02
3.704e-02
3.658e-02
3.535e-02
3.528e-02
3.379e-02
3.310e-02
3.333e-02
3.349e-02
3.392e-02
3.658e-02
3.352e-02
3.204e-02
3.030e-02
2.899e-02
2.812e-02
2.798e-02
2.773e-02
2.933e-02
2.999e-02
3.138e-02
3.306e-02
3.628e-02
4.048e-02
4.377e-02
4.346e-02
3.836e-02
3.470e-02
3.146e-02
2.851e-02
2.693e-02
2.604e-02
2.569e-02
2.667e-02
2.745e-02
2.828e-02
2.827e-02
2.718e-02
2.745e-02
2.804e-02
2.976e-02
3.154e-02
3.203e-02
3.273e-02
3.251e-02
3.152e-02
2.985e-02
2.678e-02
2.364e-02
2.023e-02
1.642e-02
1.381e-02
1.165e-02
1.071e-02
9.708e-03
9.142e-03
8.005e-03
7.709e-03
7.808e-03
7.776e-03
7.634e-03
1.128e-02
2.147e-02
2.605e-02
2.522e-02
2.053e-02
1.002e-02
4.409e-03
1.120e-03
-7.424e-04
-1.574e-03
-1.906e-03
-2.035e-03
-2.325e-03
-2.205e-03
-2.138e-03
-2.038e-03
-1.827e-03
-1.587e-03
-9.899e-04
5.049e-04
3.149e-03
5.778e-03
8.574e-03
1.028e-02
1.197e-02
1.298e-02
1.447e-02
1.677e-02
1.943e-02
2.269e-02
2.617e-02
2.852e-02
3.114e-02
3.566e-02
4.151e-02
4.989e-02
5.556e-02
6.017e-02
6.177e-02
6.162e-02
5.902e-02
5.525e-02
4.830e-02
4.002e-02
3.023e-02
1.680e-02
1.206e-02
1.243e-02
1.760e-02
3.136e-02
4.107e-02
4.850e-02
5.110e-02
4.878e-02
4.169e-02
3.430e-02
2.951e-02
2.672e-02
2.548e-02
2.643e-02
2.886e-02
3.307e-02
4.051e-02
4.552e-02
4.940e-02
5.203e-02
5.311e-02
5.345e-02
5.285e-02
5.220e-02
5.082e-02
5.046e-02
4.975e-02
4.875e-02
4.891e-02
4.905e-02
5.039e-02
5.144e-02
5.231e-02
5.291e-02
5.307e-02
5.266e-02
5.227e-02
5.303e-02
5.379e-02
5.483e-02
5.528e-02
5.432e-02
5.350e-02
5.178e-02
4.642e-02
3.657e-02
2.900e-02
2.147e-02
1.442e-02
7.649e-03
4.155e-03
2.126e-03
4.746e-04
-7.766e-05
-6.538e-04
3.902e-04
-6.589e-04
-1.365e-03
-1.661e-03
-1.827e-03
-1.813e-03
-2.025e-03
-1.473e-03
-1.206e-03
-1.178e-03
-1.237e-03
-1.443e-03
-1.912e-03
-3.002e-03
-3.519e-03
-3.820e-03
-3.775e-03
-3.766e-03
-3.684e-03
-4.065e-03
-3.999e-03
-3.838e-03
-3.660e-03
-3.676e-03
-3.581e-03
-2.790e-03
-2.134e-03
-2.236e-03
-2.072e-03
-1.401e-03
-7.224e-04
6.562e-04
4.096e-03
6.214e-03
7.724e-03
9.657e-03
1.180e-02
1.590e-02
2.358e-02
3.627e-02
4.852e-02
6.031e-02
7.166e-02
7.719e-02
7.874e-02
7.628e-02
6.936e-02
5.614e-02
4.537e-02
3.402e-02
2.715e-02
2.303e-02
2.090e-02
1.998e-02
2.088e-02
2.316e-02
2.751e-02
3.411e-02
4.466e-02
5.713e-02
6.844e-02
7.253e-02
6.844e-02
5.374e-02
4.057e-02
2.762e-02
1.618e-02
4.783e-03
