-2.607e-02
-3.647e-02
-4.489e-02
-5.149e-02
-5.327e-02
-4.852e-02
-3.761e-02
-2.386e-02
-1.477e-02
-1.277e-02
-1.008e-02
-1.001e-02
-9.637e-03
-8.937e-03
-1.239e-02
-1.404e-02
-2.371e-02
-3.276e-02
-5.697e-02
-1.035e-01
-1.252e-01
-1.366e-01
-1.408e-01
-1.287e-01
-1.034e-01
-7.905e-02
-6.324e-02
-5.527e-02
-4.586e-02
-4.331e-02
-4.347e-02
-4.376e-02
-4.352e-02
-4.936e-02
-5.895e-02
-6.158e-02
-5.679e-02
-4.274e-02
-2.118e-02
-3.539e-03
-4.076e-04
1.347e-03
2.084e-03
1.020e-03
1.628e-03
1.826e-03
1.050e-03
1.733e-03
1.621e-03
5.016e-04
1.463e-03
3.683e-03
4.087e-03
4.373e-03
6.087e-03
7.959e-03
9.068e-03
8.105e-03
7.610e-03
6.116e-03
4.260e-03
2.585e-03
2.321e-03
3.495e-03
2.872e-03
5.350e-03
6.172e-03
6.310e-03
2.580e-03
2.538e-03
2.030e-03
8.693e-04
1.127e-03
1.166e-03
5.572e-06
-9.417e-05
-6.503e-04
-2.218e-03
-1.802e-03
-1.296e-03
-3.365e-03
-2.555e-03
-5.019e-03
-5.577e-03
-7.124e-03
-7.843e-03
-4.956e-03
-5.904e-03
-8.484e-03
-1.322e-02
-1.810e-02
-2.613e-02
-3.223e-02
-3.857e-02
-4.191e-02
-4.631e-02
-4.189e-02
-4.445e-02
-3.813e-02
-3.699e-02
-2.900e-02
-2.530e-02
-2.604e-02
-2.415e-02
-2.247e-02
-2.535e-02
-3.194e-02
-3.834e-02
-4.563e-02
-4.923e-02
-5.098e-02
-5.347e-02
-4.904e-02
-4.395e-02
-4.307e-02
-4.209e-02
-3.486e-02
-3.012e-02
-2.770e-02
-2.766e-02
-2.549e-02
-2.234e-02
-1.807e-02
-1.967e-02
-2.066e-02
-2.156e-02
-2.290e-02
-2.231e-02
-2.548e-02
-2.742e-02
-2.118e-02
-1.981e-02
-2.335e-02
-2.975e-02
-3.964e-02
-3.828e-02
-3.603e-02
-3.779e-02
-3.786e-02
-3.273e-02
-2.334e-02
-2.043e-02
-1.458e-02
-8.258e-03
-8.233e-03
-5.195e-03
-2.299e-03
-5.522e-04
2.013e-03
3.646e-03
3.680e-03
1.146e-02
1.469e-02
2.038e-02
2.126e-02
2.447e-02
2.818e-02
3.450e-02
3.208e-02
4.756e-02
4.541e-02
4.481e-02
3.814e-02
4.042e-02
4.494e-02
4.541e-02
3.919e-02
3.845e-02
3.421e-02
2.728e-02
2.072e-02
1.559e-02
1.110e-02
5.521e-03
1.726e-03
1.470e-03
8.504e-04
2.559e-03
1.922e-03
3.032e-03
5.590e-03
7.607e-03
9.129e-03
8.914e-03
8.552e-03
7.633e-03
8.203e-03
6.560e-03
3.616e-03
-4.735e-04
-2.435e-03
-4.873e-03
-2.274e-03
-1.714e-03
-4.227e-03
-6.041e-03
-8.989e-03
-1.253e-02
-1.356e-02
-1.605e-02
-1.362e-02
-1.400e-02
-1.553e-02
-1.374e-02
-1.758e-02
-2.291e-02
-2.421e-02
-2.614e-02
-2.336e-02
-2.416e-02
-2.518e-02
-2.630e-02
-2.814e-02
-3.025e-02
-3.207e-02
-3.439e-02
-3.234e-02
-2.503e-02
-1.884e-02
-1.510e-02
-9.507e-03
-7.485e-03
-6.317e-03
-6.018e-03
-7.942e-03
-1.174e-02
-1.447e-02
-2.289e-02
-2.150e-02
-3.108e-02
-2.338e-02
-1.750e-02
-1.761e-02
-1.338e-02
-1.837e-02
-1.694e-02
-1.080e-02
-8.449e-03
-7.788e-03
5.753e-03
7.128e-03
1.125e-02
1.697e-02
2.421e-02
2.601e-02
3.427e-02
3.305e-02
2.990e-02
3.274e-02
3.695e-02
4.047e-02
3.835e-02
3.278e-02
2.585e-02
3.667e-02
4.603e-02
6.155e-02
6.768e-02
7.764e-02
8.263e-02
8.262e-02
8.589e-02
9.119e-02
9.053e-02
9.456e-02
9.848e-02
1.002e-01
1.056e-01
1.041e-01
1.046e-01
9.308e-02
8.009e-02
5.893e-02
3.284e-02
2.589e-02
2.012e-02
1.391e-02
1.081e-02
1.093e-02
1.100e-02
9.685e-03
6.230e-03
3.760e-03
9.942e-04
3.658e-04
-2.027e-04
-8.697e-04
-5.359e-04
-6.030e-04
-1.372e-03
-1.050e-03
-1.755e-03
-2.812e-03
-3.449e-03
-3.354e-03
-5.111e-03
-3.943e-03
-3.653e-03
-3.094e-03
-2.096e-03
-3.940e-03
-3.455e-03
-6.241e-03
-6.739e-03
-5.572e-03
-1.044e-02
-1.630e-02
-2.094e-02
-2.126e-02
-2.673e-02
-2.890e-02
-2.630e-02
-2.797e-02
-2.900e-02
-2.573e-02
-2.848e-02
-2.308e-02
-2.403e-02
-2.517e-02
-2.510e-02
-2.097e-02
-1.427e-02
-1.125e-02
-9.610e-03
-6.925e-03
-7.855e-03
-7.301e-03
-7.215e-03
-6.205e-03
-1.929e-03
-2.880e-03
-2.781e-03
-2.978e-03
-3.782e-03
-2.665e-03
-2.302e-03
-3.400e-03
-3.825e-03
-4.509e-03
-3.791e-03
-2.306e-03
3.300e-03
3.615e-03
5.331e-03
7.947e-03
1.013e-02
6.671e-03
7.843e-03
4.223e-03
1.653e-03
-1.948e-03
1.073e-03
-9.621e-06
-8.577e-04
-4.741e-04
-7.649e-04
-1.104e-03
-1.415e-03
-9.404e-04
-8.234e-04
3.801e-04
9.689e-04
1.550e-04
5.366e-04
5.028e-04
-1.049e-03
-7.832e-04
-1.612e-03
-1.125e-03
-1.538e-03
-1.287e-03
-2.232e-03
-2.193e-03
-7.340e-04
-1.214e-03
-5.769e-04
-5.992e-04
-1.951e-03
-2.047e-03
-1.853e-03
-3.732e-03
-4.367e-03
-5.654e-03
-5.614e-03
-3.426e-03
-6.733e-03
-6.294e-03
-5.471e-03
-5.641e-03
-7.754e-03
-1.049e-02
-1.269e-02
-1.276e-02
-1.202e-02
-1.343e-02
-1.396e-02
-1.352e-02
-1.439e-02
-1.817e-02
-1.865e-02
-1.699e-02
-1.988e-02
-2.175e-02
-2.538e-02
-2.701e-02
-2.664e-02
-2.362e-02
-1.837e-02
-1.054e-02
-8.319e-03
-6.283e-03
-5.821e-03
-4.974e-03
-7.963e-03
-8.874e-03
-1.525e-02
-1.700e-02
-2.038e-02
-2.207e-02
-2.473e-02
-2.933e-02
-2.654e-02
-2.815e-02
-2.088e-02
-1.167e-02
-1.013e-02
-7.719e-03
-6.038e-03
-3.672e-03
-2.185e-03
-4.025e-03
-3.165e-03
-1.103e-03
-2.347e-03
1.113e-03
1.735e-03
2.978e-03
4.430e-03
3.516e-03
3.100e-03
1.309e-03
2.669e-03
3.838e-03
4.263e-03
4.416e-03
6.207e-03
4.013e-03
7.054e-04
-1.375e-04
-6.876e-05
-2.121e-03
-8.517e-04
-2.245e-03
-2.380e-03
-8.409e-04
-6.133e-04
-1.095e-03
-8.709e-04
1.731e-04
-8.638e-04
-8.011e-04
-2.402e-03
-1.665e-03
-6.229e-04
-6.849e-04
-1.981e-03
-2.919e-03
-2.453e-03
-3.015e-03
-1.606e-03
-1.593e-03
-2.500e-03
-3.585e-03
-3.515e-03
-4.546e-03
-3.571e-03
-2.728e-03
-2.937e-03
-3.636e-03
-4.900e-03
-2.463e-03
-1.366e-03
-5.279e-03
-5.022e-03
-9.095e-03
-1.065e-02
-1.018e-02
-9.387e-03
-1.113e-02
-1.181e-02
-9.150e-03
-8.869e-03
-7.749e-03
-6.170e-03
-6.470e-03
-7.079e-03
-9.794e-03
-8.849e-03
-9.289e-03
-1.330e-02
-1.799e-02
-2.141e-02
-2.006e-02
-2.368e-02
-1.977e-02
-1.218e-02
-9.860e-03
-6.204e-03
-4.140e-03
-2.854e-03
-4.776e-03
-5.369e-03
-4.617e-03
-4.162e-03
-1.932e-03
-3.171e-03
-4.759e-03
-1.899e-03
-9.982e-04
-2.277e-03
1.334e-03
5.167e-04
7.357e-05
-3.408e-04
1.397e-03
-3.461e-03
-5.056e-03
-5.113e-03
-2.405e-04
1.112e-02
1.253e-02
1.668e-02
1.998e-02
1.821e-02
1.196e-02
1.562e-02
1.522e-02
8.613e-03
8.001e-03
6.876e-03
5.824e-03
5.274e-03
6.348e-03
7.979e-03
9.528e-03
9.750e-03
1.206e-02
2.351e-02
4.345e-02
5.552e-02
6.353e-02
7.599e-02
8.733e-02
8.520e-02
8.615e-02
8.385e-02
6.679e-02
5.817e-02
5.793e-02
5.233e-02
4.830e-02
4.645e-02
4.233e-02
4.397e-02
4.426e-02
4.132e-02
4.079e-02
4.656e-02
5.022e-02
4.903e-02
5.725e-02
6.262e-02
6.417e-02
6.660e-02
6.844e-02
6.467e-02
6.018e-02
4.505e-02
3.654e-02
2.752e-02
1.540e-02
8.474e-03
2.010e-03
6.031e-04
-4.981e-04
-2.786e-04
-1.720e-03
-1.541e-03
-1.145e-03
-3.974e-03
-6.166e-03
-5.119e-03
-6.143e-03
-5.799e-03
-8.876e-03
-9.549e-03
-7.817e-03
-9.052e-03
-9.232e-03
-8.220e-03
-7.033e-03
-8.962e-03
-8.496e-03
-7.192e-03
-4.747e-03
-4.978e-03
-6.548e-03
-6.657e-03
-8.622e-03
-1.048e-02
-1.155e-02
-1.265e-02
-1.161e-02
-1.179e-02
-1.273e-02
-1.426e-02
-2.173e-02
-2.298e-02
-2.559e-02
-2.742e-02
-2.690e-02
-3.151e-02
-3.628e-02
-3.236e-02
-3.051e-02
-1.702e-02
-1.152e-02
-1.393e-02
-1.225e-02
-3.409e-03
-4.748e-03
-7.310e-03
7.905e-04
-2.148e-03
-2.013e-03
1.991e-03
8.600e-03
1.380e-02
2.299e-02
3.454e-02
3.908e-02
3.875e-02
3.677e-02
2.804e-02
2.196e-02
2.810e-02
3.869e-02
5.623e-02
6.915e-02
8.027e-02
8.511e-02
7.499e-02
7.282e-02
7.689e-02
7.536e-02
6.845e-02
7.672e-02
7.834e-02
8.435e-02
8.640e-02
9.119e-02
9.170e-02
8.806e-02
7.905e-02
7.082e-02
6.089e-02
4.929e-02
2.755e-02
1.774e-02
1.045e-02
6.589e-03
4.526e-03
6.500e-03
4.424e-03
3.123e-03
2.602e-03
2.737e-03
2.029e-03
9.475e-04
2.456e-04
4.686e-04
9.582e-04
-1.859e-03
-1.121e-03
-1.556e-03
-2.568e-03
-2.415e-03
-2.421e-03
-4.973e-03
-4.324e-03
-4.687e-03
-4.605e-03
-4.173e-03
-2.492e-03
-4.251e-03
-4.481e-03
-4.897e-03
-6.612e-03
-8.960e-03
-9.802e-03
-1.185e-02
-1.144e-02
-1.563e-02
-1.730e-02
-1.566e-02
-1.522e-02
-1.728e-02
-1.762e-02
-1.716e-02
-1.997e-02
-2.059e-02
-1.555e-02
-1.563e-02
-1.539e-02
-1.676e-02
-1.877e-02
-1.900e-02
-2.325e-02
-2.901e-02
-3.241e-02
-3.722e-02
-3.666e-02
-3.825e-02
-3.235e-02
-3.159e-02
-2.444e-02
-2.229e-02
-2.196e-02
-1.197e-02
-9.595e-03
-7.034e-03
-5.161e-03
-3.550e-03
-3.681e-03
-2.344e-03
-1.913e-03
-2.686e-03
-8.628e-04
-4.815e-04
4.159e-03
3.489e-03
1.199e-02
1.689e-02
2.326e-02
2.491e-02
2.754e-02
3.565e-02
2.913e-02
2.580e-02
7.025e-03
1.903e-03
1.754e-03
-2.645e-03
3.489e-04
1.315e-03
-1.726e-04
-3.365e-04
-5.204e-05
-2.324e-03
-1.672e-03
-1.802e-03
-1.579e-03
-1.357e-03
-1.393e-03
-2.264e-03
-3.253e-03
-1.737e-03
-1.444e-03
-3.077e-03
-2.550e-03
-2.958e-03
-4.110e-03
-3.378e-03
-2.744e-03
-3.057e-03
-3.834e-03
-6.358e-03
-8.176e-03
-7.726e-03
-1.080e-02
-1.200e-02
-1.059e-02
-1.341e-02
-1.384e-02
-1.323e-02
-1.174e-02
-9.671e-03
-1.125e-02
-1.305e-02
-1.381e-02
-1.580e-02
-1.805e-02
-2.110e-02
-2.465e-02
-2.727e-02
-3.619e-02
-3.499e-02
-3.443e-02
-3.410e-02
-3.044e-02
-3.366e-02
-3.328e-02
-3.898e-02
-3.965e-02
-4.263e-02
-4.040e-02
-3.809e-02
-3.459e-02
-2.896e-02
-2.614e-02
-2.531e-02
-2.574e-02
-2.590e-02
-2.956e-02
-3.216e-02
-3.238e-02
-2.831e-02
-2.910e-02
-2.835e-02
-2.693e-02
-2.582e-02
-2.462e-02
-2.248e-02
-2.252e-02
-2.622e-02
-2.072e-02
-1.587e-02
-1.727e-02
-1.405e-02
-1.320e-02
-1.271e-02
-8.513e-03
-6.911e-03
1.424e-04
-2.424e-04
2.054e-03
1.898e-03
4.331e-03
4.648e-03
3.069e-03
4.652e-03
2.133e-03
9.709e-04
7.301e-04
-5.547e-04
2.306e-03
2.898e-03
1.063e-03
-8.638e-04
-1.897e-03
-4.961e-04
9.750e-04
1.631e-04
-8.399e-04
-5.917e-04
-1.052e-03
2.501e-03
2.856e-03
3.911e-03
-7.905e-05
9.727e-04
-5.972e-04
-1.934e-04
-2.538e-03
-1.996e-03
-2.635e-03
-1.662e-03
-5.837e-04
-2.498e-03
-2.289e-03
-3.065e-03
-3.397e-03
-3.734e-03
-3.681e-03
-4.571e-03
-7.277e-03
-8.347e-03
-9.387e-03
-9.888e-03
-1.362e-02
-1.521e-02
-1.607e-02
-1.712e-02
-1.682e-02
-1.616e-02
-2.233e-02
-2.295e-02
-2.655e-02
-3.493e-02
-3.805e-02
-3.709e-02
-3.935e-02
-5.169e-02
-5.479e-02
-5.548e-02
-5.146e-02
-4.939e-02
-4.842e-02
-4.198e-02
-3.325e-02
-2.315e-02
-1.865e-02
-1.911e-02
-2.383e-02
-3.737e-02
-3.934e-02
-3.661e-02
-3.885e-02
-4.009e-02
-3.843e-02
-3.479e-02
-2.927e-02
-2.869e-02
-2.177e-02
-1.900e-02
-1.913e-02
-1.805e-02
-1.847e-02
-1.705e-02
-1.428e-02
-1.373e-02
-1.019e-02
-1.008e-02
-8.109e-03
-6.445e-03
-6.783e-04
9.557e-04
9.131e-03
1.307e-02
1.616e-02
2.364e-02
2.612e-02
2.913e-02
3.629e-02
3.322e-02
3.618e-02
3.811e-02
4.340e-02
4.523e-02
5.335e-02
5.922e-02
6.350e-02
6.721e-02
6.320e-02
6.498e-02
6.132e-02
5.247e-02
4.254e-02
3.859e-02
2.789e-02
2.084e-02
1.577e-02
1.349e-02
1.136e-02
1.217e-02
1.167e-02
1.388e-02
8.773e-03
6.155e-03
6.727e-03
3.798e-03
3.507e-03
4.716e-03
4.843e-03
4.629e-03
4.960e-03
2.933e-03
3.565e-03
2.568e-03
1.530e-03
1.399e-03
2.613e-03
2.435e-03
3.068e-03
1.861e-03
1.677e-04
1.172e-03
1.311e-03
-4.839e-04
-1.116e-05
-1.195e-03
-2.050e-03
-6.351e-04
-1.633e-03
-4.878e-03
-5.193e-03
-5.127e-03
-5.661e-03
-1.039e-02
-1.177e-02
-1.357e-02
-1.596e-02
-2.345e-02
-3.157e-02
-4.644e-02
-6.487e-02
-8.401e-02
-1.026e-01
-1.210e-01
-1.346e-01
-1.419e-01
-1.337e-01
-1.203e-01
-9.715e-02
-7.701e-02
-6.131e-02
-4.965e-02
-4.251e-02
-3.594e-02
-3.175e-02
-3.152e-02
-3.785e-02
-4.218e-02
-4.590e-02
-5.291e-02
-6.280e-02
-6.912e-02
-7.261e-02
-5.966e-02
-4.581e-02
-3.014e-02
-2.050e-02
-1.195e-02
-3.301e-03
