1.760
1.771
1.784
1.803
1.816
1.843
1.861
1.867
1.896
1.911
1.923
1.938
1.966
1.990
1.998
2.018
2.036
2.066
2.084
2.101
2.120
2.134
2.156
2.181
2.193
2.219
2.231
2.258
2.270
2.306
2.320
2.341
2.361
2.377
2.391
2.411
2.440
2.464
2.487
2.497
2.516
2.542
2.567
2.585
2.591
2.620
2.646
2.664
2.679
2.699
2.716
2.738
2.752
2.773
2.799
2.814
2.825
2.857
2.874
2.895
2.918
2.923
2.941
2.964
2.973
2.998
3.013
3.025
3.055
3.067
3.087
3.108
3.110
3.140
3.157
3.174
3.187
3.201
3.215
3.240
3.246
3.258
3.280
3.292
3.308
3.311
3.338
3.345
3.357
3.376
3.390
3.408
3.414
3.435
3.434
3.447
3.468
3.476
3.492
3.500
3.504
3.521
3.530
3.543
3.548
3.571
3.580
3.591
3.608
3.609
3.617
3.641
3.638
3.649
3.660
3.672
3.673
3.686
3.692
3.708
3.715
3.725
3.725
3.739
3.757
3.757
3.765
3.768
3.781
3.798
3.806
3.809
3.820
3.834
3.833
3.841
3.850
3.861
3.859
3.858
3.874
3.877
3.881
3.903
3.906
3.901
3.911
3.930
3.924
3.934
3.947
3.942
3.949
3.962
3.968
3.975
3.983
3.972
3.984
4.005
4.001
4.006
4.015
4.016
4.024
4.022
4.033
4.040
4.033
4.045
4.050
4.059
4.058
4.076
4.080
4.071
4.076
4.085
4.090
4.098
4.105
4.103
4.100
4.105
4.108
4.123
4.126
4.133
4.126
4.140
4.139
4.146
4.144
4.162
4.164
4.173
4.156
4.168
4.180
4.179
4.182
4.185
4.177
4.187
4.197
4.193
4.198
4.194
4.218
4.218
4.209
4.218
4.224
4.221
4.222
4.240
4.238
4.235
4.243
4.241
4.238
4.254
4.257
4.261
4.263
4.263
4.260
4.264
4.273
4.285
4.278
4.276
4.280
4.294
4.286
4.292
4.302
4.301
4.298
4.301
4.312
4.302
4.316
4.307
4.322
4.323
4.321
4.332
4.334
4.330
4.334
4.325
4.341
4.327
4.341
4.351
4.353
4.350
4.355
4.360
4.348
4.352
4.355
4.362
4.358
4.377
4.362
4.365
4.373
4.379
4.369
4.379
4.387
4.389
4.394
4.383
4.391
4.385
4.395
4.407
4.402
4.397
4.401
4.412
4.410
4.416
4.410
4.408
4.410
4.417
4.415
4.427
4.410
4.418
4.426
4.424
4.437
4.432
4.435
4.429
4.433
4.440
4.438
4.437
4.441
4.436
4.449
4.443
4.447
4.459
4.455
4.450
4.453
4.464
4.451
4.469
4.465
4.466
4.465
4.473
4.470
4.474
4.476
4.476
4.476
4.465
4.467
4.488
4.488
4.475
4.486
4.491
4.489
4.487
4.496
4.492
4.486
4.492
4.490
4.497
4.501
4.507
4.493
4.495
4.504
4.505
4.500
4.517
4.514
4.503
4.506
4.501
4.523
4.520
4.519
4.507
4.518
4.520
4.526
4.521
4.527
4.519
4.527
4.523
4.529
4.523
4.533
4.539
4.534
4.542
4.537
4.543
4.545
4.537
4.548
4.537
4.532
4.535
4.537
4.538
4.538
4.542
4.551
4.548
4.551
4.560
4.556
4.556
4.556
4.552
4.556
4.546
4.560
4.554
4.566
4.568
4.560
4.569
4.564
4.564
4.560
4.573
4.561
4.572
4.575
4.565
4.572
4.576
4.568
4.571
4.576
4.590
4.572
4.584
4.576
4.585
4.590
4.582
4.587
4.582
4.587
4.588
4.581
4.584
4.597
4.578
4.589
4.595
4.593
4.598
4.599
4.595
4.598
4.595
4.595
4.603
4.598
4.606
4.594
4.593
4.602
4.595
4.598
4.600
4.600
4.602
4.604
4.609
4.605
4.610
4.609
4.616
4.613
4.605
4.615
4.620
4.615
4.610
4.624
4.618
4.613
4.618
4.607
4.615
4.624
4.625
4.625
4.620
4.618
4.625
4.624
4.628
4.633
4.631
4.623
4.636
4.619
4.626
4.632
4.626
4.634
4.623
4.638
4.630
4.633
4.643
4.642
4.634
4.639
4.640
4.628
4.637
4.647
4.635
4.651
4.641
4.647
4.645
4.641
4.641
4.648
4.637
4.644
4.655
4.649
4.650
4.647
4.647
4.651
4.645
4.648
4.650
4.659
4.651
4.645
4.651
4.655
4.649
4.646
4.662
4.654
4.651
4.661
4.661
4.667
4.652
4.665
4.661
4.665
4.654
4.658
4.671
4.673
4.660
4.658
4.666
4.671
4.664
4.669
4.654
4.672
4.669
4.665
4.676
4.667
4.665
4.659
4.672
4.666
4.668
4.675
4.671
4.678
4.677
4.676
4.681
4.670
4.683
4.674
4.675
4.671
4.682
4.683
4.680
4.678
4.683
4.674
4.678
4.676
4.676
4.675
4.675
4.685
4.675
4.691
4.684
4.687
4.693
4.689
4.686
4.679
4.691
4.685
4.687
4.695
4.684
4.698
4.683
4.684
4.683
4.686
4.683
4.683
4.685
4.682
4.700
4.695
4.702
4.692
4.695
4.691
4.700
4.696
4.701
4.692
4.700
4.696
4.696
4.708
4.699
4.708
4.698
4.705
4.692
4.700
4.698
4.700
4.708
4.696
4.697
4.693
4.706
4.710
4.701
4.697
4.712
4.696
4.711
4.705
4.699
4.699
4.696
4.698
4.701
4.705
4.705
4.714
4.709
4.715
4.702
4.708
4.711
4.712
4.716
4.705
4.716
4.706
4.718
4.702
4.717
4.705
4.718
4.712
4.719
4.711
4.714
4.709
4.710
4.722
4.712
4.711
4.716
4.724
4.721
4.715
4.712
4.713
4.723
4.720
4.721
4.710
4.718
4.714
4.727
4.718
4.724
4.719
4.718
4.728
4.716
4.729
4.714
4.725
4.726
4.731
4.724
4.717
4.725
4.736
4.721
4.727
4.726
4.731
4.718
4.736
4.723
4.724
4.731
4.719
4.737
4.727
4.730
4.720
4.734
4.731
4.722
4.734
4.737
4.733
4.731
4.733
4.741
4.740
4.740
4.739
4.728
4.731
4.740
4.735
4.738
4.728
4.734
4.741
4.743
4.724
4.728
4.724
4.733
4.730
4.746
4.730
4.745
4.739
4.728
4.744
4.733
4.730
4.748
4.745
4.739
4.734
4.738
4.747
4.734
4.745
4.742
4.735
4.739
4.738
4.738
4.741
4.744
4.736
4.737
4.745
4.744
4.740
4.745
4.746
4.745
4.743
4.735
4.744
4.742
4.745
4.738
4.754
4.753
4.749
4.743
4.741
4.745
4.753
4.753
4.743
4.748
4.742
4.750
4.744
4.746
4.744
4.748
4.741
4.745
4.744
4.758
4.742
4.745
4.750
4.741
4.743
4.758
4.758
4.757
4.758
4.752
4.757
4.744
4.760
4.746
4.761
4.759
4.755
4.748
4.748
4.751
4.758
4.753
4.756
4.756
4.766
4.747
4.747
4.761
4.749
4.748
4.758
4.756
4.748
4.763
4.757
4.746
4.753
4.750
4.754
4.760
4.763
4.762
4.761
4.765
4.755
4.752
4.763
4.767
4.770
4.760
4.757
4.753
4.764
4.756
4.754
4.756
4.754
4.764
4.767
4.756
4.760
4.757
4.764
4.755
4.762
4.763
4.763
4.761
4.766
4.772
4.759
4.767
4.753
4.769
4.756
4.769
4.755
4.758
4.762
4.768
4.759
4.766
4.767
4.765
4.760
4.760
4.759
4.759
4.771
4.764
4.768
4.763
4.777
4.759
4.758
4.762
4.776
4.770
4.772
4.769
4.769
4.770
4.769
4.771
4.766
4.772
4.774
4.762
4.769
4.773
4.763
4.775
4.765
4.771
4.775
4.778
4.768
4.766
4.769
4.777
4.776
4.768
4.774
4.772
4.765
4.776
4.771
4.780
4.771
4.776
4.778
4.764
4.773
4.774
4.774
4.773
4.775
4.771
4.765
4.780
4.765
4.772
4.774
4.769
4.770
4.778
4.779
4.783
4.785
4.778
4.769
4.784
4.775
4.779
4.771
4.772
4.786
4.770
4.772
4.773
4.784
4.768
4.769
4.775
4.787
4.781
4.771
4.786
4.774
4.773
4.774
4.792
4.780
4.789
4.777
4.770
4.780
4.783
4.784
4.786
4.782
4.774
4.781
4.780
4.778
4.787
4.777
4.781
4.777
4.789
4.781
4.771
4.775
4.775
4.784
4.783
4.773
4.792
4.777
4.783
4.780
4.787
4.781
4.777
4.779
4.787
4.790
4.778
4.784
4.779
4.778
4.788
4.780
4.790
4.776
4.783
4.777
4.787
4.787
4.776
4.793
4.789
4.791
4.783
4.782
4.787
4.785
4.782
4.780
4.784
4.779
4.784
4.780
4.793
4.782
4.773
4.793
4.790
