0.980
0.999
1.018
1.037
1.056
1.076
1.096
1.116
1.136
1.156
1.177
1.198
1.219
1.240
1.262
1.283
1.305
1.327
1.350
1.372
1.395
1.417
1.440
1.463
1.487
1.510
1.534
1.557
1.581
1.605
1.629
1.654
1.678
1.702
1.727
1.751
1.776
1.801
1.825
1.850
1.875
1.900
1.925
1.950
1.975
2.000
2.025
2.050
2.075
2.100
2.125
2.150
2.175
2.199
2.224
2.249
2.273
2.298
2.322
2.346
2.371
2.395
2.419
2.443
2.466
2.490
2.513
2.537
2.560
2.583
2.605
2.628
2.650
2.673
2.695
2.717
2.738
2.760
2.781
2.802
2.823
2.844
2.864
2.884
2.904
2.924
2.944
2.963
2.982
3.001
3.020
3.038
3.056
3.074
3.092
3.109
3.126
3.143
3.160
3.177
3.193
3.209
3.224
3.240
3.255
3.270
3.285
3.300
3.314
3.328
3.342
3.356
3.369
3.382
3.395
3.408
3.420
3.433
3.445
3.457
3.468
3.480
3.491
3.502
3.513
3.523
3.534
3.544
3.554
3.564
3.573
3.583
3.592
3.601
3.610
3.619
3.627
3.636
3.644
3.652
3.660
3.667
3.675
3.682
3.689
3.697
3.704
3.710
3.717
3.723
3.730
3.736
3.742
3.748
3.754
3.760
3.765
3.771
3.776
3.781
3.786
3.791
3.796
3.801
3.806
3.810
3.815
3.819
3.823
3.828
3.832
3.836
3.840
3.843
3.847
3.851
3.854
3.858
3.861
3.864
3.868
3.871
3.874
3.877
3.880
3.883
3.886
3.888
3.891
3.894
3.896
3.899
3.901
3.903
3.906
3.908
3.910
3.912
3.915
3.917
3.919
3.921
3.923
3.924
3.926
3.928
3.930
3.932
3.933
3.935
3.936
3.938
3.939
3.941
3.942
3.944
3.945
3.946
3.948
3.949
3.950
3.951
3.953
3.954
3.955
3.956
3.957
3.958
3.959
3.960
3.961
3.962
3.963
3.964
3.965
3.966
3.967
3.967
3.968
3.969
3.970
3.970
3.971
3.972
3.973
3.973
3.974
3.975
3.975
3.976
3.976
3.977
3.978
3.978
3.979
3.979
3.980
3.980
3.981
3.981
3.982
3.982
3.982
3.983
3.983
3.984
3.984
3.985
3.985
3.985
3.986
3.986
3.986
3.987
3.987
3.987
3.988
3.988
3.988
3.989
3.989
3.989
3.989
3.990
3.990
3.990
3.990
3.991
3.991
3.991
3.991
3.991
3.992
3.992
3.992
3.992
3.992
3.993
3.993
3.993
3.993
3.993
3.994
3.994
3.994
3.994
3.994
3.994
3.994
3.995
3.995
3.995
3.995
3.995
3.995
3.995
3.995
3.996
3.996
3.996
3.996
3.996
3.996
3.996
3.996
3.996
3.996
3.997
3.997
3.997
3.997
3.997
3.997
3.997
3.997
3.997
3.997
3.997
3.997
3.997
3.997
3.998
3.998
3.998
3.998
3.998
3.998
3.998
3.998
3.998
3.998
3.998
3.998
3.998
3.998
3.998
3.998
3.998
3.998
3.998
3.998
3.999
3.999
3.999
3.999
3.999
3.999
3.999
3.999
3.999
3.999
3.999
3.999
3.999
3.999
3.999
3.999
3.999
3.999
3.999
3.999
3.999
3.999
3.999
3.999
3.999
3.999
3.999
3.999
3.999
3.999
3.999
3.999
3.999
3.999
3.999
3.999
3.999
3.999
3.999
3.999
3.999
3.999
3.999
3.999
4.000
4.000
4.000
4.000
4.000
4.000
4.000
4.000
4.000
4.000
4.000
4.000
4.000
4.000
4.000
4.000
4.000
4.000
4.000
4.000
4.000
4.000
4.000
4.000
4.000
4.000
4.000
4.000
4.000
4.000
4.000
4.000
4.000
4.000
4.000
4.000
4.000
4.000
4.000
4.000
4.000
4.000
4.000
4.000
4.000
4.000
4.000
4.000
4.000
4.000
4.000
4.000
4.000
4.000
4.000
4.000
4.000
4.000
4.000
4.000
4.000
4.000
4.000
4.000
4.000
4.000
4.000
4.000
4.000
4.000
4.000
4.000
4.000
4.000
4.000
4.000
4.000
4.000
4.000
4.000
4.000
4.000
4.000
4.000
4.000
4.000
4.000
4.000
4.000
4.000
4.000
4.000
4.000
4.000
4.000
4.000
4.000
4.000
4.000
4.000
4.000
4.000
4.000
4.000
4.000
4.000
4.000
4.000
4.000
4.000
4.000
4.000
4.000
4.000
4.000
4.000
4.000
4.000
4.000
4.000
4.000
4.000
4.000
4.000
4.000
4.000
4.000
4.000
4.000
4.000
4.000
4.000
4.000
4.000
4.000
4.000
4.000
4.000
4.000
4.000
4.000
4.000
4.000
4.000
4.000
4.000
4.000
4.000
4.000
4.000
4.000
4.000
4.000
4.000
4.000
4.000
4.000
4.000
4.000
4.000
4.000
4.000
4.000
4.000
4.000
4.000
4.000
4.000
4.000
4.000
4.000
4.000
4.000
4.000
4.000
4.000
4.000
4.000
4.000
4.000
4.000
4.000
4.000
4.000
4.000
4.000
4.000
4.000
4.000
4.000
4.000
4.000
4.000
4.000
4.000
4.000
4.000
4.000
4.000
4.000
4.000
4.000
4.000
4.000
4.000
4.000
4.000
4.000
4.000
4.000
4.000
4.000
4.000
4.000
4.000
4.000
4.000
4.000
4.000
4.000
4.000
4.000
4.000
4.000
4.000
4.000
4.000
4.000
4.000
4.000
4.000
4.000
4.000
4.000
4.000
4.000
4.000
4.000
4.000
4.000
4.000
4.000
4.000
4.000
4.000
4.000
4.000
4.000
4.000
4.000
4.000
4.000
4.000
4.000
4.000
4.000
4.000
4.000
4.000
4.000
4.000
4.000
4.000
4.000
4.000
4.000
4.000
4.000
4.000
4.000
4.000
4.000
4.000
4.000
4.000
4.000
4.000
4.000
4.000
4.000
4.000
4.000
4.000
4.000
4.000
4.000
4.000
4.000
4.000
4.000
4.000
4.000
4.000
4.000
4.000
4.000
4.000
4.000
4.000
4.000
4.000
4.000
4.000
4.000
4.000
4.000
4.000
4.000
4.000
4.000
4.000
4.000
4.000
4.000
4.000
4.000
4.000
4.000
4.000
4.000
4.000
4.000
4.000
4.000
4.000
4.000
4.000
4.000
4.000
4.000
4.000
4.000
4.000
4.000
4.000
4.000
4.000
4.000
4.000
4.000
4.000
4.000
4.000
4.000
4.000
4.000
4.000
4.000
4.000
4.000
4.000
4.000
4.000
4.000
4.000
4.000
4.000
4.000
4.000
4.000
4.000
4.000
4.000
4.000
4.000
4.000
4.000
4.000
4.000
4.000
4.000
4.000
4.000
4.000
4.000
4.000
4.000
4.000
4.000
4.000
4.000
4.000
4.000
4.000
4.000
4.000
4.000
4.000
4.000
4.000
4.000
4.000
4.000
4.000
4.000
4.000
4.000
4.000
4.000
4.000
4.000
4.000
4.000
4.000
4.000
4.000
4.000
4.000
4.000
4.000
4.000
4.000
4.000
4.000
4.000
4.000
4.000
4.000
4.000
4.000
4.000
4.000
4.000
4.000
4.000
4.000
4.000
4.000
4.000
4.000
4.000
4.000
4.000
4.000
4.000
4.000
4.000
4.000
4.000
4.000
4.000
4.000
4.000
4.000
4.000
4.000
4.000
4.000
4.000
4.000
4.000
4.000
4.000
4.000
4.000
4.000
4.000
4.000
4.000
4.000
4.000
4.000
4.000
4.000
4.000
4.000
4.000
4.000
4.000
4.000
4.000
4.000
4.000
4.000
4.000
4.000
4.000
4.000
4.000
4.000
4.000
4.000
4.000
4.000
4.000
4.000
4.000
4.000
4.000
4.000
4.000
4.000
4.000
4.000
4.000
4.000
4.000
4.000
4.000
4.000
4.000
4.000
4.000
4.000
4.000
4.000
4.000
4.000
4.000
4.000
4.000
4.000
4.000
4.000
4.000
4.000
4.000
4.000
4.000
4.000
4.000
4.000
4.000
4.000
4.000
4.000
4.000
4.000
4.000
4.000
4.000
4.000
4.000
4.000
4.000
4.000
4.000
4.000
4.000
4.000
4.000
4.000
4.000
4.000
4.000
4.000
4.000
4.000
4.000
4.000
4.000
4.000
4.000
4.000
4.000
4.000
4.000
4.000
4.000
4.000
4.000
4.000
4.000
4.000
4.000
4.000
4.000
4.000
4.000
4.000
4.000
4.000
4.000
4.000
4.000
4.000
4.000
4.000
4.000
4.000
4.000
4.000
4.000
4.000
4.000
4.000
4.000
4.000
4.000
4.000
4.000
4.000
4.000
4.000
4.000
4.000
4.000
4.000
4.000
4.000
4.000
4.000
4.000
4.000
4.000
4.000
4.000
4.000
4.000
4.000
4.000
4.000
4.000
4.000
4.000
4.000
4.000
4.000
4.000
