4.109
4.296
4.494
4.716
4.938
5.191
5.446
5.710
6.009
6.316
6.632
6.973
7.343
7.725
8.113
8.527
8.957
9.421
9.880
10.359
10.852
11.353
11.872
12.403
12.927
13.468
14.010
14.557
15.093
15.646
16.176
16.705
17.224
17.730
18.225
18.711
19.187
19.647
20.091
20.503
20.914
21.307
21.683
22.033
22.357
22.684
22.987
23.271
23.546
23.797
24.032
24.257
24.467
24.676
24.866
25.040
25.205
25.375
25.528
25.665
25.801
25.917
26.034
26.152
26.250
26.359
26.452
26.540
26.636
26.714
26.791
26.868
26.929
27.005
27.072
27.136
27.192
27.245
27.298
27.355
27.398
27.440
27.491
27.535
27.577
27.605
27.660
27.685
27.720
27.761
27.795
27.828
27.854
27.892
27.906
27.935
27.970
27.992
28.021
28.040
28.057
28.081
28.101
28.124
28.141
28.167
28.188
28.209
28.229
28.240
28.253
28.282
28.287
28.303
28.322
28.337
28.341
28.358
28.367
28.390
28.395
28.414
28.415
28.434
28.452
28.454
28.464
28.470
28.483
28.503
28.510
28.518
28.529
28.541
28.547
28.554
28.561
28.572
28.572
28.575
28.589
28.591
28.598
28.613
28.620
28.619
28.628
28.642
28.640
28.649
28.659
28.656
28.657
28.673
28.680
28.681
28.691
28.682
28.691
28.707
28.704
28.708
28.717
28.716
28.722
28.721
28.730
28.732
28.730
28.737
28.741
28.746
28.748
28.759
28.763
28.756
28.760
28.766
28.765
28.773
28.779
28.775
28.773
28.776
28.776
28.790
28.790
28.796
28.788
28.796
28.799
28.800
28.798
28.812
28.811
28.816
28.801
28.812
28.818
28.817
28.819
28.819
28.811
28.818
28.826
28.821
28.824
28.820
28.839
28.836
28.828
28.834
28.836
28.832
28.832
28.846
28.845
28.839
28.840
28.842
28.840
28.847
28.849
28.853
28.853
28.852
28.848
28.849
28.856
28.863
28.855
28.851
28.853
28.864
28.856
28.857
28.867
28.866
28.862
28.860
28.870
28.858
28.871
28.860
28.872
28.872
28.869
28.873
28.876
28.871
28.875
28.864
28.876
28.863
28.874
28.881
28.879
28.877
28.878
28.879
28.868
28.874
28.871
28.876
28.872
28.885
28.875
28.876
28.876
28.884
28.873
28.880
28.885
28.884
28.889
28.878
28.880
28.877
28.885
28.890
28.887
28.883
28.884
28.894
28.888
28.891
28.887
28.884
28.884
28.885
28.883
28.893
28.880
28.883
28.887
28.885
28.894
28.889
28.891
28.888
28.886
28.891
28.887
28.887
28.888
28.885
28.892
28.888
28.887
28.898
28.893
28.885
28.890
28.897
28.884
28.897
28.897
28.893
28.895
28.897
28.894
28.894
28.895
28.899
28.895
28.888
28.886
28.901
28.899
28.888
28.896
28.898
28.896
28.892
28.899
28.899
28.890
28.895
28.888
28.893
28.898
28.901
28.889
28.891
28.897
28.898
28.891
28.905
28.899
28.890
28.892
28.886
28.905
28.898
28.899
28.887
28.898
28.897
28.901
28.897
28.901
28.893
28.898
28.895
28.897
28.891
28.899
28.903
28.898
28.901
28.900
28.903
28.905
28.896
28.902
28.894
28.889
28.890
28.891
28.890
28.891
28.891
28.902
28.895
28.898
28.902
28.900
28.900
28.899
28.894
28.896
28.889
28.898
28.892
28.903
28.903
28.895
28.904
28.896
28.895
28.894
28.905
28.891
28.899
28.904
28.892
28.897
28.901
28.892
28.895
28.898
28.907
28.892
28.903
28.893
28.900
28.905
28.896
28.901
28.894
28.899
28.902
28.892
28.896
28.904
28.890
28.897
28.902
28.900
28.902
28.901
28.900
28.899
28.895
28.895
28.905
28.896
28.905
28.895
28.892
28.899
28.891
28.893
28.895
28.893
28.895
28.896
28.896
28.896
28.898
28.899
28.904
28.903
28.891
28.903
28.902
28.900
28.894
28.905
28.899
28.895
28.899
28.892
28.894
28.901
28.903
28.901
28.894
28.895
28.899
28.894
28.901
28.903
28.900
28.894
28.904
28.893
28.895
28.899
28.896
28.900
28.891
28.903
28.897
28.897
28.906
28.906
28.896
28.899
28.901
28.892
28.898
28.904
28.895
28.906
28.901
28.903
28.901
28.897
28.899
28.902
28.892
28.898
28.906
28.903
28.899
28.897
28.897
28.902
28.893
28.896
28.899
28.904
28.898
28.893
28.896
28.901
28.896
28.894
28.904
28.899
28.894
28.902
28.901
28.908
28.894
28.904
28.900
28.904
28.896
28.897
28.905
28.905
28.897
28.894
28.899
28.903
28.898
28.900
28.888
28.904
28.899
28.898
28.904
28.897
28.896
28.892
28.898
28.894
28.897
28.902
28.898
28.903
28.902
28.902
28.903
28.895
28.905
28.897
28.898
28.895
28.903
28.905
28.904
28.897
28.899
28.895
28.896
28.892
28.898
28.897
28.896
28.901
28.891
28.906
28.900
28.903
28.904
28.902
28.898
28.890
28.905
28.902
28.897
28.906
28.897
28.907
28.892
28.893
28.895
28.898
28.891
28.892
28.892
28.893
28.903
28.902
28.906
28.896
28.902
28.896
28.902
28.902
28.900
28.894
28.901
28.897
28.899
28.907
28.902
28.907
28.900
28.904
28.893
28.897
28.896
28.898
28.903
28.896
28.895
28.894
28.903
28.905
28.898
28.894
28.906
28.891
28.904
28.899
28.893
28.892
28.891
28.893
28.894
28.897
28.897
28.903
28.900
28.903
28.891
28.898
28.899
28.903
28.904
28.895
28.904
28.893
28.906
28.894
28.904
28.891
28.905
28.897
28.902
28.897
28.899
28.895
28.893
28.906
28.897
28.894
28.901
28.904
28.903
28.897
28.894
28.894
28.902
28.901
28.902
28.892
28.896
28.893
28.905
28.899
28.904
28.897
28.893
28.905
28.893
28.904
28.891
28.900
28.901
28.904
28.899
28.896
28.902
28.907
28.896
28.898
28.898
28.905
28.895
28.908
28.898
28.895
28.903
28.890
28.906
28.896
28.901
28.892
28.905
28.901
28.892
28.902
28.902
28.902
28.899
28.902
28.906
28.905
28.905
28.904
28.897
28.900
28.905
28.903
28.901
28.893
28.898
28.905
28.906
28.893
28.894
28.890
28.894
28.895
28.906
28.893
28.907
28.901
28.892
28.903
28.897
28.896
28.905
28.905
28.899
28.894
28.899
28.902
28.893
28.905
28.903
28.893
28.899
28.896
28.894
28.901
28.901
28.896
28.894
28.901
28.904
28.896
28.901
28.901
28.901
28.896
28.890
28.900
28.895
28.902
28.894
28.906
28.905
28.901
28.894
28.895
28.900
28.904
28.904
28.896
28.900
28.894
28.903
28.894
28.900
28.894
28.902
28.894
28.893
28.898
28.905
28.892
28.898
28.899
28.891
28.893
28.906
28.905
28.903
28.903
28.898
28.901
28.891
28.908
28.894
28.907
28.903
28.897
28.896
28.895
28.894
28.904
28.900
28.903
28.898
28.908
28.892
28.893
28.905
28.891
28.894
28.901
28.900
28.892
28.905
28.901
28.893
28.894
28.892
28.896
28.903
28.902
28.903
28.900
28.905
28.897
28.893
28.904
28.905
28.907
28.901
28.897
28.894
28.905
28.897
28.891
28.894
28.894
28.902
28.903
28.895
28.901
28.894
28.901
28.894
28.898
28.897
28.904
28.895
28.904
28.907
28.894
28.903
28.892
28.904
28.893
28.902
28.891
28.895
28.897
28.902
28.893
28.900
28.901
28.903
28.892
28.896
28.892
28.893
28.905
28.895
28.901
28.898
28.906
28.892
28.893
28.892
28.905
28.901
28.905
28.901
28.901
28.901
28.897
28.902
28.895
28.898
28.902
28.894
28.901
28.901
28.896
28.905
28.894
28.900
28.905
28.906
28.898
28.896
28.901
28.903
28.906
28.895
28.902
28.900
28.891
28.903
28.895
28.904
28.898
28.900
28.906
28.893
28.900
28.897
28.899
28.898
28.903
28.899
28.891
28.905
28.892
28.893
28.897
28.896
28.895
28.904
28.904
28.905
28.905
28.902
28.892
28.907
28.897
28.901
28.895
28.897
28.907
28.892
28.894
28.897
28.906
28.894
28.893
28.896
28.907
28.901
28.893
28.906
28.895
28.895
28.895
28.906
28.900
28.908
28.902
28.891
28.902
28.902
28.903
28.905
28.899
28.895
28.898
28.899
28.896
28.904
28.899
28.903
28.898
28.904
28.898
28.893
28.896
28.893
28.902
28.900
28.894
28.906
28.898
28.902
28.898
28.903
28.901
28.895
28.894
28.903
28.903
28.893
28.900
28.894
28.892
28.900
28.893
28.906
28.892
28.899
28.890
28.903
28.901
28.891
28.906
28.902
28.905
28.897
28.895
28.901
28.898
28.898
28.895
28.898
28.893
28.896
28.896
28.905
28.896
28.892
28.903
28.904
