-0.120 -0.141 -0.138 -0.147 -0.137 -0.154 -0.159 -0.153 -0.166 -0.155 -0.121 -0.126 -0.080 -0.048 -0.047 -0.095 -0.128 -0.164 -0.165 -0.173 -0.167 -0.164 -0.156 -0.157 -0.155 -0.162 -0.168 -0.156 -0.158 -0.151 -0.163 -0.164 -0.153 -0.156 -0.160 -0.160 -0.155 -0.156 -0.159 -0.145 -0.138 -0.144 -0.159 -0.160 -0.159 -0.159 -0.136 -0.134 -0.144 -0.145
-0.141 -0.192 -0.179 -0.215 -0.179 -0.253 -0.251 -0.255 -0.239 -0.213 -0.130 -0.131 -0.038 0.045 0.051 -0.046 -0.128 -0.236 -0.251 -0.248 -0.249 -0.242 -0.253 -0.227 -0.255 -0.246 -0.255 -0.254 -0.197 -0.193 -0.228 -0.228 -0.224 -0.192 -0.228 -0.255 -0.256 -0.223 -0.246 -0.177 -0.158 -0.188 -0.203 -0.242 -0.252 -0.253 -0.178 -0.172 -0.205 -0.191
-0.138 -0.179 -0.170 -0.198 -0.170 -0.226 -0.226 -0.227 -0.220 -0.199 -0.131 -0.132 -0.054 0.013 0.018 -0.064 -0.131 -0.217 -0.228 -0.228 -0.227 -0.221 -0.226 -0.209 -0.228 -0.224 -0.232 -0.228 -0.188 -0.184 -0.211 -0.211 -0.205 -0.184 -0.210 -0.229 -0.229 -0.206 -0.222 -0.170 -0.155 -0.177 -0.193 -0.220 -0.227 -0.227 -0.168 -0.163 -0.189 -0.180
-0.147 -0.215 -0.198 -0.248 -0.198 -0.302 -0.297 -0.306 -0.275 -0.241 -0.131 -0.129 -0.009 0.102 0.111 -0.014 -0.124 -0.272 -0.294 -0.285 -0.289 -0.280 -0.301 -0.261 -0.305 -0.289 -0.298 -0.304 -0.214 -0.212 -0.259 -0.258 -0.258 -0.207 -0.261 -0.303 -0.307 -0.255 -0.289 -0.190 -0.165 -0.207 -0.223 -0.282 -0.299 -0.300 -0.196 -0.188 -0.233 -0.212
-0.137 -0.179 -0.170 -0.198 -0.169 -0.226 -0.226 -0.228 -0.220 -0.199 -0.130 -0.132 -0.053 0.015 0.020 -0.062 -0.130 -0.217 -0.228 -0.228 -0.227 -0.221 -0.227 -0.209 -0.228 -0.224 -0.232 -0.228 -0.188 -0.183 -0.211 -0.211 -0.205 -0.183 -0.211 -0.230 -0.229 -0.206 -0.223 -0.170 -0.154 -0.177 -0.192 -0.220 -0.227 -0.228 -0.168 -0.163 -0.189 -0.180
-0.154 -0.253 -0.226 -0.302 -0.226 -0.387 -0.375 -0.395 -0.335 -0.287 -0.126 -0.121 0.048 0.210 0.224 0.049 -0.111 -0.332 -0.367 -0.347 -0.357 -0.345 -0.384 -0.318 -0.391 -0.360 -0.372 -0.389 -0.241 -0.242 -0.311 -0.309 -0.316 -0.231 -0.316 -0.385 -0.394 -0.308 -0.362 -0.209 -0.171 -0.238 -0.255 -0.350 -0.379 -0.381 -0.225 -0.212 -0.280 -0.246
-0.159 -0.251 -0.226 -0.297 -0.226 -0.375 -0.365 -0.383 -0.328 -0.283 -0.132 -0.128 0.030 0.182 0.195 0.031 -0.119 -0.325 -0.358 -0.340 -0.349 -0.337 -0.373 -0.312 -0.379 -0.351 -0.362 -0.378 -0.240 -0.241 -0.306 -0.304 -0.310 -0.231 -0.310 -0.374 -0.382 -0.303 -0.353 -0.211 -0.175 -0.237 -0.254 -0.342 -0.368 -0.371 -0.225 -0.212 -0.276 -0.245
-0.153 -0.255 -0.227 -0.306 -0.228 -0.395 -0.383 -0.403 -0.340 -0.290 -0.123 -0.118 0.057 0.225 0.239 0.058 -0.107 -0.337 -0.374 -0.352 -0.364 -0.350 -0.392 -0.323 -0.399 -0.367 -0.379 -0.397 -0.242 -0.243 -0.315 -0.313 -0.321 -0.231 -0.320 -0.392 -0.402 -0.313 -0.368 -0.210 -0.170 -0.239 -0.257 -0.356 -0.386 -0.389 -0.226 -0.213 -0.284 -0.248
-0.166 -0.239 -0.220 -0.275 -0.220 -0.335 -0.328 -0.340 -0.302 -0.266 -0.147 -0.144 -0.016 0.104 0.114 -0.019 -0.138 -0.299 -0.324 -0.312 -0.318 -0.308 -0.334 -0.288 -0.338 -0.319 -0.328 -0.337 -0.235 -0.234 -0.285 -0.284 -0.286 -0.227 -0.287 -0.335 -0.341 -0.281 -0.319 -0.210 -0.182 -0.229 -0.245 -0.311 -0.331 -0.332 -0.219 -0.209 -0.259 -0.235
-0.155 -0.213 -0.199 -0.241 -0.199 -0.287 -0.283 -0.290 -0.266 -0.237 -0.141 -0.141 -0.036 0.060 0.067 -0.042 -0.137 -0.263 -0.282 -0.275 -0.278 -0.270 -0.286 -0.254 -0.289 -0.277 -0.286 -0.289 -0.215 -0.213 -0.253 -0.252 -0.251 -0.209 -0.254 -0.288 -0.291 -0.248 -0.276 -0.193 -0.171 -0.207 -0.223 -0.271 -0.285 -0.286 -0.197 -0.190 -0.229 -0.212
-0.121 -0.130 -0.131 -0.131 -0.130 -0.126 -0.132 -0.123 -0.147 -0.141 -0.127 -0.132 -0.106 -0.093 -0.094 -0.122 -0.137 -0.144 -0.141 -0.153 -0.145 -0.143 -0.128 -0.139 -0.126 -0.138 -0.144 -0.127 -0.151 -0.144 -0.147 -0.148 -0.134 -0.150 -0.143 -0.132 -0.126 -0.140 -0.135 -0.141 -0.139 -0.136 -0.150 -0.138 -0.132 -0.131 -0.129 -0.129 -0.130 -0.136
-0.126 -0.131 -0.132 -0.129 -0.132 -0.121 -0.128 -0.118 -0.144 -0.141 -0.132 -0.139 -0.119 -0.112 -0.114 -0.135 -0.143 -0.142 -0.137 -0.150 -0.141 -0.140 -0.123 -0.137 -0.121 -0.134 -0.140 -0.122 -0.153 -0.145 -0.145 -0.147 -0.132 -0.152 -0.141 -0.128 -0.121 -0.138 -0.131 -0.143 -0.143 -0.137 -0.151 -0.135 -0.127 -0.127 -0.131 -0.131 -0.130 -0.137
-0.080 -0.038 -0.054 -0.009 -0.053 0.048 0.030 0.057 -0.016 -0.036 -0.106 -0.119 -0.173 -0.247 -0.256 -0.201 -0.131 -0.014 0.012 -0.020 -0.001 -0.005 0.043 -0.013 0.050 0.012 0.009 0.047 -0.080 -0.066 -0.031 -0.034 -0.007 -0.084 -0.022 0.036 0.052 -0.021 0.019 -0.080 -0.099 -0.055 -0.069 0.006 0.033 0.036 -0.052 -0.059 -0.021 -0.050
-0.048 0.045 0.013 0.102 0.015 0.210 0.182 0.225 0.104 0.060 -0.093 -0.112 -0.247 -0.406 -0.424 -0.286 -0.133 0.105 0.154 0.103 0.133 0.122 0.202 0.102 0.215 0.152 0.152 0.209 -0.016 0.002 0.075 0.070 0.109 -0.026 0.088 0.193 0.218 0.088 0.161 -0.029 -0.068 0.016 0.003 0.140 0.187 0.191 0.016 0.002 0.077 0.025
-0.047 0.051 0.018 0.111 0.020 0.224 0.195 0.239 0.114 0.067 -0.094 -0.114 -0.256 -0.424 -0.442 -0.296 -0.135 0.115 0.166 0.113 0.144 0.132 0.215 0.111 0.228 0.163 0.164 0.223 -0.012 0.007 0.084 0.079 0.119 -0.022 0.097 0.206 0.232 0.097 0.173 -0.026 -0.067 0.021 0.008 0.151 0.200 0.204 0.020 0.006 0.085 0.031
-0.095 -0.046 -0.064 -0.014 -0.062 0.049 0.031 0.058 -0.019 -0.042 -0.122 -0.135 -0.201 -0.286 -0.296 -0.230 -0.149 -0.017 0.012 -0.022 -0.002 -0.007 0.044 -0.017 0.052 0.011 0.009 0.048 -0.089 -0.075 -0.035 -0.038 -0.011 -0.093 -0.026 0.037 0.054 -0.025 0.018 -0.091 -0.113 -0.064 -0.077 0.005 0.034 0.036 -0.062 -0.070 -0.027 -0.059
-0.128 -0.128 -0.131 -0.124 -0.130 -0.111 -0.119 -0.107 -0.138 -0.137 -0.137 -0.143 -0.131 -0.133 -0.135 -0.149 -0.149 -0.136 -0.128 -0.143 -0.134 -0.133 -0.113 -0.131 -0.111 -0.126 -0.131 -0.112 -0.152 -0.143 -0.140 -0.142 -0.127 -0.152 -0.136 -0.118 -0.110 -0.133 -0.123 -0.144 -0.145 -0.135 -0.149 -0.127 -0.118 -0.117 -0.130 -0.130 -0.126 -0.135
-0.164 -0.236 -0.217 -0.272 -0.217 -0.332 -0.325 -0.337 -0.299 -0.263 -0.144 -0.142 -0.014 0.105 0.115 -0.017 -0.136 -0.297 -0.321 -0.309 -0.315 -0.305 -0.331 -0.285 -0.335 -0.316 -0.325 -0.334 -0.232 -0.231 -0.282 -0.281 -0.283 -0.225 -0.285 -0.332 -0.337 -0.279 -0.316 -0.208 -0.180 -0.227 -0.242 -0.308 -0.327 -0.329 -0.216 -0.207 -0.256 -0.233
-0.165 -0.251 -0.228 -0.294 -0.228 -0.367 -0.358 -0.374 -0.324 -0.282 -0.141 -0.137 0.012 0.154 0.166 0.012 -0.128 -0.321 -0.352 -0.335 -0.344 -0.332 -0.365 -0.309 -0.371 -0.345 -0.356 -0.370 -0.242 -0.243 -0.303 -0.302 -0.307 -0.234 -0.307 -0.366 -0.374 -0.300 -0.347 -0.214 -0.181 -0.239 -0.255 -0.336 -0.361 -0.363 -0.227 -0.215 -0.275 -0.246
-0.173 -0.248 -0.228 -0.285 -0.228 -0.347 -0.340 -0.352 -0.312 -0.275 -0.153 -0.150 -0.020 0.103 0.113 -0.022 -0.143 -0.309 -0.335 -0.322 -0.328 -0.318 -0.345 -0.298 -0.350 -0.329 -0.339 -0.349 -0.242 -0.242 -0.294 -0.293 -0.296 -0.235 -0.297 -0.346 -0.352 -0.291 -0.330 -0.217 -0.189 -0.238 -0.253 -0.322 -0.342 -0.344 -0.227 -0.217 -0.268 -0.244
-0.167 -0.249 -0.227 -0.289 -0.227 -0.357 -0.349 -0.364 -0.318 -0.278 -0.145 -0.141 -0.001 0.133 0.144 -0.002 -0.134 -0.315 -0.344 -0.328 -0.336 -0.325 -0.356 -0.303 -0.361 -0.337 -0.348 -0.360 -0.241 -0.241 -0.298 -0.297 -0.301 -0.233 -0.302 -0.356 -0.364 -0.295 -0.338 -0.215 -0.183 -0.237 -0.253 -0.329 -0.351 -0.354 -0.226 -0.215 -0.271 -0.244
-0.164 -0.242 -0.221 -0.280 -0.221 -0.345 -0.337 -0.350 -0.308 -0.270 -0.143 -0.140 -0.005 0.122 0.132 -0.007 -0.133 -0.305 -0.332 -0.318 -0.325 -0.315 -0.343 -0.294 -0.348 -0.326 -0.336 -0.347 -0.236 -0.235 -0.290 -0.289 -0.292 -0.228 -0.292 -0.344 -0.350 -0.286 -0.327 -0.210 -0.180 -0.231 -0.247 -0.318 -0.339 -0.341 -0.220 -0.210 -0.263 -0.237
-0.156 -0.253 -0.226 -0.301 -0.227 -0.384 -0.373 -0.392 -0.334 -0.286 -0.128 -0.123 0.043 0.202 0.215 0.044 -0.113 -0.331 -0.365 -0.345 -0.356 -0.343 -0.382 -0.317 -0.388 -0.358 -0.370 -0.386 -0.241 -0.242 -0.310 -0.308 -0.315 -0.231 -0.314 -0.382 -0.391 -0.307 -0.360 -0.210 -0.173 -0.238 -0.255 -0.348 -0.376 -0.379 -0.225 -0.212 -0.280 -0.246
-0.157 -0.227 -0.209 -0.261 -0.209 -0.318 -0.312 -0.323 -0.288 -0.254 -0.139 -0.137 -0.013 0.102 0.111 -0.017 -0.131 -0.285 -0.309 -0.298 -0.303 -0.294 -0.317 -0.274 -0.321 -0.303 -0.313 -0.320 -0.224 -0.223 -0.272 -0.271 -0.272 -0.217 -0.274 -0.318 -0.323 -0.268 -0.303 -0.200 -0.173 -0.218 -0.234 -0.296 -0.314 -0.316 -0.208 -0.198 -0.246 -0.224
-0.155 -0.255 -0.228 -0.305 -0.228 -0.391 -0.379 -0.399 -0.338 -0.289 -0.126 -0.121 0.050 0.215 0.228 0.052 -0.111 -0.335 -0.371 -0.350 -0.361 -0.348 -0.388 -0.321 -0.395 -0.364 -0.376 -0.393 -0.242 -0.243 -0.314 -0.312 -0.319 -0.232 -0.318 -0.389 -0.399 -0.311 -0.366 -0.211 -0.172 -0.240 -0.257 -0.353 -0.383 -0.385 -0.227 -0.213 -0.283 -0.248
-0.162 -0.246 -0.224 -0.289 -0.224 -0.360 -0.351 -0.367 -0.319 -0.277 -0.138 -0.134 0.012 0.152 0.163 0.011 -0.126 -0.316 -0.345 -0.329 -0.337 -0.326 -0.358 -0.303 -0.364 -0.339 -0.350 -0.362 -0.239 -0.239 -0.298 -0.297 -0.301 -0.230 -0.301 -0.359 -0.367 -0.295 -0.340 -0.211 -0.178 -0.234 -0.251 -0.330 -0.354 -0.356 -0.223 -0.211 -0.270 -0.241
-0.168 -0.255 -0.232 -0.298 -0.232 -0.372 -0.362 -0.379 -0.328 -0.286 -0.144 -0.140 0.009 0.152 0.164 0.009 -0.131 -0.325 -0.356 -0.339 -0.348 -0.336 -0.370 -0.313 -0.376 -0.350 -0.360 -0.374 -0.246 -0.246 -0.307 -0.306 -0.311 -0.237 -0.311 -0.370 -0.378 -0.304 -0.351 -0.218 -0.185 -0.242 -0.258 -0.341 -0.365 -0.368 -0.231 -0.219 -0.279 -0.249
-0.156 -0.254 -0.228 -0.304 -0.228 -0.389 -0.378 -0.397 -0.337 -0.289 -0.127 -0.122 0.047 0.209 0.223 0.048 -0.112 -0.334 -0.370 -0.349 -0.360 -0.347 -0.386 -0.320 -0.393 -0.362 -0.374 -0.391 -0.242 -0.243 -0.313 -0.311 -0.318 -0.232 -0.317 -0.387 -0.396 -0.310 -0.364 -0.211 -0.173 -0.240 -0.257 -0.352 -0.381 -0.383 -0.227 -0.214 -0.282 -0.248
-0.158 -0.197 -0.188 -0.214 -0.188 -0.241 -0.240 -0.242 -0.235 -0.215 -0.151 -0.153 -0.080 -0.016 -0.012 -0.089 -0.152 -0.232 -0.242 -0.242 -0.241 -0.236 -0.241 -0.224 -0.242 -0.239 -0.246 -0.242 -0.205 -0.201 -0.227 -0.227 -0.221 -0.201 -0.226 -0.244 -0.243 -0.222 -0.237 -0.188 -0.174 -0.195 -0.209 -0.235 -0.241 -0.242 -0.187 -0.182 -0.206 -0.198
-0.151 -0.193 -0.184 -0.212 -0.183 -0.242 -0.241 -0.243 -0.234 -0.213 -0.144 -0.145 -0.066 0.002 0.007 -0.075 -0.143 -0.231 -0.243 -0.242 -0.241 -0.235 -0.242 -0.223 -0.243 -0.239 -0.246 -0.243 -0.201 -0.197 -0.225 -0.225 -0.220 -0.196 -0.225 -0.244 -0.245 -0.220 -0.237 -0.183 -0.168 -0.191 -0.206 -0.235 -0.242 -0.243 -0.182 -0.177 -0.204 -0.194
-0.163 -0.228 -0.211 -0.259 -0.211 -0.311 -0.306 -0.315 -0.285 -0.253 -0.147 -0.145 -0.031 0.075 0.084 -0.035 -0.140 -0.282 -0.303 -0.294 -0.298 -0.290 -0.310 -0.272 -0.314 -0.298 -0.307 -0.313 -0.227 -0.225 -0.270 -0.269 -0.269 -0.220 -0.272 -0.312 -0.316 -0.266 -0.298 -0.204 -0.179 -0.220 -0.235 -0.292 -0.308 -0.309 -0.210 -0.202 -0.245 -0.225
-0.164 -0.228 -0.211 -0.258 -0.211 -0.309 -0.304 -0.313 -0.284 -0.252 -0.148 -0.147 -0.034 0.070 0.079 -0.038 -0.142 -0.281 -0.302 -0.293 -0.297 -0.289 -0.308 -0.271 -0.312 -0.297 -0.306 -0.311 -0.227 -0.225 -0.269 -0.268 -0.268 -0.220 -0.271 -0.310 -0.314 -0.265 -0.297 -0.204 -0.180 -0.220 -0.235 -0.290 -0.306 -0.308 -0.210 -0.202 -0.245 -0.225
-0.153 -0.224 -0.205 -0.258 -0.205 -0.316 -0.310 -0.321 -0.286 -0.251 -0.134 -0.132 -0.007 0.109 0.119 -0.011 -0.127 -0.283 -0.307 -0.296 -0.301 -0.292 -0.315 -0.272 -0.319 -0.301 -0.311 -0.318 -0.221 -0.220 -0.269 -0.268 -0.269 -0.214 -0.271 -0.316 -0.321 -0.265 -0.301 -0.197 -0.170 -0.215 -0.231 -0.294 -0.312 -0.314 -0.204 -0.195 -0.243 -0.221
-0.156 -0.192 -0.184 -0.207 -0.183 -0.231 -0.231 -0.231 -0.227 -0.209 -0.150 -0.152 -0.084 -0.026 -0.022 -0.093 -0.152 -0.225 -0.234 -0.235 -0.233 -0.228 -0.231 -0.217 -0.232 -0.230 -0.237 -0.232 -0.201 -0.196 -0.220 -0.220 -0.214 -0.197 -0.219 -0.234 -0.233 -0.215 -0.228 -0.185 -0.172 -0.190 -0.205 -0.227 -0.232 -0.232 -0.182 -0.178 -0.200 -0.193
-0.160 -0.228 -0.210 -0.261 -0.211 -0.316 -0.310 -0.320 -0.287 -0.254 -0.143 -0.141 -0.022 0.088 0.097 -0.026 -0.136 -0.285 -0.307 -0.297 -0.302 -0.292 -0.314 -0.274 -0.318 -0.301 -0.311 -0.317 -0.226 -0.225 -0.272 -0.271 -0.271 -0.219 -0.273 -0.316 -0.321 -0.268 -0.302 -0.202 -0.177 -0.220 -0.235 -0.295 -0.312 -0.313 -0.209 -0.201 -0.246 -0.225
-0.160 -0.255 -0.229 -0.303 -0.230 -0.385 -0.374 -0.392 -0.335 -0.288 -0.132 -0.128 0.036 0.193 0.206 0.037 -0.118 -0.332 -0.366 -0.346 -0.356 -0.344 -0.382 -0.318 -0.389 -0.359 -0.370 -0.387 -0.244 -0.244 -0.312 -0.310 -0.316 -0.234 -0.316 -0.382 -0.392 -0.309 -0.361 -0.213 -0.177 -0.241 -0.258 -0.349 -0.377 -0.379 -0.228 -0.215 -0.282 -0.248
-0.155 -0.256 -0.229 -0.307 -0.229 -0.394 -0.382 -0.402 -0.341 -0.291 -0.126 -0.121 0.052 0.218 0.232 0.054 -0.110 -0.337 -0.374 -0.352 -0.364 -0.350 -0.391 -0.323 -0.399 -0.367 -0.378 -0.396 -0.243 -0.245 -0.316 -0.314 -0.321 -0.233 -0.321 -0.392 -0.402 -0.313 -0.368 -0.212 -0.173 -0.241 -0.258 -0.356 -0.386 -0.388 -0.228 -0.214 -0.285 -0.249
-0.156 -0.223 -0.206 -0.255 -0.206 -0.308 -0.303 -0.313 -0.281 -0.248 -0.140 -0.138 -0.021 0.088 0.097 -0.025 -0.133 -0.279 -0.300 -0.291 -0.295 -0.286 -0.307 -0.268 -0.311 -0.295 -0.304 -0.310 -0.222 -0.220 -0.266 -0.265 -0.265 -0.215 -0.268 -0.309 -0.313 -0.262 -0.295 -0.198 -0.173 -0.215 -0.231 -0.288 -0.305 -0.307 -0.204 -0.196 -0.241 -0.220
-0.159 -0.246 -0.222 -0.289 -0.223 -0.362 -0.353 -0.368 -0.319 -0.276 -0.135 -0.131 0.019 0.161 0.173 0.018 -0.123 -0.316 -0.347 -0.330 -0.338 -0.327 -0.360 -0.303 -0.366 -0.340 -0.351 -0.364 -0.237 -0.237 -0.298 -0.297 -0.301 -0.228 -0.302 -0.361 -0.368 -0.295 -0.341 -0.209 -0.176 -0.233 -0.250 -0.331 -0.355 -0.358 -0.221 -0.210 -0.270 -0.240
-0.145 -0.177 -0.170 -0.190 -0.170 -0.209 -0.211 -0.210 -0.210 -0.193 -0.141 -0.143 -0.080 -0.029 -0.026 -0.091 -0.144 -0.208 -0.214 -0.217 -0.215 -0.210 -0.210 -0.200 -0.211 -0.211 -0.218 -0.211 -0.188 -0.183 -0.204 -0.204 -0.197 -0.185 -0.202 -0.213 -0.212 -0.198 -0.209 -0.173 -0.161 -0.177 -0.191 -0.208 -0.211 -0.212 -0.169 -0.165 -0.184 -0.179
-0.138 -0.158 -0.155 -0.165 -0.154 -0.171 -0.175 -0.170 -0.182 -0.171 -0.139 -0.143 -0.099 -0.068 -0.067 -0.113 -0.145 -0.180 -0.181 -0.189 -0.183 -0.180 -0.173 -0.173 -0.172 -0.178 -0.185 -0.173 -0.174 -0.168 -0.179 -0.180 -0.170 -0.172 -0.177 -0.177 -0.173 -0.173 -0.176 -0.161 -0.155 -0.161 -0.175 -0.177 -0.175 -0.175 -0.153 -0.151 -0.161 -0.161
-0.144 -0.188 -0.177 -0.207 -0.177 -0.238 -0.237 -0.239 -0.229 -0.207 -0.136 -0.137 -0.055 0.016 0.021 -0.064 -0.135 -0.227 -0.239 -0.238 -0.237 -0.231 -0.238 -0.218 -0.240 -0.234 -0.242 -0.240 -0.195 -0.191 -0.220 -0.220 -0.215 -0.190 -0.220 -0.241 -0.241 -0.215 -0.233 -0.177 -0.161 -0.185 -0.200 -0.230 -0.238 -0.239 -0.176 -0.171 -0.198 -0.188
-0.159 -0.203 -0.193 -0.223 -0.192 -0.255 -0.254 -0.257 -0.245 -0.223 -0.150 -0.151 -0.069 0.003 0.008 -0.077 -0.149 -0.242 -0.255 -0.253 -0.253 -0.247 -0.255 -0.234 -0.257 -0.251 -0.258 -0.257 -0.209 -0.206 -0.235 -0.235 -0.231 -0.205 -0.235 -0.258 -0.258 -0.231 -0.250 -0.191 -0.175 -0.200 -0.214 -0.247 -0.255 -0.256 -0.191 -0.186 -0.214 -0.203
-0.160 -0.242 -0.220 -0.282 -0.220 -0.350 -0.342 -0.356 -0.311 -0.271 -0.138 -0.135 0.006 0.140 0.151 0.005 -0.127 -0.308 -0.336 -0.322 -0.329 -0.318 -0.348 -0.296 -0.353 -0.330 -0.341 -0.352 -0.235 -0.235 -0.292 -0.290 -0.294 -0.227 -0.295 -0.349 -0.356 -0.288 -0.331 -0.208 -0.177 -0.230 -0.247 -0.322 -0.344 -0.346 -0.219 -0.208 -0.264 -0.237
-0.159 -0.252 -0.227 -0.299 -0.227 -0.379 -0.368 -0.386 -0.331 -0.285 -0.132 -0.127 0.033 0.187 0.200 0.034 -0.118 -0.327 -0.361 -0.342 -0.351 -0.339 -0.376 -0.314 -0.383 -0.354 -0.365 -0.381 -0.241 -0.242 -0.308 -0.306 -0.312 -0.232 -0.312 -0.377 -0.386 -0.305 -0.355 -0.211 -0.175 -0.238 -0.255 -0.344 -0.371 -0.374 -0.225 -0.213 -0.278 -0.246
-0.159 -0.253 -0.227 -0.300 -0.228 -0.381 -0.371 -0.389 -0.332 -0.286 -0.131 -0.127 0.036 0.191 0.204 0.036 -0.117 -0.329 -0.363 -0.344 -0.354 -0.341 -0.379 -0.316 -0.385 -0.356 -0.368 -0.383 -0.242 -0.243 -0.309 -0.308 -0.314 -0.232 -0.313 -0.379 -0.388 -0.307 -0.358 -0.212 -0.175 -0.239 -0.256 -0.346 -0.374 -0.376 -0.226 -0.214 -0.279 -0.247
-0.136 -0.178 -0.168 -0.196 -0.168 -0.225 -0.225 -0.226 -0.219 -0.197 -0.129 -0.131 -0.052 0.016 0.020 -0.062 -0.130 -0.216 -0.227 -0.227 -0.226 -0.220 -0.225 -0.208 -0.227 -0.223 -0.231 -0.227 -0.187 -0.182 -0.210 -0.210 -0.204 -0.182 -0.209 -0.228 -0.228 -0.204 -0.221 -0.169 -0.153 -0.176 -0.191 -0.219 -0.225 -0.226 -0.167 -0.162 -0.188 -0.179
-0.134 -0.172 -0.163 -0.188 -0.163 -0.212 -0.212 -0.213 -0.209 -0.190 -0.129 -0.131 -0.059 0.002 0.006 -0.070 -0.130 -0.207 -0.215 -0.217 -0.215 -0.210 -0.212 -0.198 -0.213 -0.211 -0.219 -0.214 -0.182 -0.177 -0.202 -0.202 -0.195 -0.178 -0.201 -0.215 -0.214 -0.196 -0.210 -0.165 -0.151 -0.171 -0.186 -0.208 -0.213 -0.214 -0.162 -0.157 -0.180 -0.173
-0.144 -0.205 -0.189 -0.233 -0.189 -0.280 -0.276 -0.284 -0.259 -0.229 -0.130 -0.130 -0.021 0.077 0.085 -0.027 -0.126 -0.256 -0.275 -0.268 -0.271 -0.263 -0.280 -0.246 -0.283 -0.270 -0.279 -0.282 -0.206 -0.204 -0.245 -0.245 -0.243 -0.200 -0.246 -0.282 -0.285 -0.241 -0.270 -0.184 -0.161 -0.198 -0.214 -0.264 -0.278 -0.279 -0.188 -0.180 -0.221 -0.203
-0.145 -0.191 -0.180 -0.212 -0.180 -0.246 -0.245 -0.248 -0.235 -0.212 -0.136 -0.137 -0.050 0.025 0.031 -0.059 -0.135 -0.233 -0.246 -0.244 -0.244 -0.237 -0.246 -0.224 -0.248 -0.241 -0.249 -0.248 -0.198 -0.194 -0.225 -0.225 -0.221 -0.193 -0.225 -0.248 -0.249 -0.220 -0.240 -0.179 -0.161 -0.188 -0.203 -0.237 -0.246 -0.247 -0.179 -0.173 -0.203 -0.191
