3.573
3.492
3.525
3.589
3.537
3.611
3.622
3.585
3.627
3.680
3.687
3.689
3.758
3.727
3.762
3.811
3.832
3.833
3.809
3.844
3.887
3.957
3.968
3.904
3.969
3.940
4.023
3.993
4.022
4.081
4.133
4.115
4.156
4.194
4.215
4.181
4.208
4.242
4.257
4.282
4.311
4.367
4.340
4.370
4.402
4.385
4.425
4.457
4.493
4.489
4.512
4.554
4.578
4.591
4.620
4.593
4.648
4.643
4.716
4.687
4.683
4.713
4.773
4.759
4.763
4.829
4.809
4.882
4.909
4.903
4.894
4.948
4.926
4.951
5.010
5.020
5.034
5.053
5.058
5.037
5.059
5.105
5.134
5.120
5.160
5.199
5.194
5.184
5.224
5.229
5.248
5.290
5.274
5.288
5.353
5.348
5.333
5.374
5.397
5.358
5.391
5.371
5.463
5.467
5.438
5.455
5.529
5.485
5.519
5.589
5.623
5.611
5.549
5.556
5.583
5.624
5.672
5.649
5.671
5.635
5.705
5.721
5.694
5.716
5.765
5.733
5.784
5.773
5.758
5.730
5.825
5.821
5.852
5.868
5.839
5.833
5.891
5.856
5.898
5.914
5.933
5.895
5.924
5.924
5.939
5.958
6.002
5.994
5.998
6.020
6.058
6.035
6.029
6.033
6.050
6.057
6.091
6.118
6.084
6.152
6.140
6.131
6.180
6.202
6.166
6.134
6.226
6.182
6.163
6.190
6.249
6.222
6.222
6.235
6.279
6.278
6.286
6.309
6.307
6.300
6.329
6.343
6.308
6.346
6.349
6.343
6.369
6.375
6.384
6.364
6.416
6.412
6.418
6.458
6.464
6.491
6.467
6.444
6.459
6.442
6.482
6.508
6.518
6.547
6.551
6.499
6.540
6.583
6.539
6.624
6.605
6.632
6.580
6.589
6.608
6.551
6.590
6.648
6.609
6.679
6.620
6.584
6.687
6.659
6.658
6.703
6.698
6.662
6.683
6.693
6.731
6.721
6.748
6.740
6.730
6.754
6.790
6.710
6.755
6.752
6.797
6.792
6.813
6.850
6.782
6.816
6.783
6.853
6.859
6.824
6.819
6.864
6.846
6.888
6.891
6.892
6.915
6.880
6.892
6.894
6.944
6.904
6.913
6.933
6.965
6.918
6.910
6.953
6.935
6.925
6.908
6.982
7.003
6.955
6.975
7.001
7.041
7.013
6.963
7.033
6.970
7.054
6.985
7.022
7.092
7.026
7.046
7.067
7.073
7.105
7.058
6.999
7.147
7.141
7.068
7.113
7.133
7.135
7.131
7.095
7.177
7.128
7.095
7.095
7.139
7.164
7.143
7.148
7.172
7.142
7.133
7.236
7.176
7.176
7.220
7.192
7.213
7.236
7.194
7.170
7.205
7.220
7.214
7.218
7.229
7.239
7.268
7.261
7.302
7.250
7.256
7.270
7.244
7.296
7.301
7.310
7.324
7.327
7.334
7.319
7.313
7.267
7.333
7.318
7.306
7.327
7.316
7.308
7.321
7.341
7.292
7.320
7.338
7.323
7.333
7.376
7.392
7.345
7.359
7.383
7.441
7.438
7.396
7.388
7.360
7.458
7.411
7.467
7.415
7.438
7.436
7.441
7.435
7.465
7.394
7.448
7.459
7.480
7.447
7.408
7.460
7.468
7.488
7.474
7.505
7.521
7.499
7.509
7.507
7.522
7.494
7.505
7.478
7.487
7.506
7.498
7.501
7.535
7.501
7.563
7.501
7.575
7.578
7.542
7.503
7.539
7.605
7.561
7.605
7.583
7.602
7.558
7.562
7.587
7.541
7.545
7.594
7.594
7.588
7.579
7.612
7.590
7.647
7.598
7.605
7.605
7.584
7.634
7.632
7.579
7.629
7.651
7.626
7.660
7.631
7.640
7.697
7.623
7.684
7.635
7.607
7.637
7.626
7.668
7.648
7.721
7.692
7.656
7.640
7.633
7.689
7.679
7.678
7.659
7.669
7.731
7.668
7.718
7.661
7.703
7.670
7.706
7.741
7.693
7.719
7.719
7.670
7.726
7.712
7.728
7.728
7.729
7.685
7.753
7.743
7.767
7.761
7.744
7.712
7.787
7.735
7.732
7.736
7.723
7.734
7.706
7.740
7.763
7.753
7.715
7.801
7.789
7.754
7.752
7.775
7.780
7.760
7.777
7.832
7.769
7.776
7.746
7.789
7.789
7.795
7.828
7.806
7.808
7.847
7.836
7.777
7.812
7.808
7.842
7.802
7.786
7.869
7.841
7.845
7.832
7.848
7.837
7.842
7.838
7.829
7.860
7.853
7.835
7.855
7.854
7.822
7.845
7.840
7.892
7.901
7.854
7.834
7.892
7.875
7.885
7.883
7.858
7.864
7.888
7.855
7.905
7.884
7.890
7.903
7.923
7.861
7.866
7.926
7.896
7.937
7.923
7.867
7.907
7.853
7.922
7.902
7.921
7.932
7.923
7.927
7.885
7.882
7.889
7.947
7.940
7.916
7.917
7.931
7.875
7.970
7.923
7.923
7.937
7.921
7.937
7.897
7.910
7.967
7.969
7.989
7.923
7.962
7.961
7.944
7.924
7.961
7.951
7.966
7.945
7.956
7.976
7.996
7.929
8.003
8.028
7.943
8.025
7.976
7.971
7.940
7.970
7.928
7.967
7.961
7.960
7.962
7.932
7.937
7.991
7.967
7.930
7.964
7.936
8.027
7.962
8.033
7.978
7.950
8.079
7.991
8.006
8.022
8.016
8.010
8.046
8.001
7.993
8.024
8.002
8.027
8.035
7.959
8.013
8.049
8.042
8.037
8.048
7.997
8.033
8.027
8.008
8.017
8.056
8.028
7.986
8.029
8.078
8.063
8.054
8.013
7.996
8.031
8.053
8.037
8.097
8.086
8.078
8.083
8.062
8.032
8.094
8.096
8.015
8.036
8.052
8.046
8.078
8.072
8.027
8.044
8.026
8.075
8.072
8.088
8.108
8.060
8.021
8.066
8.076
8.062
8.045
8.085
8.077
8.022
8.106
8.065
8.091
8.074
8.106
8.037
8.108
8.088
8.135
8.126
8.064
8.049
8.056
8.086
8.052
8.122
8.057
8.156
8.125
8.097
8.086
8.142
8.062
8.096
8.090
8.139
8.122
8.076
8.118
8.080
8.084
8.153
8.047
8.078
8.104
8.107
8.079
8.110
8.081
8.129
8.141
8.090
8.125
8.136
8.082
8.075
8.112
8.127
8.118
8.088
8.129
8.172
8.149
8.149
8.163
8.141
8.125
8.131
8.171
8.139
8.162
8.111
8.097
8.114
8.131
8.123
8.155
8.154
8.157
8.129
8.129
8.162
8.147
8.160
8.184
8.133
8.133
8.179
8.109
8.138
8.172
8.136
8.121
8.136
8.181
8.141
8.190
8.137
8.161
8.142
8.195
8.181
8.176
8.210
8.129
8.121
8.157
8.196
8.175
8.135
8.161
8.224
8.165
8.199
8.212
8.162
8.179
8.207
8.175
8.163
8.193
8.157
8.175
8.199
8.148
8.169
8.205
8.170
8.206
8.203
8.162
8.192
8.184
8.163
8.178
8.199
8.182
8.149
8.227
8.205
8.214
8.162
8.251
8.153
8.195
8.157
8.253
8.166
8.228
8.183
8.221
8.191
8.204
8.165
8.178
8.156
8.192
8.229
8.214
8.177
8.210
8.220
8.271
8.247
8.230
8.252
8.260
8.230
8.194
8.182
8.236
8.200
8.152
8.270
8.262
8.230
8.228
8.205
8.249
8.245
8.183
8.236
8.209
8.219
8.265
8.230
8.199
8.185
8.229
8.232
8.260
8.198
8.223
8.208
8.223
8.300
8.251
8.277
8.284
8.258
8.199
8.243
8.236
8.282
8.236
8.270
8.238
8.179
8.182
8.215
8.203
8.216
8.275
8.263
8.212
8.198
8.197
8.241
8.317
8.224
8.254
8.260
8.223
8.262
8.197
8.277
8.272
8.293
8.212
8.270
8.208
8.248
8.302
8.252
8.220
8.199
8.170
8.207
8.207
8.247
8.233
8.312
8.283
8.290
8.250
8.252
8.246
8.247
8.232
8.232
8.240
8.259
8.295
8.238
8.279
8.266
8.254
8.216
8.251
8.250
8.236
8.309
8.230
8.275
8.299
8.326
8.281
8.247
8.309
8.257
8.249
8.263
8.263
8.282
8.266
8.297
8.285
8.260
8.275
8.308
8.239
8.267
8.319
8.316
8.243
8.227
8.291
8.203
8.305
8.279
8.270
8.278
8.257
8.211
8.314
8.299
8.307
8.266
8.285
8.293
8.319
8.296
8.355
8.287
8.261
8.313
8.265
8.309
8.290
8.257
8.259
8.284
8.241
8.309
8.270
8.295
8.290
8.324
8.236
8.291
8.265
8.314
8.233
8.263
8.275
8.316
8.286
8.299
8.315
8.325
8.301
8.229
8.330
8.291
8.286
8.275
8.323
8.311
8.330
8.280
8.284
8.273
8.342
8.313
8.299
