1.283
1.310
1.336
1.363
1.390
1.417
1.445
1.473
1.501
1.529
1.557
1.586
1.615
1.644
1.673
1.702
1.732
1.761
1.791
1.820
1.850
1.880
1.910
1.940
1.970
2.000
2.030
2.060
2.090
2.120
2.150
2.180
2.209
2.239
2.268
2.298
2.327
2.356
2.385
2.414
2.443
2.471
2.499
2.527
2.555
2.583
2.610
2.637
2.664
2.690
2.717
2.743
2.768
2.794
2.819
2.844
2.868
2.892
2.916
2.940
2.963
2.986
3.009
3.031
3.053
3.074
3.095
3.116
3.137
3.157
3.177
3.196
3.215
3.234
3.252
3.270
3.288
3.305
3.322
3.339
3.356
3.372
3.387
3.403
3.418
3.433
3.447
3.461
3.475
3.489
3.502
3.515
3.527
3.540
3.552
3.564
3.575
3.586
3.597
3.608
3.619
3.629
3.639
3.649
3.658
3.667
3.676
3.685
3.694
3.702
3.710
3.718
3.726
3.734
3.741
3.748
3.755
3.762
3.769
3.775
3.781
3.787
3.793
3.799
3.805
3.810
3.816
3.821
3.826
3.831
3.836
3.840
3.845
3.849
3.854
3.858
3.862
3.866
3.870
3.873
3.877
3.880
3.884
3.887
3.890
3.894
3.897
3.900
3.903
3.905
3.908
3.911
3.913
3.916
3.918
3.921
3.923
3.925
3.927
3.929
3.932
3.933
3.935
3.937
3.939
3.941
3.943
3.944
3.946
3.947
3.949
3.951
3.952
3.953
3.955
3.956
3.957
3.959
3.960
3.961
3.962
3.963
3.964
3.965
3.966
3.967
3.968
3.969
3.970
3.971
3.972
3.973
3.973
3.974
3.975
3.976
3.976
3.977
3.978
3.978
3.979
3.980
3.980
3.981
3.981
3.982
3.983
3.983
3.984
3.984
3.985
3.985
3.985
3.986
3.986
3.987
3.987
3.987
3.988
3.988
3.989
3.989
3.989
3.989
3.990
3.990
3.990
3.991
3.991
3.991
3.991
3.992
3.992
3.992
3.992
3.993
3.993
3.993
3.993
3.993
3.994
3.994
3.994
3.994
3.994
3.995
3.995
3.995
3.995
3.995
3.995
3.995
3.996
3.996
3.996
3.996
3.996
3.996
3.996
3.996
3.997
3.997
3.997
3.997
3.997
3.997
3.997
3.997
3.997
3.997
3.997
3.998
3.998
3.998
3.998
3.998
3.998
3.998
3.998
3.998
3.998
3.998
3.998
3.998
3.998
3.998
3.998
3.998
3.999
3.999
3.999
3.999
3.999
3.999
3.999
3.999
3.999
3.999
3.999
3.999
3.999
3.999
3.999
3.999
3.999
3.999
3.999
3.999
3.999
3.999
3.999
3.999
3.999
3.999
3.999
3.999
3.999
3.999
3.999
3.999
3.999
3.999
3.999
3.999
3.999
4.000
4.000
4.000
4.000
4.000
4.000
4.000
4.000
4.000
4.000
4.000
4.000
4.000
4.000
4.000
4.000
4.000
4.000
4.000
4.000
4.000
4.000
4.000
4.000
4.000
4.000
4.000
4.000
4.000
4.000
4.000
4.000
4.000
4.000
4.000
4.000
4.000
4.000
4.000
4.000
4.000
4.000
4.000
4.000
4.000
4.000
4.000
4.000
4.000
4.000
4.000
4.000
4.000
4.000
4.000
4.000
4.000
4.000
4.000
4.000
4.000
4.000
4.000
4.000
4.000
4.000
4.000
4.000
4.000
4.000
4.000
4.000
4.000
4.000
4.000
4.000
4.000
4.000
4.000
4.000
4.000
4.000
4.000
4.000
4.000
4.000
4.000
4.000
4.000
4.000
4.000
4.000
4.000
4.000
4.000
4.000
4.000
4.000
4.000
4.000
4.000
4.000
4.000
4.000
4.000
4.000
4.000
4.000
4.000
4.000
4.000
4.000
4.000
4.000
4.000
4.000
4.000
4.000
4.000
4.000
4.000
4.000
4.000
4.000
4.000
4.000
4.000
4.000
4.000
4.000
4.000
4.000
4.000
4.000
4.000
4.000
4.000
4.000
4.000
4.000
4.000
4.000
4.000
4.000
4.000
4.000
4.000
4.000
4.000
4.000
4.000
4.000
4.000
4.000
4.000
4.000
4.000
4.000
4.000
4.000
4.000
4.000
4.000
4.000
4.000
4.000
4.000
4.000
4.000
4.000
4.000
4.000
4.000
4.000
4.000
4.000
4.000
4.000
4.000
4.000
4.000
4.000
4.000
4.000
4.000
4.000
4.000
4.000
4.000
4.000
4.000
4.000
4.000
4.000
4.000
4.000
4.000
4.000
4.000
4.000
4.000
4.000
4.000
4.000
4.000
4.000
4.000
4.000
4.000
4.000
4.000
4.000
4.000
4.000
4.000
4.000
4.000
4.000
4.000
4.000
4.000
4.000
4.000
4.000
4.000
4.000
4.000
4.000
4.000
4.000
4.000
4.000
4.000
4.000
4.000
4.000
4.000
4.000
4.000
4.000
4.000
4.000
4.000
4.000
4.000
4.000
4.000
4.000
4.000
4.000
4.000
4.000
4.000
4.000
4.000
4.000
4.000
4.000
4.000
4.000
4.000
4.000
4.000
4.000
4.000
4.000
4.000
4.000
4.000
4.000
4.000
4.000
4.000
4.000
4.000
4.000
4.000
4.000
4.000
4.000
4.000
4.000
4.000
4.000
4.000
4.000
4.000
4.000
4.000
4.000
4.000
4.000
4.000
4.000
4.000
4.000
4.000
4.000
4.000
4.000
4.000
4.000
4.000
4.000
4.000
4.000
4.000
4.000
4.000
4.000
4.000
4.000
4.000
4.000
4.000
4.000
4.000
4.000
4.000
4.000
4.000
4.000
4.000
4.000
4.000
4.000
4.000
4.000
4.000
4.000
4.000
4.000
4.000
4.000
4.000
4.000
4.000
4.000
4.000
4.000
4.000
4.000
4.000
4.000
4.000
4.000
4.000
4.000
4.000
4.000
4.000
4.000
4.000
4.000
4.000
4.000
4.000
4.000
4.000
4.000
4.000
4.000
4.000
4.000
4.000
4.000
4.000
4.000
4.000
4.000
4.000
4.000
4.000
4.000
4.000
4.000
4.000
4.000
4.000
4.000
4.000
4.000
4.000
4.000
4.000
4.000
4.000
4.000
4.000
4.000
4.000
4.000
4.000
4.000
4.000
4.000
4.000
4.000
4.000
4.000
4.000
4.000
4.000
4.000
4.000
4.000
4.000
4.000
4.000
4.000
4.000
4.000
4.000
4.000
4.000
4.000
4.000
4.000
4.000
4.000
4.000
4.000
4.000
4.000
4.000
4.000
4.000
4.000
4.000
4.000
4.000
4.000
4.000
4.000
4.000
4.000
4.000
4.000
4.000
4.000
4.000
4.000
4.000
4.000
4.000
4.000
4.000
4.000
4.000
4.000
4.000
4.000
4.000
4.000
4.000
4.000
4.000
4.000
4.000
4.000
4.000
4.000
4.000
4.000
4.000
4.000
4.000
4.000
4.000
4.000
4.000
4.000
4.000
4.000
4.000
4.000
4.000
4.000
4.000
4.000
4.000
4.000
4.000
4.000
4.000
4.000
4.000
4.000
4.000
4.000
4.000
4.000
4.000
4.000
4.000
4.000
4.000
4.000
4.000
4.000
4.000
4.000
4.000
4.000
4.000
4.000
4.000
4.000
4.000
4.000
4.000
4.000
4.000
4.000
4.000
4.000
4.000
4.000
4.000
4.000
4.000
4.000
4.000
4.000
4.000
4.000
4.000
4.000
4.000
4.000
4.000
4.000
4.000
4.000
4.000
4.000
4.000
4.000
4.000
4.000
4.000
4.000
4.000
4.000
4.000
4.000
4.000
4.000
4.000
4.000
4.000
4.000
4.000
4.000
4.000
4.000
4.000
4.000
4.000
4.000
4.000
4.000
4.000
4.000
4.000
4.000
4.000
4.000
4.000
4.000
4.000
4.000
4.000
4.000
4.000
4.000
4.000
4.000
4.000
4.000
4.000
4.000
4.000
4.000
4.000
4.000
4.000
4.000
4.000
4.000
4.000
4.000
4.000
4.000
4.000
4.000
4.000
4.000
4.000
4.000
4.000
4.000
4.000
4.000
4.000
4.000
4.000
4.000
4.000
4.000
4.000
4.000
4.000
4.000
4.000
4.000
4.000
4.000
4.000
4.000
4.000
4.000
4.000
4.000
4.000
4.000
4.000
4.000
4.000
4.000
4.000
4.000
4.000
4.000
4.000
4.000
4.000
4.000
4.000
4.000
4.000
4.000
4.000
4.000
4.000
4.000
4.000
4.000
4.000
4.000
4.000
4.000
4.000
4.000
4.000
4.000
4.000
4.000
4.000
4.000
4.000
4.000
4.000
4.000
4.000
4.000
4.000
4.000
4.000
4.000
4.000
4.000
4.000
4.000
4.000
4.000
4.000
4.000
4.000
4.000
4.000
4.000
4.000
4.000
4.000
4.000
4.000
4.000
4.000
4.000
4.000
4.000
4.000
4.000
4.000
4.000
4.000
4.000
4.000
