6.861
7.181
7.522
7.887
8.263
8.672
9.102
9.567
10.047
10.566
11.115
11.682
12.286
12.919
13.590
14.283
15.006
15.759
16.535
17.340
18.168
19.015
19.882
20.760
21.655
22.556
23.463
24.370
25.279
26.179
27.074
27.958
28.828
29.687
30.523
31.337
32.123
32.885
33.624
34.337
35.015
35.666
36.286
36.878
37.443
37.976
38.479
38.958
39.412
39.836
40.240
40.617
40.977
41.314
41.626
41.925
42.209
42.471
42.726
42.959
43.179
43.393
43.592
43.779
43.961
44.130
44.290
44.442
44.581
44.718
44.851
44.972
45.096
45.205
45.310
45.416
45.515
45.608
45.697
45.780
45.862
45.943
46.018
46.089
46.161
46.232
46.295
46.354
46.414
46.472
46.524
46.578
46.630
46.681
46.730
46.775
46.816
46.859
46.904
46.942
46.980
47.017
47.057
47.089
47.128
47.154
47.192
47.219
47.247
47.280
47.309
47.336
47.359
47.384
47.412
47.437
47.459
47.482
47.505
47.522
47.545
47.565
47.588
47.607
47.624
47.645
47.660
47.678
47.696
47.710
47.726
47.741
47.754
47.767
47.783
47.801
47.812
47.827
47.839
47.852
47.866
47.878
47.891
47.897
47.908
47.923
47.930
47.941
47.951
47.963
47.970
47.983
47.990
47.996
48.007
48.014
48.021
48.032
48.040
48.044
48.053
48.061
48.068
48.076
48.081
48.090
48.096
48.102
48.110
48.113
48.119
48.124
48.132
48.136
48.139
48.148
48.153
48.156
48.161
48.167
48.171
48.174
48.181
48.186
48.189
48.192
48.195
48.202
48.207
48.206
48.212
48.212
48.220
48.220
48.226
48.227
48.234
48.235
48.236
48.243
48.245
48.250
48.253
48.256
48.256
48.260
48.262
48.266
48.266
48.270
48.275
48.273
48.274
48.277
48.280
48.279
48.284
48.287
48.288
48.291
48.295
48.294
48.296
48.296
48.297
48.303
48.303
48.308
48.308
48.305
48.309
48.312
48.313
48.312
48.316
48.315
48.316
48.316
48.320
48.322
48.319
48.324
48.324
48.328
48.326
48.327
48.328
48.327
48.329
48.331
48.331
48.338
48.334
48.340
48.336
48.336
48.336
48.338
48.337
48.340
48.344
48.342
48.345
48.344
48.347
48.342
48.347
48.350
48.346
48.346
48.352
48.350
48.349
48.351
48.350
48.354
48.356
48.356
48.353
48.351
48.355
48.355
48.356
48.353
48.357
48.355
48.359
48.360
48.362
48.358
48.359
48.358
48.362
48.363
48.359
48.362
48.359
48.363
48.361
48.364
48.363
48.362
48.363
48.367
48.362
48.367
48.363
48.366
48.367
48.366
48.366
48.369
48.368
48.366
48.370
48.367
48.366
48.367
48.368
48.364
48.366
48.369
48.367
48.370
48.370
48.373
48.373
48.369
48.368
48.372
48.371
48.368
48.371
48.372
48.371
48.373
48.374
48.373
48.373
48.374
48.372
48.371
48.375
48.375
48.372
48.373
48.372
48.370
48.372
48.373
48.373
48.376
48.371
48.372
48.372
48.377
48.374
48.376
48.372
48.376
48.374
48.377
48.374
48.376
48.376
48.378
48.374
48.371
48.375
48.373
48.376
48.374
48.374
48.378
48.374
48.377
48.380
48.378
48.378
48.378
48.377
48.377
48.379
48.377
48.376
48.374
48.377
48.375
48.377
48.379
48.377
48.380
48.377
48.380
48.376
48.375
48.378
48.377
48.379
48.377
48.379
48.376
48.379
48.376
48.378
48.378
48.375
48.378
48.380
48.377
48.378
48.375
48.379
48.377
48.379
48.376
48.373
48.379
48.376
48.380
48.376
48.378
48.379
48.379
48.376
48.381
48.378
48.378
48.378
48.377
48.377
48.379
48.378
48.379
48.378
48.377
48.380
48.378
48.380
48.381
48.379
48.380
48.380
48.380
48.380
48.382
48.379
48.379
48.380
48.381
48.378
48.376
48.377
48.382
48.379
48.379
48.379
48.382
48.376
48.378
48.381
48.380
48.383
48.380
48.378
48.377
48.377
48.379
48.381
48.376
48.379
48.379
48.376
48.380
48.380
48.377
48.381
48.379
48.379
48.381
48.377
48.379
48.378
48.379
48.379
48.376
48.376
48.377
48.380
48.378
48.382
48.381
48.379
48.382
48.378
48.379
48.378
48.377
48.380
48.380
48.378
48.381
48.380
48.377
48.379
48.377
48.379
48.378
48.381
48.381
48.380
48.380
48.378
48.380
48.384
48.381
48.380
48.381
48.384
48.378
48.381
48.380
48.378
48.378
48.378
48.383
48.379
48.380
48.377
48.383
48.381
48.378
48.379
48.381
48.380
48.378
48.379
48.380
48.381
48.381
48.377
48.379
48.380
48.379
48.379
48.382
48.382
48.381
48.382
48.379
48.378
48.378
48.378
48.378
48.379
48.378
48.380
48.378
48.381
48.378
48.380
48.377
48.378
48.378
48.379
48.378
48.380
48.381
48.379
48.380
48.381
48.382
48.380
48.381
48.378
48.380
48.378
48.378
48.377
48.382
48.383
48.380
48.380
48.380
48.377
48.379
48.378
48.381
48.383
48.384
48.379
48.383
48.381
48.382
48.382
48.377
48.378
48.376
48.381
48.378
48.378
48.378
48.378
48.379
48.380
48.378
48.379
48.380
48.376
48.379
48.376
48.380
48.379
48.380
48.379
48.381
48.378
48.377
48.381
48.379
48.382
48.379
48.378
48.378
48.381
48.378
48.382
48.377
48.378
48.380
48.381
48.382
48.383
48.381
48.380
48.381
48.377
48.379
48.379
48.382
48.378
48.380
48.379
48.378
48.381
48.377
48.382
48.380
48.382
48.380
48.383
48.380
48.379
48.379
48.382
48.379
48.379
48.383
48.378
48.381
48.381
48.380
48.379
48.379
48.379
48.381
48.381
48.379
48.378
48.379
48.380
48.380
48.381
48.378
48.380
48.378
48.380
48.381
48.377
48.381
48.379
48.382
48.380
48.379
48.377
48.380
48.382
48.381
48.377
48.382
48.379
48.379
48.378
48.382
48.375
48.381
48.380
48.377
48.382
48.378
48.379
48.380
48.381
48.379
48.379
48.382
48.379
48.379
48.378
48.380
48.382
48.378
48.377
48.375
48.378
48.383
48.379
48.377
48.379
48.378
48.382
48.382
48.378
48.377
48.381
48.383
48.383
48.381
48.382
48.377
48.382
48.380
48.379
48.383
48.377
48.380
48.381
48.378
48.379
48.377
48.380
48.381
48.379
48.383
48.379
48.380
48.382
48.379
48.381
48.379
48.379
48.380
48.381
48.382
48.380
48.378
48.379
48.379
48.380
48.380
48.379
48.381
48.380
48.380
48.379
48.382
48.379
48.377
48.378
48.382
48.381
48.381
48.380
48.378
48.382
48.378
48.384
48.378
48.381
48.379
48.380
48.381
48.383
48.381
48.382
48.377
48.382
48.379
48.382
48.382
48.380
48.376
48.376
48.379
48.379
48.379
48.377
48.381
48.378
48.381
48.379
48.375
48.381
48.381
48.380
48.380
48.379
48.382
48.379
48.378
48.378
48.381
48.380
48.376
48.381
48.381
48.380
48.379
48.381
48.378
48.379
48.383
48.382
48.384
48.380
48.378
48.376
48.378
48.380
48.378
48.381
48.382
48.378
48.378
48.376
48.379
48.380
48.382
48.380
48.380
48.381
48.382
48.382
48.380
48.379
48.378
48.381
48.382
48.380
48.382
48.378
48.381
48.380
48.379
48.378
48.378
48.379
48.378
48.383
48.379
48.382
48.378
48.381
48.382
48.381
48.378
48.382
48.378
48.377
48.378
48.381
48.381
48.379
48.382
48.378
48.381
48.378
48.379
48.377
48.381
48.382
48.381
48.377
48.378
48.378
48.378
48.380
48.378
48.379
48.379
48.382
48.380
48.378
48.380
48.379
48.378
48.381
48.378
48.382
48.378
48.378
48.380
48.380
48.380
48.379
48.378
48.380
48.382
48.378
48.376
48.380
48.375
48.379
48.378
48.379
48.378
48.378
48.380
48.381
48.381
48.380
48.378
48.379
48.380
48.381
48.378
48.381
48.380
48.381
48.381
48.381
48.379
48.379
48.378
48.379
48.379
48.381
48.377
48.380
48.379
48.382
48.380
48.377
48.383
48.379
48.379
48.379
48.381
48.380
48.381
48.378
48.378
48.382
48.376
48.380
48.382
48.381
48.376
48.378
48.375
48.381
48.384
48.377
48.378
48.379
48.378
48.379
48.384
48.379
48.380
48.381
48.379
48.383
48.379
48.380
48.378
48.380
48.383
48.382
48.381
48.379
48.379
48.381
48.377
48.382
48.378
48.379
48.380
48.378
48.380
48.380
48.381
48.378
48.381
48.380
48.381
48.380
48.378
48.381
48.378
48.382
48.379
48.381
48.377
48.379
48.381
48.379
48.378
48.379
48.378
48.381
48.378
48.379
48.380
48.382
48.380
48.382
48.381
48.382
48.379
48.379
48.382
48.377
48.380
