1.743
1.747
1.760
1.755
1.775
1.779
1.795
1.806
1.829
1.822
1.829
1.850
1.873
1.885
1.867
1.906
1.901
1.940
1.945
1.940
1.956
1.972
1.955
2.008
1.987
2.005
2.026
2.022
2.057
2.062
2.079
2.092
2.091
2.098
2.108
2.114
2.140
2.164
2.167
2.179
2.207
2.188
2.219
2.229
2.235
2.237
2.269
2.271
2.299
2.287
2.282
2.318
2.317
2.344
2.369
2.373
2.350
2.413
2.403
2.405
2.435
2.434
2.450
2.459
2.446
2.475
2.479
2.504
2.482
2.524
2.551
2.542
2.562
2.588
2.589
2.603
2.596
2.616
2.615
2.648
2.651
2.640
2.693
2.689
2.713
2.704
2.715
2.723
2.723
2.750
2.759
2.768
2.777
2.785
2.791
2.809
2.843
2.837
2.852
2.857
2.860
2.850
2.878
2.886
2.905
2.911
2.926
2.944
2.939
2.968
2.961
2.972
2.998
2.976
3.002
3.005
3.010
3.021
3.040
3.042
3.036
3.059
3.047
3.056
3.093
3.090
3.092
3.104
3.092
3.135
3.154
3.153
3.160
3.166
3.178
3.160
3.176
3.206
3.195
3.202
3.207
3.217
3.220
3.251
3.246
3.252
3.267
3.280
3.273
3.291
3.307
3.281
3.307
3.323
3.318
3.320
3.335
3.337
3.340
3.345
3.355
3.350
3.369
3.371
3.396
3.403
3.399
3.421
3.408
3.419
3.428
3.428
3.431
3.437
3.461
3.450
3.464
3.449
3.449
3.462
3.500
3.489
3.485
3.491
3.479
3.513
3.514
3.510
3.525
3.541
3.527
3.541
3.537
3.559
3.559
3.571
3.562
3.578
3.582
3.583
3.577
3.585
3.577
3.594
3.615
3.586
3.605
3.621
3.627
3.613
3.624
3.631
3.653
3.652
3.651
3.662
3.655
3.646
3.676
3.647
3.673
3.659
3.681
3.688
3.688
3.703
3.700
3.695
3.694
3.715
3.722
3.717
3.729
3.721
3.734
3.738
3.737
3.753
3.739
3.752
3.755
3.748
3.760
3.756
3.753
3.751
3.768
3.776
3.787
3.802
3.787
3.786
3.788
3.781
3.809
3.793
3.815
3.821
3.801
3.826
3.815
3.810
3.813
3.815
3.821
3.845
3.834
3.822
3.851
3.858
3.832
3.845
3.859
3.863
3.865
3.844
3.862
3.862
3.863
3.870
3.876
3.884
3.877
3.888
3.892
3.874
3.897
3.910
3.883
3.896
3.872
3.898
3.906
3.890
3.912
3.919
3.909
3.903
3.891
3.910
3.922
3.908
3.929
3.925
3.935
3.926
3.925
3.925
3.921
3.955
3.940
3.936
3.946
3.929
3.939
3.958
3.940
3.963
3.958
3.969
3.976
3.975
3.978
3.953
3.981
3.958
3.969
3.971
3.966
3.976
3.977
3.994
3.978
3.994
3.997
3.996
3.987
3.993
4.009
4.004
3.992
3.989
3.992
4.005
4.013
4.000
4.024
4.002
4.028
3.998
4.017
4.002
4.013
4.022
4.021
4.030
4.026
4.013
4.025
4.029
4.044
4.027
4.045
4.022
4.039
4.030
4.027
4.047
4.034
4.043
4.035
4.065
4.048
4.038
4.065
4.059
4.045
4.043
4.060
4.046
4.041
4.072
4.048
4.038
4.059
4.053
4.069
4.083
4.050
4.069
4.077
4.054
4.089
4.056
4.066
4.069
4.072
4.092
4.078
4.069
4.074
4.104
4.074
4.076
4.088
4.074
4.100
4.116
4.080
4.098
4.093
4.103
4.091
4.110
4.099
4.100
4.090
4.094
4.108
4.091
4.100
4.105
4.102
4.102
4.109
4.098
4.102
4.117
4.121
4.098
4.134
4.094
4.114
4.107
4.105
4.131
4.100
4.102
4.122
4.118
4.116
4.112
4.104
4.121
4.105
4.120
4.136
4.126
4.131
4.137
4.129
4.132
4.135
4.113
4.122
4.135
4.137
4.140
4.124
4.130
4.128
4.115
4.136
4.133
4.131
4.133
4.149
4.131
4.134
4.148
4.136
4.146
4.143
4.160
4.147
4.157
4.152
4.149
4.153
4.152
4.153
4.152
4.163
4.162
4.148
4.156
4.170
4.142
4.135
4.155
4.139
4.148
4.166
4.148
4.172
4.145
4.160
4.178
4.150
4.157
4.176
4.137
4.165
4.171
4.164
4.157
4.171
4.166
4.186
4.162
4.159
4.182
4.167
4.160
4.157
4.179
4.165
4.156
4.169
4.177
4.166
4.176
4.178
4.177
4.185
4.168
4.189
4.158
4.171
4.169
4.174
4.180
4.192
4.186
4.181
4.186
4.169
4.179
4.178
4.168
4.190
4.183
4.196
4.198
4.185
4.180
4.170
4.193
4.186
4.160
4.197
4.196
4.209
4.185
4.194
4.209
4.208
4.189
4.206
4.191
4.188
4.204
4.212
4.186
4.199
4.181
4.201
4.196
4.197
4.204
4.190
4.188
4.190
4.189
4.205
4.189
4.191
4.205
4.206
4.194
4.203
4.206
4.200
4.198
4.216
4.193
4.210
4.205
4.200
4.191
4.211
4.202
4.196
4.206
4.210
4.214
4.217
4.208
4.199
4.208
4.209
4.217
4.203
4.202
4.200
4.207
4.180
4.196
4.218
4.207
4.210
4.226
4.207
4.206
4.218
4.204
4.225
4.220
4.228
4.210
4.207
4.219
4.224
4.219
4.213
4.214
4.177
4.221
4.210
4.211
4.230
4.209
4.207
4.215
4.221
4.230
4.221
4.217
4.230
4.215
4.227
4.219
4.222
4.228
4.214
4.235
4.218
4.239
4.200
4.233
4.210
4.240
4.236
4.226
4.223
4.228
4.221
4.211
4.243
4.218
4.233
4.245
4.226
4.228
4.214
4.236
4.237
4.230
4.236
4.240
4.220
4.226
4.208
4.258
4.223
4.253
4.223
4.217
4.237
4.235
4.229
4.218
4.222
4.238
4.224
4.223
4.235
4.228
4.235
4.226
4.243
4.235
4.233
4.230
4.248
4.241
4.238
4.244
4.238
4.254
4.217
4.222
4.230
4.240
4.241
4.222
4.234
4.259
4.231
4.242
4.246
4.254
4.251
4.241
4.253
4.250
4.243
4.238
4.235
4.246
4.223
4.247
4.232
4.251
4.228
4.240
4.226
4.240
4.232
4.265
4.249
4.252
4.239
4.251
4.249
4.249
4.229
4.261
4.247
4.252
4.243
4.240
4.255
4.231
4.245
4.247
4.250
4.253
4.247
4.243
4.241
4.255
4.239
4.241
4.258
4.242
4.246
4.234
4.271
4.263
4.237
4.226
4.242
4.252
4.256
4.246
4.253
4.243
4.258
4.247
4.249
4.254
4.263
4.260
4.250
4.243
4.257
4.262
4.252
4.249
4.247
4.251
4.252
4.256
4.255
4.261
4.247
4.257
4.249
4.230
4.251
4.274
4.250
4.255
4.252
4.250
4.254
4.239
4.263
4.251
4.263
4.255
4.236
4.272
4.241
4.264
4.269
4.261
4.265
4.257
4.258
4.249
4.235
4.264
4.266
4.248
4.257
4.272
4.250
4.273
4.255
4.239
4.248
4.257
4.267
4.263
4.272
4.267
4.263
4.266
4.253
4.266
4.258
4.267
4.262
4.255
4.251
4.260
4.265
4.264
4.255
4.268
4.258
4.262
4.266
4.265
4.257
4.264
4.275
4.254
4.273
4.262
4.283
4.263
4.265
4.266
4.254
4.258
4.238
4.264
4.259
4.277
4.244
4.258
4.263
4.255
4.244
4.271
4.252
4.260
4.254
4.262
4.250
4.257
4.258
4.261
4.268
4.261
4.284
4.257
4.270
4.254
4.284
4.287
4.263
4.283
4.273
4.271
4.259
4.274
4.261
4.251
4.290
4.250
4.276
4.273
4.270
4.283
4.259
4.261
4.281
4.265
4.269
4.273
4.270
4.290
4.269
4.246
4.275
4.265
4.256
4.277
4.243
4.279
4.252
4.267
4.269
4.258
4.287
4.273
4.289
4.261
4.285
4.256
4.272
4.273
4.270
4.273
4.268
4.293
4.274
4.268
4.281
4.269
4.281
4.274
4.259
4.285
4.271
4.264
4.265
4.264
4.276
4.264
4.266
4.277
4.276
4.281
4.270
4.277
4.272
4.275
4.270
4.294
4.281
4.256
4.269
4.284
4.262
4.279
4.275
4.256
4.281
4.274
4.269
4.282
4.269
4.275
4.273
4.267
4.289
4.276
4.265
4.275
4.266
4.269
4.267
4.280
4.270
4.270
4.287
4.275
4.283
4.281
4.257
4.282
4.275
4.277
4.270
4.274
4.273
4.273
4.287
4.279
4.274
4.273
4.274
4.265
4.256
4.285
4.279
4.290
4.270
4.282
4.291
4.274
4.294
4.280
4.288
4.285
4.294
4.292
4.282
4.287
4.282
4.268
4.276
4.285
4.262
4.279
4.278
4.274
4.277
4.286
