4.413
4.431
4.442
4.455
4.464
4.465
4.479
4.490
4.496
4.505
4.524
4.533
4.541
4.555
4.557
4.578
4.587
4.588
4.602
4.616
4.627
4.636
4.658
4.662
4.669
4.685
4.686
4.697
4.708
4.721
4.733
4.739
4.753
4.759
4.769
4.774
4.789
4.792
4.814
4.812
4.829
4.836
4.850
4.864
4.869
4.876
4.881
4.895
4.908
4.911
4.918
4.939
4.945
4.955
4.965
4.977
4.982
4.993
4.995
5.013
5.022
5.035
5.041
5.044
5.065
5.067
5.078
5.087
5.099
5.108
5.121
5.126
5.132
5.144
5.155
5.161
5.171
5.178
5.195
5.202
5.208
5.226
5.231
5.245
5.249
5.256
5.266
5.280
5.289
5.301
5.314
5.313
5.326
5.336
5.346
5.360
5.367
5.378
5.381
5.391
5.410
5.418
5.426
5.435
5.445
5.456
5.463
5.472
5.486
5.494
5.509
5.515
5.529
5.540
5.544
5.553
5.567
5.577
5.588
5.589
5.602
5.614
5.617
5.638
5.645
5.659
5.661
5.678
5.687
5.700
5.707
5.715
5.725
5.736
5.744
5.757
5.766
5.771
5.786
5.801
5.803
5.818
5.830
5.837
5.843
5.858
5.867
5.881
5.887
5.898
5.902
5.916
5.921
5.931
5.956
5.960
5.963
5.975
5.987
5.989
6.008
6.011
6.019
6.037
6.045
6.056
6.063
6.067
6.084
6.094
6.100
6.104
6.125
6.132
6.135
6.155
6.164
6.166
6.178
6.189
6.193
6.207
6.212
6.232
6.235
6.248
6.252
6.266
6.276
6.277
6.290
6.298
6.313
6.322
6.330
6.338
6.341
6.356
6.364
6.375
6.379
6.391
6.406
6.408
6.420
6.428
6.438
6.443
6.447
6.466
6.472
6.479
6.481
6.502
6.505
6.517
6.525
6.536
6.540
6.549
6.558
6.575
6.577
6.588
6.597
6.605
6.605
6.619
6.622
6.640
6.641
6.652
6.664
6.670
6.678
6.689
6.694
6.706
6.707
6.722
6.726
6.736
6.748
6.750
6.760
6.769
6.768
6.781
6.788
6.797
6.798
6.819
6.824
6.831
6.845
6.850
6.848
6.858
6.870
6.868
6.887
6.890
6.899
6.907
6.913
6.925
6.929
6.940
6.943
6.953
6.960
6.965
6.976
6.982
6.984
6.997
7.011
7.012
7.019
7.013
7.031
7.032
7.044
7.054
7.062
7.069
7.076
7.082
7.083
7.100
7.101
7.106
7.111
7.120
7.126
7.128
7.144
7.154
7.159
7.168
7.175
7.182
7.186
7.184
7.195
7.202
7.215
7.218
7.223
7.231
7.243
7.243
7.248
7.259
7.263
7.270
7.282
7.281
7.292
7.299
7.298
7.311
7.315
7.322
7.327
7.328
7.347
7.349
7.345
7.354
7.360
7.369
7.373
7.380
7.391
7.397
7.404
7.412
7.411
7.408
7.425
7.431
7.433
7.440
7.441
7.454
7.457
7.471
7.470
7.478
7.477
7.482
7.495
7.493
7.507
7.509
7.515
7.521
7.526
7.521
7.533
7.535
7.548
7.554
7.554
7.564
7.571
7.575
7.580
7.586
7.591
7.606
7.607
7.611
7.612
7.614
7.627
7.627
7.634
7.645
7.641
7.656
7.653
7.661
7.667
7.668
7.681
7.672
7.683
7.689
7.696
7.698
7.709
7.710
7.717
7.719
7.730
7.726
7.742
7.740
7.744
7.746
7.751
7.757
7.770
7.761
7.778
7.783
7.778
7.785
7.788
7.791
7.800
7.802
7.804
7.815
7.813
7.823
7.825
7.835
7.840
7.844
7.841
7.851
7.863
7.855
7.861
7.871
7.871
7.878
7.881
7.885
7.899
7.887
7.896
7.903
7.898
7.904
7.915
7.924
7.924
7.927
7.931
7.932
7.933
7.942
7.946
7.951
7.954
7.963
7.970
7.966
7.975
7.978
7.986
7.990
7.999
7.989
7.999
8.002
8.009
8.013
8.015
8.022
8.022
8.023
8.030
8.035
8.033
8.042
8.038
8.052
8.051
8.054
8.057
8.066
8.070
8.072
8.080
8.082
8.086
8.087
8.100
8.089
8.101
8.098
8.099
8.109
8.109
8.116
8.120
8.128
8.127
8.132
8.137
8.141
8.142
8.142
8.141
8.152
8.160
8.166
8.169
8.164
8.167
8.168
8.180
8.186
8.181
8.186
8.190
8.196
8.196
8.201
8.203
8.204
8.212
8.212
8.212
8.221
8.221
8.228
8.232
8.235
8.233
8.248
8.249
8.250
8.253
8.248
8.255
8.260
8.257
8.267
8.272
8.266
8.277
8.284
8.281
8.286
8.289
8.290
8.294
8.296
8.304
8.304
8.305
8.307
8.310
8.315
8.317
8.318
8.322
8.323
8.327
8.335
8.341
8.337
8.347
8.346
8.340
8.354
8.351
8.360
8.352
8.363
8.371
8.364
8.369
8.375
8.377
8.378
8.395
8.390
8.389
8.396
8.392
8.400
8.408
8.401
8.409
8.406
8.418
8.417
8.415
8.415
8.426
8.425
8.427
8.421
8.432
8.437
8.437
8.436
8.441
8.442
8.450
8.460
8.448
8.455
8.459
8.461
8.463
8.466
8.474
8.472
8.482
8.484
8.477
8.487
8.485
8.485
8.491
8.490
8.495
8.496
8.495
8.509
8.504
8.507
8.507
8.512
8.510
8.514
8.513
8.518
8.522
8.528
8.535
8.530
8.532
8.535
8.545
8.539
8.542
8.545
8.552
8.548
8.557
8.552
8.559
8.557
8.567
8.571
8.574
8.569
8.571
8.575
8.577
8.578
8.583
8.582
8.584
8.585
8.597
8.593
8.592
8.592
8.598
8.601
8.601
8.603
8.602
8.608
8.612
8.619
8.611
8.617
8.620
8.624
8.623
8.632
8.632
8.637
8.633
8.637
8.640
8.640
8.641
8.642
8.642
8.654
8.654
8.652
8.659
8.659
8.658
8.656
8.667
8.660
8.675
8.669
8.664
8.671
8.674
8.674
8.683
8.681
8.680
8.684
8.688
8.695
8.692
8.692
8.697
8.699
8.698
8.703
8.698
8.703
8.709
8.708
8.708
8.712
8.710
8.715
8.719
8.717
8.725
8.722
8.726
8.726
8.734
8.734
8.731
8.731
8.738
8.736
8.745
8.742
8.743
8.743
8.743
8.746
8.752
8.750
8.761
8.761
8.753
8.759
8.762
8.769
8.765
8.768
8.763
8.773
8.775
8.777
8.774
8.779
8.777
8.782
8.778
8.783
8.792
8.791
8.790
8.793
8.794
8.795
8.802
8.799
8.796
8.807
8.800
8.807
8.799
8.817
8.808
8.810
8.820
8.812
8.821
8.820
8.817
8.817
8.822
8.825
8.827
8.831
8.829
8.829
8.830
8.835
8.836
8.838
8.843
8.838
8.844
8.841
8.842
8.851
8.846
8.842
8.850
8.850
8.858
8.859
8.860
8.857
8.855
8.864
8.862
8.863
8.867
8.864
8.867
8.866
8.878
8.872
8.883
8.881
8.884
8.881
8.881
8.885
8.888
8.885
8.889
8.889
8.892
8.891
8.894
8.899
8.900
8.899
8.899
8.900
8.902
8.903
8.908
8.907
8.909
8.907
8.913
8.916
8.918
8.915
8.917
8.915
8.921
8.920
8.921
8.928
8.927
8.926
8.934
8.934
8.934
8.932
8.936
8.932
8.933
8.936
8.939
8.941
8.941
8.943
8.945
8.945
8.946
8.950
8.951
8.952
8.951
8.949
8.954
8.957
8.958
8.960
8.959
8.958
8.960
8.962
8.963
8.969
8.964
8.962
8.972
8.973
8.974
8.974
8.973
8.976
8.969
8.980
8.982
8.983
8.979
8.985
8.986
8.981
8.985
8.990
8.996
8.988
8.992
8.992
8.990
8.997
8.996
8.998
9.004
8.999
8.998
9.004
9.004
9.006
9.009
9.010
9.004
9.010
9.010
9.011
9.011
9.013
9.019
9.018
9.019
9.017
9.021
9.019
9.014
9.021
9.021
9.020
9.031
9.026
9.030
9.035
9.041
9.034
9.031
9.035
9.033
9.038
9.039
9.038
9.032
9.041
9.045
9.041
9.043
9.049
9.048
9.049
9.044
9.054
9.047
9.045
9.051
9.057
9.059
9.056
9.060
9.061
9.057
9.058
9.060
9.060
9.068
9.061
9.072
9.067
9.067
9.074
9.071
9.072
9.068
9.075
9.073
9.071
9.070
9.071
9.079
9.082
9.078
9.079
9.087
9.081
9.088
9.082
9.086
9.083
9.088
9.088
9.094
9.089
9.093
9.093
9.091
9.091
9.098
9.102
9.094
9.092
9.101
9.105
9.097
9.105
9.103
9.105
9.108
9.108
9.104
9.105
9.112
9.110
9.110
9.115
9.111
9.116
9.112
9.114
9.118
9.117
9.123
9.121
9.115
9.122
9.125
9.121
9.123
9.130
