-0.368 -0.380 -0.380 -0.386 -0.382 -0.387 -0.386 -0.384 -0.379 -0.366 -0.387 -0.322 -0.325 -0.339 -0.382 -0.379 -0.380 -0.369 -0.338 -0.355 -0.367 -0.352 -0.339 -0.320 -0.345 -0.354 -0.362 -0.354 -0.369 -0.367 -0.369 -0.383 -0.347 -0.372 -0.379 -0.370 -0.377 -0.347 -0.377 -0.365 -0.330 -0.362 -0.384 -0.384 -0.384 -0.375 -0.296 -0.198 -0.076 -0.083
-0.380 -0.393 -0.394 -0.401 -0.396 -0.401 -0.401 -0.398 -0.392 -0.378 -0.401 -0.327 -0.332 -0.347 -0.396 -0.392 -0.393 -0.381 -0.346 -0.366 -0.379 -0.361 -0.347 -0.325 -0.353 -0.365 -0.373 -0.364 -0.381 -0.378 -0.381 -0.397 -0.356 -0.384 -0.393 -0.382 -0.390 -0.356 -0.390 -0.377 -0.337 -0.373 -0.398 -0.398 -0.398 -0.387 -0.299 -0.191 -0.056 -0.063
-0.380 -0.394 -0.395 -0.402 -0.397 -0.402 -0.402 -0.399 -0.393 -0.378 -0.402 -0.327 -0.331 -0.347 -0.397 -0.393 -0.394 -0.381 -0.345 -0.366 -0.380 -0.361 -0.346 -0.325 -0.353 -0.365 -0.373 -0.364 -0.382 -0.379 -0.382 -0.398 -0.356 -0.384 -0.393 -0.382 -0.391 -0.356 -0.391 -0.377 -0.337 -0.374 -0.399 -0.399 -0.399 -0.388 -0.298 -0.188 -0.051 -0.058
-0.386 -0.401 -0.402 -0.410 -0.404 -0.410 -0.410 -0.406 -0.400 -0.384 -0.410 -0.329 -0.334 -0.351 -0.404 -0.400 -0.401 -0.387 -0.349 -0.371 -0.386 -0.366 -0.350 -0.327 -0.357 -0.370 -0.379 -0.369 -0.388 -0.385 -0.388 -0.405 -0.360 -0.391 -0.400 -0.389 -0.397 -0.361 -0.398 -0.383 -0.340 -0.379 -0.406 -0.407 -0.406 -0.395 -0.299 -0.183 -0.039 -0.046
-0.382 -0.396 -0.397 -0.404 -0.399 -0.405 -0.404 -0.401 -0.395 -0.380 -0.405 -0.327 -0.332 -0.348 -0.399 -0.395 -0.396 -0.383 -0.346 -0.368 -0.382 -0.363 -0.347 -0.325 -0.354 -0.366 -0.375 -0.366 -0.384 -0.381 -0.384 -0.400 -0.357 -0.386 -0.396 -0.384 -0.393 -0.358 -0.393 -0.379 -0.338 -0.375 -0.401 -0.401 -0.401 -0.390 -0.298 -0.186 -0.046 -0.054
-0.387 -0.401 -0.402 -0.410 -0.405 -0.411 -0.410 -0.407 -0.401 -0.385 -0.410 -0.330 -0.335 -0.351 -0.405 -0.401 -0.402 -0.388 -0.350 -0.372 -0.387 -0.367 -0.351 -0.328 -0.358 -0.371 -0.379 -0.370 -0.388 -0.386 -0.389 -0.406 -0.361 -0.391 -0.401 -0.389 -0.398 -0.362 -0.399 -0.383 -0.341 -0.380 -0.407 -0.407 -0.407 -0.395 -0.300 -0.184 -0.040 -0.047
-0.386 -0.401 -0.402 -0.410 -0.404 -0.410 -0.410 -0.406 -0.400 -0.384 -0.410 -0.330 -0.335 -0.351 -0.404 -0.400 -0.401 -0.387 -0.350 -0.372 -0.386 -0.367 -0.351 -0.328 -0.358 -0.370 -0.379 -0.370 -0.388 -0.385 -0.388 -0.405 -0.361 -0.391 -0.400 -0.389 -0.398 -0.362 -0.398 -0.383 -0.341 -0.380 -0.406 -0.407 -0.406 -0.395 -0.300 -0.185 -0.042 -0.049
-0.384 -0.398 -0.399 -0.406 -0.401 -0.407 -0.406 -0.403 -0.397 -0.382 -0.407 -0.329 -0.334 -0.349 -0.401 -0.397 -0.398 -0.385 -0.348 -0.369 -0.384 -0.365 -0.349 -0.327 -0.356 -0.368 -0.377 -0.367 -0.385 -0.383 -0.386 -0.402 -0.359 -0.388 -0.397 -0.386 -0.395 -0.360 -0.395 -0.381 -0.339 -0.377 -0.403 -0.403 -0.403 -0.392 -0.300 -0.187 -0.047 -0.054
-0.379 -0.392 -0.393 -0.400 -0.395 -0.401 -0.400 -0.397 -0.392 -0.377 -0.400 -0.328 -0.332 -0.347 -0.395 -0.392 -0.393 -0.380 -0.346 -0.366 -0.379 -0.361 -0.347 -0.326 -0.353 -0.364 -0.372 -0.364 -0.381 -0.378 -0.381 -0.396 -0.356 -0.383 -0.392 -0.381 -0.389 -0.356 -0.390 -0.376 -0.337 -0.373 -0.397 -0.397 -0.397 -0.387 -0.300 -0.194 -0.061 -0.068
-0.366 -0.378 -0.378 -0.384 -0.380 -0.385 -0.384 -0.382 -0.377 -0.365 -0.385 -0.321 -0.324 -0.337 -0.380 -0.377 -0.378 -0.367 -0.336 -0.354 -0.366 -0.350 -0.337 -0.319 -0.343 -0.353 -0.360 -0.352 -0.367 -0.365 -0.367 -0.381 -0.345 -0.370 -0.377 -0.368 -0.375 -0.346 -0.375 -0.363 -0.329 -0.360 -0.382 -0.382 -0.382 -0.373 -0.295 -0.199 -0.078 -0.085
-0.387 -0.401 -0.402 -0.410 -0.405 -0.410 -0.410 -0.407 -0.400 -0.385 -0.410 -0.330 -0.335 -0.351 -0.404 -0.401 -0.402 -0.388 -0.350 -0.372 -0.387 -0.367 -0.351 -0.328 -0.358 -0.371 -0.379 -0.370 -0.388 -0.386 -0.389 -0.406 -0.361 -0.391 -0.401 -0.389 -0.398 -0.362 -0.398 -0.383 -0.341 -0.380 -0.407 -0.407 -0.406 -0.395 -0.301 -0.186 -0.043 -0.050
-0.322 -0.327 -0.327 -0.329 -0.327 -0.330 -0.330 -0.329 -0.328 -0.321 -0.330 -0.296 -0.295 -0.304 -0.329 -0.326 -0.327 -0.322 -0.304 -0.313 -0.319 -0.311 -0.305 -0.294 -0.309 -0.313 -0.317 -0.313 -0.321 -0.320 -0.320 -0.327 -0.308 -0.323 -0.326 -0.322 -0.326 -0.309 -0.324 -0.319 -0.299 -0.317 -0.329 -0.329 -0.329 -0.324 -0.278 -0.212 -0.129 -0.137
-0.325 -0.332 -0.331 -0.334 -0.332 -0.335 -0.335 -0.334 -0.332 -0.324 -0.335 -0.295 -0.295 -0.305 -0.333 -0.330 -0.331 -0.325 -0.305 -0.315 -0.323 -0.313 -0.305 -0.293 -0.310 -0.315 -0.320 -0.315 -0.325 -0.323 -0.324 -0.332 -0.310 -0.326 -0.331 -0.326 -0.330 -0.311 -0.328 -0.322 -0.299 -0.320 -0.334 -0.334 -0.333 -0.328 -0.275 -0.203 -0.112 -0.120
-0.339 -0.347 -0.347 -0.351 -0.348 -0.351 -0.351 -0.349 -0.347 -0.337 -0.351 -0.304 -0.305 -0.316 -0.349 -0.346 -0.346 -0.339 -0.315 -0.328 -0.337 -0.325 -0.316 -0.302 -0.321 -0.328 -0.333 -0.327 -0.339 -0.337 -0.338 -0.348 -0.322 -0.341 -0.346 -0.340 -0.345 -0.323 -0.344 -0.336 -0.309 -0.333 -0.349 -0.350 -0.349 -0.343 -0.282 -0.202 -0.101 -0.109
-0.382 -0.396 -0.397 -0.404 -0.399 -0.405 -0.404 -0.401 -0.395 -0.380 -0.404 -0.329 -0.333 -0.349 -0.399 -0.395 -0.396 -0.383 -0.347 -0.368 -0.382 -0.363 -0.348 -0.327 -0.355 -0.367 -0.375 -0.366 -0.384 -0.381 -0.384 -0.400 -0.358 -0.386 -0.396 -0.385 -0.393 -0.359 -0.393 -0.379 -0.339 -0.376 -0.401 -0.401 -0.401 -0.390 -0.300 -0.190 -0.053 -0.060
-0.379 -0.392 -0.393 -0.400 -0.395 -0.401 -0.400 -0.397 -0.392 -0.377 -0.401 -0.326 -0.330 -0.346 -0.395 -0.392 -0.393 -0.380 -0.345 -0.365 -0.379 -0.360 -0.346 -0.324 -0.352 -0.364 -0.372 -0.363 -0.380 -0.378 -0.381 -0.396 -0.355 -0.383 -0.392 -0.381 -0.389 -0.356 -0.389 -0.376 -0.336 -0.372 -0.397 -0.397 -0.397 -0.387 -0.298 -0.189 -0.053 -0.061
-0.380 -0.393 -0.394 -0.401 -0.396 -0.402 -0.401 -0.398 -0.393 -0.378 -0.402 -0.327 -0.331 -0.346 -0.396 -0.393 -0.394 -0.381 -0.345 -0.366 -0.380 -0.361 -0.346 -0.325 -0.353 -0.364 -0.373 -0.364 -0.381 -0.379 -0.381 -0.397 -0.355 -0.384 -0.393 -0.382 -0.390 -0.356 -0.390 -0.377 -0.336 -0.373 -0.398 -0.399 -0.398 -0.388 -0.298 -0.189 -0.052 -0.059
-0.369 -0.381 -0.381 -0.387 -0.383 -0.388 -0.387 -0.385 -0.380 -0.367 -0.388 -0.322 -0.325 -0.339 -0.383 -0.380 -0.381 -0.370 -0.338 -0.356 -0.368 -0.352 -0.339 -0.320 -0.345 -0.355 -0.362 -0.354 -0.370 -0.367 -0.370 -0.384 -0.347 -0.372 -0.380 -0.371 -0.378 -0.348 -0.378 -0.366 -0.330 -0.363 -0.385 -0.385 -0.385 -0.375 -0.296 -0.196 -0.072 -0.079
-0.338 -0.346 -0.345 -0.349 -0.346 -0.350 -0.350 -0.348 -0.346 -0.336 -0.350 -0.304 -0.305 -0.315 -0.347 -0.345 -0.345 -0.338 -0.315 -0.327 -0.336 -0.325 -0.316 -0.302 -0.321 -0.327 -0.332 -0.327 -0.338 -0.336 -0.337 -0.347 -0.321 -0.340 -0.345 -0.339 -0.344 -0.322 -0.343 -0.335 -0.309 -0.332 -0.348 -0.348 -0.348 -0.342 -0.283 -0.204 -0.106 -0.113
-0.355 -0.366 -0.366 -0.371 -0.368 -0.372 -0.372 -0.369 -0.366 -0.354 -0.372 -0.313 -0.315 -0.328 -0.368 -0.365 -0.366 -0.356 -0.327 -0.344 -0.354 -0.340 -0.328 -0.311 -0.334 -0.343 -0.349 -0.342 -0.356 -0.354 -0.356 -0.368 -0.335 -0.358 -0.365 -0.357 -0.364 -0.336 -0.363 -0.353 -0.320 -0.350 -0.369 -0.370 -0.369 -0.361 -0.289 -0.196 -0.081 -0.088
-0.367 -0.379 -0.380 -0.386 -0.382 -0.387 -0.386 -0.384 -0.379 -0.366 -0.387 -0.319 -0.323 -0.337 -0.382 -0.379 -0.380 -0.368 -0.336 -0.354 -0.367 -0.350 -0.337 -0.317 -0.343 -0.353 -0.361 -0.353 -0.368 -0.366 -0.368 -0.383 -0.345 -0.371 -0.379 -0.369 -0.377 -0.346 -0.376 -0.364 -0.328 -0.361 -0.384 -0.384 -0.384 -0.374 -0.293 -0.191 -0.064 -0.071
-0.352 -0.361 -0.361 -0.366 -0.363 -0.367 -0.367 -0.365 -0.361 -0.350 -0.367 -0.311 -0.313 -0.325 -0.363 -0.360 -0.361 -0.352 -0.325 -0.340 -0.350 -0.337 -0.326 -0.309 -0.331 -0.339 -0.346 -0.339 -0.352 -0.350 -0.352 -0.363 -0.332 -0.354 -0.361 -0.353 -0.359 -0.333 -0.358 -0.349 -0.318 -0.346 -0.365 -0.365 -0.364 -0.357 -0.287 -0.198 -0.087 -0.094
-0.339 -0.347 -0.346 -0.350 -0.347 -0.351 -0.351 -0.349 -0.347 -0.337 -0.351 -0.305 -0.305 -0.316 -0.348 -0.346 -0.346 -0.339 -0.316 -0.328 -0.337 -0.326 -0.317 -0.303 -0.321 -0.328 -0.333 -0.328 -0.339 -0.337 -0.338 -0.348 -0.322 -0.341 -0.346 -0.340 -0.345 -0.323 -0.344 -0.336 -0.309 -0.333 -0.349 -0.349 -0.349 -0.343 -0.283 -0.205 -0.106 -0.113
-0.320 -0.325 -0.325 -0.327 -0.325 -0.328 -0.328 -0.327 -0.326 -0.319 -0.328 -0.294 -0.293 -0.302 -0.327 -0.324 -0.325 -0.320 -0.302 -0.311 -0.317 -0.309 -0.303 -0.292 -0.307 -0.311 -0.315 -0.311 -0.319 -0.318 -0.318 -0.325 -0.306 -0.321 -0.324 -0.320 -0.324 -0.307 -0.322 -0.317 -0.297 -0.315 -0.327 -0.327 -0.327 -0.322 -0.276 -0.210 -0.127 -0.135
-0.345 -0.353 -0.353 -0.357 -0.354 -0.358 -0.358 -0.356 -0.353 -0.343 -0.358 -0.309 -0.310 -0.321 -0.355 -0.352 -0.353 -0.345 -0.321 -0.334 -0.343 -0.331 -0.321 -0.307 -0.326 -0.333 -0.339 -0.333 -0.345 -0.343 -0.344 -0.354 -0.327 -0.347 -0.352 -0.346 -0.351 -0.328 -0.350 -0.342 -0.314 -0.339 -0.356 -0.356 -0.356 -0.349 -0.287 -0.206 -0.104 -0.112
-0.354 -0.365 -0.365 -0.370 -0.366 -0.371 -0.370 -0.368 -0.364 -0.353 -0.371 -0.313 -0.315 -0.328 -0.367 -0.364 -0.364 -0.355 -0.327 -0.343 -0.353 -0.339 -0.328 -0.311 -0.333 -0.342 -0.349 -0.341 -0.355 -0.353 -0.355 -0.367 -0.335 -0.357 -0.364 -0.356 -0.362 -0.336 -0.362 -0.352 -0.320 -0.349 -0.368 -0.368 -0.368 -0.360 -0.289 -0.198 -0.084 -0.092
-0.362 -0.373 -0.373 -0.379 -0.375 -0.379 -0.379 -0.377 -0.372 -0.360 -0.379 -0.317 -0.320 -0.333 -0.375 -0.372 -0.373 -0.362 -0.332 -0.349 -0.361 -0.346 -0.333 -0.315 -0.339 -0.349 -0.356 -0.348 -0.363 -0.360 -0.362 -0.375 -0.341 -0.365 -0.372 -0.363 -0.370 -0.342 -0.370 -0.359 -0.325 -0.356 -0.377 -0.377 -0.376 -0.368 -0.292 -0.197 -0.078 -0.085
-0.354 -0.364 -0.364 -0.369 -0.366 -0.370 -0.370 -0.367 -0.364 -0.352 -0.370 -0.313 -0.315 -0.327 -0.366 -0.363 -0.364 -0.354 -0.327 -0.342 -0.353 -0.339 -0.328 -0.311 -0.333 -0.341 -0.348 -0.341 -0.355 -0.352 -0.354 -0.366 -0.334 -0.357 -0.363 -0.355 -0.362 -0.335 -0.361 -0.351 -0.320 -0.348 -0.367 -0.368 -0.367 -0.359 -0.289 -0.199 -0.087 -0.094
-0.369 -0.381 -0.382 -0.388 -0.384 -0.388 -0.388 -0.385 -0.381 -0.367 -0.388 -0.321 -0.325 -0.339 -0.384 -0.380 -0.381 -0.370 -0.338 -0.356 -0.368 -0.352 -0.339 -0.319 -0.345 -0.355 -0.363 -0.355 -0.370 -0.368 -0.370 -0.384 -0.347 -0.373 -0.381 -0.371 -0.378 -0.348 -0.378 -0.366 -0.330 -0.363 -0.386 -0.386 -0.385 -0.376 -0.295 -0.194 -0.068 -0.076
-0.367 -0.378 -0.379 -0.385 -0.381 -0.386 -0.385 -0.383 -0.378 -0.365 -0.386 -0.320 -0.323 -0.337 -0.381 -0.378 -0.379 -0.367 -0.336 -0.354 -0.366 -0.350 -0.337 -0.318 -0.343 -0.353 -0.360 -0.352 -0.368 -0.365 -0.368 -0.382 -0.345 -0.370 -0.378 -0.369 -0.376 -0.346 -0.376 -0.364 -0.328 -0.361 -0.383 -0.383 -0.382 -0.373 -0.293 -0.194 -0.069 -0.076
-0.369 -0.381 -0.382 -0.388 -0.384 -0.389 -0.388 -0.386 -0.381 -0.367 -0.389 -0.320 -0.324 -0.338 -0.384 -0.381 -0.381 -0.370 -0.337 -0.356 -0.368 -0.352 -0.338 -0.318 -0.344 -0.355 -0.362 -0.354 -0.370 -0.368 -0.370 -0.385 -0.346 -0.373 -0.381 -0.371 -0.379 -0.347 -0.378 -0.366 -0.329 -0.363 -0.386 -0.386 -0.386 -0.376 -0.294 -0.191 -0.063 -0.071
-0.383 -0.397 -0.398 -0.405 -0.400 -0.406 -0.405 -0.402 -0.396 -0.381 -0.406 -0.327 -0.332 -0.348 -0.400 -0.396 -0.397 -0.384 -0.347 -0.368 -0.383 -0.363 -0.348 -0.325 -0.354 -0.367 -0.375 -0.366 -0.384 -0.382 -0.385 -0.401 -0.357 -0.387 -0.396 -0.385 -0.394 -0.358 -0.394 -0.380 -0.338 -0.376 -0.402 -0.402 -0.402 -0.391 -0.298 -0.185 -0.043 -0.050
-0.347 -0.356 -0.356 -0.360 -0.357 -0.361 -0.361 -0.359 -0.356 -0.345 -0.361 -0.308 -0.310 -0.322 -0.358 -0.355 -0.355 -0.347 -0.321 -0.335 -0.345 -0.332 -0.322 -0.306 -0.327 -0.335 -0.341 -0.334 -0.347 -0.345 -0.346 -0.357 -0.328 -0.349 -0.355 -0.348 -0.354 -0.329 -0.353 -0.344 -0.314 -0.341 -0.359 -0.359 -0.358 -0.351 -0.285 -0.200 -0.093 -0.101
-0.372 -0.384 -0.384 -0.391 -0.386 -0.391 -0.391 -0.388 -0.383 -0.370 -0.391 -0.323 -0.326 -0.341 -0.386 -0.383 -0.384 -0.372 -0.340 -0.358 -0.371 -0.354 -0.341 -0.321 -0.347 -0.357 -0.365 -0.357 -0.373 -0.370 -0.373 -0.387 -0.349 -0.375 -0.383 -0.373 -0.381 -0.350 -0.381 -0.368 -0.332 -0.365 -0.388 -0.388 -0.388 -0.378 -0.296 -0.194 -0.066 -0.074
-0.379 -0.393 -0.393 -0.400 -0.396 -0.401 -0.400 -0.397 -0.392 -0.377 -0.401 -0.326 -0.331 -0.346 -0.396 -0.392 -0.393 -0.380 -0.345 -0.365 -0.379 -0.361 -0.346 -0.324 -0.352 -0.364 -0.372 -0.363 -0.381 -0.378 -0.381 -0.396 -0.355 -0.383 -0.392 -0.381 -0.389 -0.356 -0.390 -0.376 -0.336 -0.373 -0.398 -0.398 -0.397 -0.387 -0.298 -0.189 -0.053 -0.061
-0.370 -0.382 -0.382 -0.389 -0.384 -0.389 -0.389 -0.386 -0.381 -0.368 -0.389 -0.322 -0.326 -0.340 -0.385 -0.381 -0.382 -0.371 -0.339 -0.357 -0.369 -0.353 -0.340 -0.320 -0.346 -0.356 -0.363 -0.355 -0.371 -0.369 -0.371 -0.385 -0.348 -0.373 -0.381 -0.372 -0.379 -0.349 -0.379 -0.367 -0.331 -0.364 -0.386 -0.386 -0.386 -0.377 -0.296 -0.196 -0.070 -0.078
-0.377 -0.390 -0.391 -0.397 -0.393 -0.398 -0.398 -0.395 -0.389 -0.375 -0.398 -0.326 -0.330 -0.345 -0.393 -0.389 -0.390 -0.378 -0.344 -0.364 -0.377 -0.359 -0.345 -0.324 -0.351 -0.362 -0.370 -0.362 -0.378 -0.376 -0.379 -0.394 -0.354 -0.381 -0.389 -0.379 -0.387 -0.355 -0.387 -0.374 -0.336 -0.371 -0.395 -0.395 -0.394 -0.384 -0.299 -0.194 -0.063 -0.070
-0.347 -0.356 -0.356 -0.361 -0.358 -0.362 -0.362 -0.360 -0.356 -0.346 -0.362 -0.309 -0.311 -0.323 -0.359 -0.356 -0.356 -0.348 -0.322 -0.336 -0.346 -0.333 -0.323 -0.307 -0.328 -0.336 -0.342 -0.335 -0.348 -0.346 -0.347 -0.358 -0.329 -0.350 -0.356 -0.349 -0.355 -0.330 -0.353 -0.345 -0.315 -0.342 -0.360 -0.360 -0.359 -0.352 -0.286 -0.202 -0.095 -0.102
-0.377 -0.390 -0.391 -0.398 -0.393 -0.399 -0.398 -0.395 -0.390 -0.375 -0.398 -0.324 -0.328 -0.344 -0.393 -0.389 -0.390 -0.378 -0.343 -0.363 -0.376 -0.358 -0.344 -0.322 -0.350 -0.362 -0.370 -0.361 -0.378 -0.376 -0.378 -0.394 -0.353 -0.381 -0.390 -0.379 -0.387 -0.353 -0.387 -0.374 -0.334 -0.370 -0.395 -0.395 -0.395 -0.384 -0.296 -0.187 -0.051 -0.059
-0.365 -0.377 -0.377 -0.383 -0.379 -0.383 -0.383 -0.381 -0.376 -0.363 -0.383 -0.319 -0.322 -0.336 -0.379 -0.376 -0.377 -0.366 -0.335 -0.353 -0.364 -0.349 -0.336 -0.317 -0.342 -0.352 -0.359 -0.351 -0.366 -0.364 -0.366 -0.380 -0.344 -0.368 -0.376 -0.367 -0.374 -0.345 -0.374 -0.362 -0.327 -0.359 -0.381 -0.381 -0.380 -0.371 -0.294 -0.196 -0.075 -0.082
-0.330 -0.337 -0.337 -0.340 -0.338 -0.341 -0.341 -0.339 -0.337 -0.329 -0.341 -0.299 -0.299 -0.309 -0.339 -0.336 -0.336 -0.330 -0.309 -0.320 -0.328 -0.318 -0.309 -0.297 -0.314 -0.320 -0.325 -0.320 -0.330 -0.328 -0.329 -0.338 -0.314 -0.332 -0.336 -0.331 -0.336 -0.315 -0.334 -0.327 -0.303 -0.325 -0.339 -0.339 -0.339 -0.333 -0.278 -0.204 -0.110 -0.118
-0.362 -0.373 -0.374 -0.379 -0.375 -0.380 -0.380 -0.377 -0.373 -0.360 -0.380 -0.317 -0.320 -0.333 -0.376 -0.372 -0.373 -0.363 -0.332 -0.350 -0.361 -0.346 -0.333 -0.315 -0.339 -0.349 -0.356 -0.348 -0.363 -0.361 -0.363 -0.376 -0.341 -0.365 -0.373 -0.364 -0.371 -0.342 -0.370 -0.359 -0.325 -0.356 -0.377 -0.377 -0.377 -0.368 -0.292 -0.196 -0.075 -0.083
-0.384 -0.398 -0.399 -0.406 -0.401 -0.407 -0.406 -0.403 -0.397 -0.382 -0.407 -0.329 -0.334 -0.349 -0.401 -0.397 -0.398 -0.385 -0.348 -0.369 -0.384 -0.365 -0.349 -0.327 -0.356 -0.368 -0.377 -0.367 -0.386 -0.383 -0.386 -0.402 -0.359 -0.388 -0.398 -0.386 -0.395 -0.360 -0.395 -0.381 -0.339 -0.377 -0.403 -0.403 -0.403 -0.392 -0.300 -0.187 -0.047 -0.054
-0.384 -0.398 -0.399 -0.407 -0.401 -0.407 -0.407 -0.403 -0.397 -0.382 -0.407 -0.329 -0.334 -0.350 -0.401 -0.397 -0.399 -0.385 -0.348 -0.370 -0.384 -0.365 -0.349 -0.327 -0.356 -0.368 -0.377 -0.368 -0.386 -0.383 -0.386 -0.402 -0.359 -0.388 -0.398 -0.386 -0.395 -0.360 -0.395 -0.381 -0.339 -0.377 -0.403 -0.404 -0.403 -0.392 -0.300 -0.188 -0.047 -0.055
-0.384 -0.398 -0.399 -0.406 -0.401 -0.407 -0.406 -0.403 -0.397 -0.382 -0.406 -0.329 -0.333 -0.349 -0.401 -0.397 -0.398 -0.385 -0.348 -0.369 -0.384 -0.364 -0.349 -0.327 -0.356 -0.368 -0.376 -0.367 -0.385 -0.382 -0.386 -0.402 -0.358 -0.388 -0.397 -0.386 -0.394 -0.359 -0.395 -0.380 -0.339 -0.377 -0.403 -0.403 -0.403 -0.392 -0.300 -0.187 -0.047 -0.054
-0.375 -0.387 -0.388 -0.395 -0.390 -0.395 -0.395 -0.392 -0.387 -0.373 -0.395 -0.324 -0.328 -0.343 -0.390 -0.387 -0.388 -0.375 -0.342 -0.361 -0.374 -0.357 -0.343 -0.322 -0.349 -0.360 -0.368 -0.359 -0.376 -0.373 -0.376 -0.391 -0.351 -0.378 -0.387 -0.377 -0.384 -0.352 -0.384 -0.371 -0.333 -0.368 -0.392 -0.392 -0.392 -0.382 -0.297 -0.192 -0.061 -0.068
-0.296 -0.299 -0.298 -0.299 -0.298 -0.300 -0.300 -0.300 -0.300 -0.295 -0.301 -0.278 -0.275 -0.282 -0.300 -0.298 -0.298 -0.296 -0.283 -0.289 -0.293 -0.287 -0.283 -0.276 -0.287 -0.289 -0.292 -0.289 -0.295 -0.293 -0.294 -0.298 -0.285 -0.296 -0.298 -0.296 -0.299 -0.286 -0.296 -0.294 -0.278 -0.292 -0.300 -0.300 -0.300 -0.297 -0.262 -0.207 -0.137 -0.146
-0.198 -0.191 -0.188 -0.183 -0.186 -0.184 -0.185 -0.187 -0.194 -0.199 -0.186 -0.212 -0.203 -0.202 -0.190 -0.189 -0.189 -0.196 -0.204 -0.196 -0.191 -0.198 -0.205 -0.210 -0.206 -0.198 -0.197 -0.199 -0.194 -0.194 -0.191 -0.185 -0.200 -0.194 -0.189 -0.196 -0.194 -0.202 -0.187 -0.196 -0.204 -0.196 -0.187 -0.188 -0.187 -0.192 -0.207 -0.203 -0.192 -0.203
-0.076 -0.056 -0.051 -0.039 -0.046 -0.040 -0.042 -0.047 -0.061 -0.078 -0.043 -0.129 -0.112 -0.101 -0.053 -0.053 -0.052 -0.072 -0.106 -0.081 -0.064 -0.087 -0.106 -0.127 -0.104 -0.084 -0.078 -0.087 -0.068 -0.069 -0.063 -0.043 -0.093 -0.066 -0.053 -0.070 -0.063 -0.095 -0.051 -0.075 -0.110 -0.075 -0.047 -0.047 -0.047 -0.061 -0.137 -0.192 -0.253 -0.266
-0.083 -0.063 -0.058 -0.046 -0.054 -0.047 -0.049 -0.054 -0.068 -0.085 -0.050 -0.137 -0.120 -0.109 -0.060 -0.061 -0.059 -0.079 -0.113 -0.088 -0.071 -0.094 -0.113 -0.135 -0.112 -0.092 -0.085 -0.094 -0.076 -0.076 -0.071 -0.050 -0.101 -0.074 -0.061 -0.078 -0.070 -0.102 -0.059 -0.082 -0.118 -0.083 -0.054 -0.055 -0.054 -0.068 -0.146 -0.203 -0.266 -0.279
