1.449
1.463
1.486
1.506
1.517
1.538
1.562
1.572
1.605
1.620
1.639
1.660
1.688
1.712
1.723
1.750
1.776
1.797
1.816
1.836
1.858
1.886
1.907
1.933
1.949
1.969
1.984
2.010
2.039
2.066
2.087
2.110
2.138
2.156
2.178
2.197
2.228
2.242
2.267
2.292
2.320
2.338
2.367
2.386
2.415
2.436
2.456
2.479
2.511
2.524
2.551
2.572
2.598
2.619
2.648
2.663
2.684
2.710
2.730
2.762
2.784
2.802
2.815
2.846
2.870
2.896
2.910
2.923
2.952
2.973
2.996
3.010
3.037
3.053
3.079
3.103
3.122
3.141
3.159
3.182
3.197
3.221
3.233
3.261
3.283
3.290
3.321
3.325
3.345
3.365
3.385
3.401
3.413
3.434
3.453
3.473
3.490
3.499
3.520
3.534
3.553
3.572
3.582
3.603
3.614
3.628
3.641
3.653
3.675
3.683
3.693
3.706
3.728
3.742
3.743
3.762
3.770
3.792
3.802
3.812
3.820
3.837
3.840
3.864
3.881
3.889
3.891
3.903
3.914
3.935
3.931
3.946
3.959
3.975
3.977
3.982
3.994
4.007
4.017
4.012
4.028
4.044
4.057
4.056
4.070
4.071
4.084
4.090
4.096
4.112
4.110
4.120
4.128
4.139
4.137
4.151
4.150
4.164
4.174
4.177
4.184
4.192
4.192
4.202
4.207
4.210
4.219
4.234
4.233
4.234
4.255
4.255
4.249
4.263
4.266
4.262
4.273
4.282
4.289
4.277
4.282
4.302
4.302
4.310
4.312
4.316
4.327
4.332
4.321
4.332
4.333
4.343
4.347
4.339
4.355
4.354
4.358
4.360
4.362
4.366
4.374
4.375
4.378
4.379
4.383
4.391
4.390
4.394
4.387
4.396
4.400
4.404
4.406
4.418
4.416
4.425
4.417
4.417
4.434
4.428
4.423
4.428
4.434
4.426
4.430
4.442
4.436
4.439
4.449
4.453
4.447
4.443
4.453
4.457
4.463
4.460
4.460
4.469
4.466
4.467
4.471
4.470
4.476
4.472
4.468
4.472
4.469
4.482
4.490
4.485
4.483
4.483
4.483
4.490
4.499
4.486
4.489
4.500
4.496
4.486
4.495
4.496
4.498
4.501
4.501
4.502
4.506
4.509
4.509
4.511
4.509
4.503
4.511
4.502
4.508
4.514
4.515
4.509
4.510
4.509
4.520
4.508
4.518
4.519
4.518
4.519
4.520
4.523
4.518
4.521
4.519
4.521
4.522
4.520
4.519
4.526
4.530
4.527
4.532
4.524
4.530
4.527
4.526
4.521
4.527
4.523
4.539
4.531
4.537
4.532
4.520
4.535
4.524
4.535
4.531
4.529
4.539
4.530
4.531
4.544
4.535
4.535
4.539
4.535
4.536
4.536
4.540
4.539
4.543
4.535
4.530
4.542
4.541
4.538
4.543
4.538
4.537
4.540
4.537
4.544
4.540
4.544
4.540
4.538
4.542
4.535
4.544
4.546
4.547
4.541
4.540
4.536
4.545
4.537
4.545
4.541
4.542
4.538
4.546
4.543
4.546
4.541
4.546
4.541
4.536
4.542
4.548
4.547
4.532
4.542
4.545
4.546
4.550
4.549
4.549
4.548
4.545
4.549
4.554
4.545
4.544
4.542
4.549
4.545
4.545
4.544
4.550
4.546
4.545
4.545
4.550
4.538
4.545
4.538
4.548
4.537
4.549
4.541
4.538
4.549
4.544
4.551
4.547
4.543
4.542
4.542
4.549
4.547
4.542
4.537
4.539
4.543
4.538
4.541
4.542
4.539
4.538
4.538
4.542
4.541
4.547
4.547
4.549
4.548
4.548
4.542
4.544
4.551
4.543
4.545
4.541
4.544
4.558
4.536
4.538
4.545
4.545
4.546
4.543
4.539
4.539
4.540
4.538
4.537
4.539
4.527
4.539
4.538
4.537
4.545
4.536
4.537
4.543
4.537
4.549
4.538
4.541
4.540
4.542
4.536
4.538
4.537
4.542
4.540
4.542
4.538
4.539
4.531
4.531
4.540
4.536
4.539
4.535
4.533
4.541
4.545
4.538
4.538
4.542
4.536
4.533
4.540
4.544
4.532
4.534
4.535
4.539
4.543
4.531
4.536
4.536
4.531
4.536
4.535
4.537
4.548
4.542
4.534
4.527
4.540
4.545
4.540
4.533
4.531
4.535
4.538
4.537
4.539
4.536
4.536
4.534
4.541
4.528
4.539
4.523
4.532
4.529
4.529
4.533
4.539
4.533
4.534
4.536
4.541
4.530
4.530
4.537
4.539
4.536
4.531
4.540
4.531
4.527
4.531
4.532
4.529
4.533
4.533
4.528
4.529
4.529
4.538
4.529
4.530
4.540
4.530
4.529
4.536
4.534
4.532
4.534
4.527
4.532
4.535
4.526
4.537
4.538
4.537
4.538
4.521
4.521
4.533
4.526
4.532
4.526
4.526
4.531
4.531
4.520
4.529
4.530
4.524
4.537
4.535
4.531
4.538
4.531
4.535
4.537
4.526
4.528
4.529
4.537
4.525
4.525
4.526
4.526
4.524
4.529
4.518
4.537
4.521
4.527
4.521
4.530
4.524
4.536
4.541
4.523
4.532
4.524
4.527
4.535
4.535
4.527
4.536
4.529
4.531
4.525
4.532
4.526
4.527
4.532
4.525
4.527
4.522
4.522
4.530
4.527
4.524
4.523
4.529
4.533
4.525
4.520
4.525
4.523
4.535
4.526
4.524
4.521
4.525
4.529
4.525
4.529
4.529
4.526
4.524
4.530
4.530
4.520
4.520
4.531
4.535
4.532
4.536
4.523
4.535
4.530
4.529
4.527
4.518
4.528
4.526
4.518
4.524
4.531
4.524
4.520
4.526
4.533
4.524
4.523
4.534
4.535
4.529
4.522
4.526
4.521
4.531
4.520
4.526
4.522
4.534
4.525
4.530
4.530
4.519
4.526
4.523
4.521
4.530
4.525
4.532
4.521
4.536
4.524
4.525
4.526
4.527
4.524
4.522
4.517
4.531
4.526
4.520
4.530
4.531
4.524
4.529
4.515
4.529
4.524
4.524
4.526
4.528
4.526
4.533
4.524
4.526
4.521
4.523
4.525
4.528
4.525
4.523
4.527
4.520
4.528
4.523
4.516
4.516
4.532
4.524
4.524
4.525
4.516
4.517
4.519
4.520
4.522
4.526
4.529
4.518
4.531
4.522
4.512
4.530
4.522
4.524
4.527
4.526
4.523
4.516
4.524
4.527
4.531
4.530
4.522
4.517
4.524
4.518
4.526
4.522
4.530
4.517
4.518
4.523
4.526
4.530
4.530
4.515
4.521
4.522
4.509
4.522
4.519
4.534
4.522
4.523
4.520
4.526
4.520
4.526
4.517
4.524
4.516
4.521
4.525
4.529
4.524
4.516
4.517
4.528
4.520
4.520
4.523
4.529
4.520
4.519
4.526
4.527
4.523
4.524
4.518
4.522
4.524
4.521
4.518
4.521
4.524
4.524
4.525
4.525
4.517
4.527
4.521
4.533
4.530
4.522
4.531
4.527
4.525
4.518
4.529
4.522
4.532
4.523
4.522
4.525
4.524
4.519
4.524
4.526
4.523
4.523
4.519
4.524
4.527
4.524
4.528
4.517
4.523
4.530
4.527
4.527
4.533
4.517
4.527
4.524
4.532
4.527
4.515
4.527
4.525
4.524
4.520
4.524
4.519
4.512
4.528
4.528
4.531
4.531
4.523
4.530
4.519
4.526
4.524
4.533
4.521
4.527
4.526
4.527
4.520
4.520
4.527
4.525
4.525
4.527
4.523
4.518
4.521
4.520
4.521
4.520
4.523
4.517
4.529
4.520
4.523
4.526
4.522
4.508
4.516
4.529
4.525
4.520
4.524
4.530
4.528
4.518
4.518
4.525
4.530
4.528
4.520
4.524
4.522
4.534
4.535
4.530
4.528
4.527
4.521
4.526
4.524
4.519
4.522
4.523
4.520
4.524
4.514
4.527
4.525
4.517
4.531
4.531
4.524
4.531
4.525
4.525
4.529
4.524
4.521
4.524
4.520
4.519
4.527
4.529
4.518
4.527
4.523
4.524
4.527
4.528
4.527
4.530
4.520
4.529
4.524
4.519
4.516
4.521
4.524
4.521
4.527
4.529
4.525
4.522
4.526
4.521
4.527
4.526
4.525
4.527
4.529
4.520
4.525
4.519
4.525
4.521
4.528
4.528
4.519
4.531
4.520
4.528
4.524
4.519
4.523
4.528
4.519
4.522
4.529
4.526
4.525
4.529
4.530
4.524
4.532
4.527
4.525
4.526
4.519
4.521
4.522
4.528
4.523
4.529
4.519
4.524
4.519
4.519
4.527
4.524
4.522
4.528
4.527
4.521
4.530
4.525
4.524
4.527
4.524
4.526
4.525
4.525
4.528
4.523
4.525
4.525
4.524
4.526
4.521
4.522
4.529
4.531
4.521
4.524
4.532
4.525
4.529
4.528
