2.522
2.548
2.569
2.597
2.623
2.653
2.681
2.701
2.736
2.760
2.785
2.811
2.845
2.873
2.897
2.927
2.954
2.991
3.018
3.048
3.078
3.104
3.136
3.169
3.197
3.228
3.257
3.290
3.320
3.359
3.384
3.418
3.450
3.478
3.504
3.539
3.574
3.606
3.638
3.664
3.698
3.730
3.763
3.792
3.821
3.853
3.886
3.917
3.949
3.978
4.005
4.035
4.063
4.096
4.127
4.154
4.181
4.219
4.247
4.273
4.307
4.328
4.355
4.385
4.409
4.437
4.464
4.489
4.522
4.545
4.573
4.602
4.618
4.651
4.676
4.701
4.725
4.747
4.770
4.798
4.818
4.835
4.864
4.884
4.908
4.924
4.951
4.967
4.988
5.011
5.034
5.054
5.071
5.094
5.108
5.126
5.150
5.165
5.187
5.202
5.214
5.235
5.252
5.268
5.282
5.305
5.322
5.338
5.355
5.367
5.382
5.401
5.415
5.429
5.445
5.459
5.467
5.484
5.494
5.512
5.524
5.540
5.547
5.564
5.583
5.589
5.600
5.611
5.624
5.641
5.652
5.663
5.675
5.689
5.701
5.709
5.721
5.732
5.740
5.747
5.757
5.770
5.779
5.793
5.803
5.808
5.820
5.833
5.837
5.849
5.864
5.866
5.873
5.887
5.895
5.905
5.913
5.914
5.925
5.939
5.947
5.952
5.965
5.967
5.976
5.982
5.994
5.998
6.001
6.013
6.022
6.029
6.035
6.047
6.054
6.055
6.061
6.070
6.079
6.087
6.091
6.098
6.100
6.105
6.115
6.124
6.130
6.137
6.138
6.147
6.154
6.159
6.164
6.174
6.179
6.189
6.185
6.193
6.204
6.206
6.212
6.216
6.217
6.225
6.232
6.235
6.240
6.243
6.257
6.259
6.259
6.268
6.272
6.277
6.278
6.291
6.293
6.294
6.301
6.306
6.306
6.316
6.319
6.329
6.331
6.333
6.333
6.340
6.347
6.354
6.353
6.357
6.359
6.370
6.370
6.373
6.385
6.386
6.386
6.388
6.395
6.395
6.404
6.405
6.412
6.417
6.416
6.422
6.431
6.427
6.435
6.431
6.442
6.438
6.446
6.453
6.454
6.458
6.462
6.466
6.465
6.468
6.469
6.474
6.476
6.489
6.484
6.488
6.491
6.498
6.497
6.503
6.506
6.509
6.513
6.510
6.519
6.516
6.526
6.530
6.531
6.531
6.536
6.541
6.543
6.547
6.546
6.549
6.551
6.553
6.557
6.563
6.558
6.564
6.569
6.568
6.575
6.576
6.580
6.580
6.581
6.587
6.588
6.588
6.592
6.591
6.601
6.600
6.604
6.610
6.608
6.606
6.612
6.617
6.613
6.623
6.625
6.624
6.625
6.631
6.629
6.635
6.637
6.640
6.641
6.635
6.639
6.652
6.650
6.648
6.654
6.657
6.658
6.659
6.662
6.665
6.661
6.666
6.664
6.669
6.674
6.675
6.673
6.676
6.681
6.682
6.680
6.691
6.689
6.687
6.690
6.689
6.700
6.697
6.700
6.695
6.701
6.703
6.709
6.708
6.710
6.708
6.713
6.713
6.714
6.713
6.720
6.724
6.724
6.727
6.727
6.730
6.733
6.730
6.736
6.732
6.733
6.732
6.736
6.739
6.739
6.739
6.745
6.746
6.747
6.750
6.752
6.755
6.756
6.754
6.757
6.753
6.761
6.758
6.766
6.767
6.765
6.768
6.769
6.768
6.767
6.774
6.771
6.774
6.779
6.774
6.779
6.780
6.778
6.781
6.784
6.788
6.782
6.789
6.785
6.791
6.798
6.792
6.797
6.795
6.798
6.803
6.795
6.799
6.805
6.798
6.804
6.808
6.808
6.810
6.812
6.811
6.811
6.810
6.812
6.817
6.815
6.818
6.817
6.816
6.819
6.817
6.819
6.822
6.820
6.825
6.825
6.827
6.827
6.829
6.829
6.835
6.834
6.831
6.837
6.836
6.838
6.836
6.845
6.842
6.840
6.842
6.841
6.841
6.847
6.847
6.848
6.847
6.846
6.851
6.850
6.853
6.855
6.856
6.851
6.860
6.854
6.856
6.860
6.858
6.861
6.857
6.864
6.862
6.863
6.869
6.868
6.868
6.869
6.870
6.865
6.870
6.873
6.870
6.878
6.875
6.879
6.875
6.877
6.877
6.879
6.876
6.879
6.884
6.881
6.883
6.880
6.882
6.886
6.885
6.886
6.887
6.890
6.889
6.885
6.889
6.892
6.889
6.891
6.895
6.894
6.892
6.895
6.897
6.902
6.894
6.900
6.900
6.901
6.899
6.900
6.903
6.905
6.901
6.901
6.903
6.907
6.906
6.908
6.900
6.909
6.909
6.906
6.914
6.912
6.910
6.907
6.913
6.913
6.913
6.917
6.915
6.917
6.917
6.918
6.922
6.915
6.923
6.919
6.921
6.918
6.926
6.928
6.926
6.924
6.925
6.922
6.923
6.924
6.927
6.927
6.926
6.930
6.926
6.934
6.933
6.932
6.935
6.935
6.931
6.925
6.938
6.935
6.934
6.936
6.935
6.941
6.934
6.936
6.936
6.938
6.934
6.940
6.936
6.938
6.942
6.943
6.946
6.942
6.945
6.941
6.947
6.946
6.945
6.944
6.948
6.946
6.947
6.954
6.950
6.955
6.950
6.954
6.949
6.953
6.951
6.953
6.955
6.951
6.951
6.951
6.958
6.958
6.955
6.953
6.961
6.954
6.962
6.961
6.957
6.956
6.957
6.956
6.958
6.962
6.960
6.963
6.963
6.965
6.958
6.964
6.964
6.968
6.968
6.964
6.971
6.963
6.970
6.965
6.970
6.962
6.971
6.970
6.970
6.969
6.970
6.969
6.966
6.976
6.971
6.973
6.975
6.976
6.978
6.972
6.972
6.974
6.979
6.975
6.977
6.974
6.976
6.975
6.982
6.978
6.982
6.978
6.976
6.983
6.978
6.984
6.977
6.984
6.984
6.986
6.984
6.982
6.985
6.988
6.981
6.986
6.985
6.987
6.985
6.990
6.986
6.985
6.989
6.981
6.992
6.988
6.990
6.986
6.992
6.991
6.985
6.995
6.992
6.995
6.991
6.992
6.995
6.995
6.998
6.995
6.991
6.994
6.996
6.996
6.994
6.993
6.995
6.999
7.001
6.994
6.993
6.994
6.995
6.997
7.002
6.996
7.004
7.000
6.996
7.005
7.000
6.998
7.006
7.003
7.003
6.998
7.000
7.005
7.001
7.009
7.006
7.000
7.002
7.001
7.004
7.007
7.008
7.006
7.002
7.008
7.010
7.004
7.009
7.008
7.009
7.008
7.005
7.012
7.008
7.012
7.009
7.012
7.014
7.013
7.007
7.010
7.013
7.016
7.017
7.011
7.014
7.010
7.014
7.011
7.014
7.012
7.016
7.013
7.010
7.012
7.021
7.013
7.017
7.017
7.015
7.013
7.020
7.022
7.020
7.022
7.020
7.021
7.015
7.023
7.017
7.025
7.024
7.020
7.015
7.018
7.019
7.023
7.023
7.025
7.024
7.026
7.020
7.019
7.026
7.017
7.018
7.024
7.025
7.021
7.027
7.024
7.021
7.024
7.024
7.023
7.029
7.028
7.029
7.030
7.030
7.025
7.025
7.031
7.032
7.031
7.030
7.025
7.028
7.033
7.027
7.026
7.026
7.026
7.032
7.035
7.029
7.030
7.027
7.032
7.028
7.032
7.030
7.034
7.034
7.036
7.039
7.030
7.034
7.031
7.037
7.033
7.035
7.030
7.032
7.032
7.036
7.033
7.036
7.037
7.035
7.032
7.034
7.031
7.033
7.041
7.034
7.039
7.037
7.042
7.034
7.034
7.033
7.042
7.041
7.043
7.040
7.042
7.042
7.038
7.041
7.040
7.038
7.044
7.037
7.040
7.043
7.040
7.044
7.039
7.042
7.045
7.047
7.042
7.039
7.044
7.046
7.047
7.042
7.046
7.043
7.041
7.048
7.044
7.048
7.044
7.045
7.050
7.045
7.045
7.045
7.046
7.045
7.046
7.047
7.042
7.050
7.043
7.044
7.048
7.044
7.045
7.051
7.050
7.051
7.051
7.049
7.043
7.053
7.049
7.053
7.050
7.047
7.055
7.045
7.048
7.051
7.055
7.047
7.047
7.050
7.058
7.054
7.047
7.056
7.050
7.052
7.049
7.059
7.054
7.056
7.052
7.048
7.055
7.055
7.059
7.059
7.054
7.051
7.055
7.054
7.054
7.057
7.056
7.056
7.054
7.059
7.054
7.051
7.054
7.054
7.057
7.056
7.055
7.062
7.057
7.058
7.055
7.060
7.058
7.054
7.054
7.062
7.057
7.056
7.058
7.057
7.054
7.060
7.052
7.062
7.054
7.060
7.054
7.062
7.061
7.058
7.063
7.062
7.064
7.061
7.059
7.060
7.062
7.059
7.058
7.062
7.059
7.060
7.059
7.063
7.062
7.057
7.065
7.063
