6.003e-02
6.197e-02
6.100e-02
5.668e-02
5.704e-02
6.025e-02
5.761e-02
6.069e-02
5.594e-02
5.703e-02
5.716e-02
6.043e-02
5.804e-02
5.540e-02
5.777e-02
5.748e-02
5.664e-02
5.776e-02
5.458e-02
5.776e-02
5.395e-02
5.797e-02
5.552e-02
5.532e-02
5.221e-02
5.086e-02
5.323e-02
5.718e-02
5.763e-02
5.785e-02
5.677e-02
6.191e-02
6.089e-02
6.011e-02
6.575e-02
6.204e-02
6.408e-02
6.261e-02
5.961e-02
4.151e-02
5.832e-02
5.497e-02
5.401e-02
4.689e-02
4.135e-02
3.875e-02
3.556e-02
2.948e-02
2.636e-02
2.743e-02
3.118e-02
2.990e-02
3.489e-02
3.005e-02
3.351e-02
2.960e-02
2.930e-02
3.094e-02
2.973e-02
2.922e-02
2.700e-02
2.262e-02
1.512e-02
-4.635e-03
-1.194e-02
-1.304e-02
-9.935e-03
-2.848e-03
2.003e-04
1.813e-03
1.715e-03
-5.103e-03
-8.278e-03
-7.534e-04
7.336e-03
1.576e-02
1.696e-02
1.632e-02
1.273e-02
9.573e-03
3.139e-03
-2.907e-03
-4.505e-03
-6.726e-03
-8.069e-03
-9.101e-03
-1.480e-02
-2.022e-02
-1.854e-02
-1.699e-02
-1.599e-02
-1.915e-02
-2.174e-02
-2.268e-02
-2.329e-02
-2.578e-02
-2.718e-02
-2.705e-02
-2.927e-02
-2.733e-02
-2.699e-02
-2.755e-02
-2.563e-02
-2.573e-02
-2.236e-02
-1.746e-02
-1.723e-02
-1.606e-02
-1.674e-02
-1.736e-02
-2.143e-02
-2.136e-02
-2.239e-02
-1.959e-02
-2.251e-02
-2.056e-02
-2.130e-02
-1.913e-02
-1.402e-02
-1.578e-02
-1.739e-02
-1.468e-02
-1.438e-02
-1.723e-02
-2.018e-02
-2.051e-02
-2.045e-02
-2.002e-02
-2.078e-02
-2.207e-02
-2.111e-02
-2.130e-02
-2.380e-02
-2.016e-02
-2.214e-02
-2.030e-02
-1.749e-02
-2.023e-02
-2.131e-02
-2.242e-02
-2.536e-02
-2.565e-02
-2.867e-02
-3.162e-02
-3.066e-02
-2.821e-02
-2.814e-02
-2.967e-02
-2.795e-02
-3.008e-02
-3.164e-02
-3.095e-02
-3.146e-02
-3.169e-02
-3.097e-02
-3.218e-02
-3.335e-02
-3.249e-02
-3.091e-02
-3.299e-02
-3.393e-02
-3.125e-02
-3.083e-02
-3.313e-02
-3.170e-02
-3.056e-02
-2.892e-02
-2.691e-02
-2.602e-02
-2.771e-02
-2.351e-02
-2.488e-02
-2.336e-02
-2.971e-02
-2.481e-02
-2.447e-02
-2.261e-02
-2.045e-02
-2.252e-02
-2.146e-02
-1.926e-02
-1.898e-02
-1.867e-02
-1.719e-02
-1.819e-02
-2.340e-02
-2.409e-02
-1.730e-02
-1.491e-02
-8.319e-03
-3.007e-03
-2.983e-04
-3.115e-03
-3.162e-03
-3.797e-03
-2.535e-03
-3.692e-03
-4.987e-03
-8.212e-03
-7.343e-03
-7.682e-04
1.542e-02
1.652e-02
2.190e-02
2.246e-02
2.608e-02
2.330e-02
2.464e-02
2.241e-02
2.135e-02
2.028e-02
2.060e-02
2.237e-02
1.922e-02
2.109e-02
1.890e-02
2.050e-02
2.030e-02
1.727e-02
1.701e-02
1.651e-02
1.868e-02
1.565e-02
1.357e-02
6.541e-03
3.672e-03
5.788e-03
1.074e-02
1.227e-02
1.682e-02
1.861e-02
2.121e-02
2.563e-02
3.277e-02
3.914e-02
5.137e-02
5.540e-02
5.869e-02
5.838e-02
5.893e-02
6.137e-02
6.379e-02
6.224e-02
6.086e-02
5.783e-02
6.193e-02
5.998e-02
6.230e-02
6.755e-02
5.850e-02
6.123e-02
6.150e-02
6.222e-02
6.245e-02
6.129e-02
5.980e-02
6.426e-02
6.953e-02
6.533e-02
6.281e-02
6.091e-02
6.286e-02
6.204e-02
6.424e-02
6.355e-02
6.574e-02
6.541e-02
6.451e-02
6.348e-02
5.888e-02
6.201e-02
5.537e-02
5.411e-02
4.793e-02
4.576e-02
3.576e-02
3.525e-02
3.189e-02
2.950e-02
3.165e-02
3.264e-02
2.946e-02
1.304e-02
-5.519e-03
-6.300e-03
-4.873e-03
-9.360e-03
-5.058e-03
-6.221e-03
-6.970e-03
-1.028e-02
-1.022e-02
-9.136e-03
-1.969e-02
-2.275e-02
-2.440e-02
-2.673e-02
-2.615e-02
-2.586e-02
-2.253e-02
-2.412e-02
-2.401e-02
-2.667e-02
-2.765e-02
-3.041e-02
-2.997e-02
-3.177e-02
-3.112e-02
-3.125e-02
-3.018e-02
-2.984e-02
-3.085e-02
-2.987e-02
-3.085e-02
-3.040e-02
-2.907e-02
-3.040e-02
-2.913e-02
-3.032e-02
-2.914e-02
-3.408e-02
-3.599e-02
-3.426e-02
-3.413e-02
-3.396e-02
-3.310e-02
-3.444e-02
-3.044e-02
-2.925e-02
-3.069e-02
-3.072e-02
-3.050e-02
-3.011e-02
-2.870e-02
-3.021e-02
-3.067e-02
-3.332e-02
-2.981e-02
-2.939e-02
-3.086e-02
-2.928e-02
-3.235e-02
-3.201e-02
-3.062e-02
-3.063e-02
-3.043e-02
-3.211e-02
-2.974e-02
-3.156e-02
-3.263e-02
-2.999e-02
-3.225e-02
-3.208e-02
-3.195e-02
-3.190e-02
-2.779e-02
-3.101e-02
-3.149e-02
-3.215e-02
-3.182e-02
-3.068e-02
-3.305e-02
-3.115e-02
-2.846e-02
-3.212e-02
-3.042e-02
-3.018e-02
-2.976e-02
-3.010e-02
-2.632e-02
-2.634e-02
-2.642e-02
-2.661e-02
-2.567e-02
-2.670e-02
-2.619e-02
-2.648e-02
-2.782e-02
-2.459e-02
-2.429e-02
-2.481e-02
-2.505e-02
-2.464e-02
-2.766e-02
-2.409e-02
-2.276e-02
-2.194e-02
-2.118e-02
-2.160e-02
-2.011e-02
-1.848e-02
-2.041e-02
-1.615e-02
-1.720e-02
-1.662e-02
-1.565e-02
-1.589e-02
-1.603e-02
-1.587e-02
-1.535e-02
-1.553e-02
-1.602e-02
-1.530e-02
-1.411e-02
-1.333e-02
-1.603e-02
-1.993e-02
-2.059e-02
-2.056e-02
-2.102e-02
-1.717e-02
-1.455e-02
-1.253e-02
-1.303e-02
-1.289e-02
-1.342e-02
-1.410e-02
-1.391e-02
-1.302e-02
-1.351e-02
-1.585e-02
-1.523e-02
-1.644e-02
-1.580e-02
-1.892e-02
-1.936e-02
-2.030e-02
-1.886e-02
-2.041e-02
-2.126e-02
-2.457e-02
-2.766e-02
-2.719e-02
-2.791e-02
-2.842e-02
-2.910e-02
-2.628e-02
-2.600e-02
-2.614e-02
-2.392e-02
-2.577e-02
-2.554e-02
-2.338e-02
-2.406e-02
-2.006e-02
-2.482e-02
-2.485e-02
-2.889e-02
-2.915e-02
-2.991e-02
-2.706e-02
-2.605e-02
-2.350e-02
-2.419e-02
-2.249e-02
-2.276e-02
-2.446e-02
-2.231e-02
-2.692e-02
-2.401e-02
-2.478e-02
-2.624e-02
-2.759e-02
-2.663e-02
-2.848e-02
-2.796e-02
-2.844e-02
-3.014e-02
-2.711e-02
-2.901e-02
-2.840e-02
-2.962e-02
-2.753e-02
-3.061e-02
-2.733e-02
-3.020e-02
-2.912e-02
-3.002e-02
-3.046e-02
-2.884e-02
-3.082e-02
-2.919e-02
-3.317e-02
-3.215e-02
-2.895e-02
-3.137e-02
-2.922e-02
-3.143e-02
-2.895e-02
-2.852e-02
-2.995e-02
-3.100e-02
-3.033e-02
-2.773e-02
-3.105e-02
-2.928e-02
-3.156e-02
-3.030e-02
-3.047e-02
-2.978e-02
-3.014e-02
-3.164e-02
-3.006e-02
-3.057e-02
-2.785e-02
-2.801e-02
-2.752e-02
-2.864e-02
-2.504e-02
-2.439e-02
-2.366e-02
-2.474e-02
-1.915e-02
-2.055e-02
-2.395e-02
-2.354e-02
-2.097e-02
-1.910e-02
-2.489e-02
-2.668e-02
-2.698e-02
-2.328e-02
-1.972e-02
-2.141e-02
-2.084e-02
-1.665e-02
-1.288e-02
-9.584e-03
-7.789e-03
-7.304e-03
-7.555e-03
-9.514e-03
-1.328e-02
-1.511e-02
-9.060e-03
-4.596e-03
-6.885e-03
-1.072e-02
-1.132e-02
-1.240e-02
-1.094e-02
-1.659e-02
-2.188e-02
-1.879e-02
-1.833e-02
-1.920e-02
-2.125e-02
-1.849e-02
-1.022e-02
-1.266e-02
-8.685e-03
-3.506e-03
4.494e-04
9.601e-03
1.610e-02
1.314e-02
1.501e-02
1.829e-02
2.229e-02
2.244e-02
2.397e-02
2.530e-02
3.055e-02
2.759e-02
2.801e-02
3.050e-02
3.843e-02
4.513e-02
5.175e-02
5.429e-02
6.229e-02
6.497e-02
6.498e-02
6.518e-02
6.469e-02
6.711e-02
6.482e-02
5.954e-02
6.203e-02
5.897e-02
6.186e-02
4.665e-02
6.371e-02
6.535e-02
6.669e-02
6.439e-02
5.877e-02
5.378e-02
5.593e-02
6.167e-02
6.067e-02
6.453e-02
6.315e-02
6.204e-02
5.652e-02
5.851e-02
5.764e-02
6.852e-02
5.770e-02
6.406e-02
5.940e-02
6.007e-02
6.485e-02
6.245e-02
6.189e-02
5.836e-02
6.370e-02
6.321e-02
5.853e-02
6.205e-02
6.139e-02
7.025e-02
5.948e-02
6.712e-02
6.049e-02
6.698e-02
6.155e-02
6.645e-02
6.117e-02
6.464e-02
5.655e-02
6.039e-02
4.400e-02
4.540e-02
4.013e-02
3.227e-02
2.161e-02
1.850e-02
1.228e-02
2.250e-03
-7.584e-03
-5.856e-03
-8.007e-03
-1.055e-02
-9.449e-03
-9.632e-03
-8.657e-03
-7.948e-03
-1.053e-02
-8.570e-03
-9.101e-03
-9.442e-03
-8.830e-03
-1.416e-02
-1.265e-02
-1.341e-02
-1.327e-02
-1.310e-02
-9.916e-03
-1.180e-02
-9.685e-03
-5.176e-03
-6.575e-03
-4.939e-03
-6.423e-03
-1.516e-03
-3.250e-03
-3.381e-03
-4.832e-03
-4.934e-03
-4.356e-03
-6.318e-03
-7.748e-03
-4.666e-03
-7.016e-03
-4.458e-03
-3.577e-03
-5.674e-03
-4.082e-03
-4.307e-03
-7.011e-03
-5.139e-03
-5.448e-03
-4.660e-03
-5.232e-03
-5.649e-03
-7.696e-03
-8.021e-03
-5.095e-03
-9.638e-03
-1.189e-02
-8.314e-03
-7.365e-03
-2.385e-03
-1.854e-03
-1.999e-03
-4.435e-04
-3.999e-03
-4.308e-03
-4.361e-03
-4.791e-03
-4.366e-03
-1.194e-02
-8.463e-03
-4.682e-03
-4.019e-03
-3.126e-03
-3.024e-03
-3.154e-03
-2.294e-03
-9.410e-04
-1.733e-03
-3.775e-03
-4.010e-03
-7.125e-03
-6.568e-03
-7.546e-03
-4.627e-03
-9.913e-04
-2.405e-03
-4.376e-03
-3.723e-03
-1.047e-03
-9.643e-04
-2.876e-06
-9.796e-04
2.808e-03
-9.441e-04
8.860e-04
1.093e-06
-1.147e-03
-5.109e-03
-5.276e-03
-8.374e-03
-9.295e-03
-9.517e-03
-1.175e-02
-8.298e-03
-6.659e-03
-6.909e-03
-9.846e-03
-8.321e-03
-7.212e-03
-9.192e-03
-1.083e-02
-5.676e-03
-7.165e-03
-9.985e-03
-9.253e-03
-9.443e-03
-9.214e-03
-1.286e-02
-1.099e-02
-1.018e-02
-9.629e-03
-1.175e-02
-1.618e-02
-1.772e-02
-1.575e-02
-1.552e-02
-1.218e-02
-1.483e-02
-1.740e-02
-1.659e-02
-1.782e-02
-1.823e-02
-1.871e-02
-2.341e-02
-2.450e-02
-2.925e-02
-3.462e-02
-3.128e-02
-2.998e-02
-3.358e-02
-3.063e-02
-3.496e-02
-3.313e-02
-3.400e-02
-3.115e-02
-3.210e-02
-3.488e-02
-3.446e-02
-3.279e-02
-3.337e-02
-2.736e-02
-2.996e-02
-2.996e-02
-2.823e-02
-2.589e-02
-2.604e-02
-2.531e-02
-2.471e-02
-2.588e-02
-2.687e-02
-2.789e-02
-2.473e-02
-2.843e-02
-2.694e-02
-3.036e-02
-3.071e-02
-2.830e-02
-3.317e-02
-3.422e-02
-3.152e-02
-3.045e-02
-3.377e-02
-2.817e-02
-3.102e-02
-3.393e-02
-3.165e-02
-3.114e-02
-2.768e-02
-3.278e-02
-3.072e-02
-2.704e-02
-3.268e-02
-2.959e-02
-3.254e-02
-3.454e-02
-2.852e-02
-3.551e-02
-3.265e-02
-3.609e-02
-3.341e-02
-3.150e-02
-3.390e-02
-3.119e-02
-3.250e-02
-3.228e-02
-3.071e-02
-3.087e-02
-2.883e-02
-3.129e-02
-2.941e-02
-2.880e-02
-3.181e-02
-2.533e-02
-2.564e-02
-3.031e-02
-3.280e-02
-2.832e-02
-2.749e-02
-2.824e-02
-2.729e-02
-2.471e-02
-2.131e-02
-2.093e-02
-1.604e-02
-8.366e-03
-1.080e-02
-5.294e-03
-3.886e-03
-6.208e-03
-5.159e-03
-6.585e-03
-5.536e-03
-5.748e-03
-9.571e-03
-6.630e-03
-7.036e-03
-3.522e-03
2.596e-04
-2.590e-03
-3.862e-03
-2.494e-03
-6.139e-04
-3.367e-03
4.751e-03
3.786e-03
2.830e-03
5.851e-03
5.761e-03
5.191e-03
4.252e-03
5.157e-03
8.396e-03
6.592e-03
4.935e-03
9.219e-03
8.952e-03
4.107e-03
3.504e-03
6.717e-03
9.297e-03
8.463e-03
8.510e-03
8.262e-03
6.731e-03
2.849e-03
3.154e-03
7.582e-03
5.547e-03
9.577e-03
7.902e-03
4.011e-03
7.452e-03
9.180e-03
7.412e-03
7.444e-03
6.408e-03
5.345e-03
5.228e-03
3.108e-03
4.050e-03
4.273e-03
2.103e-03
2.086e-03
4.271e-03
5.717e-03
6.394e-03
4.762e-03
3.273e-03
-6.090e-03
-9.995e-03
-9.180e-03
-6.497e-03
-7.882e-03
-8.350e-03
-8.874e-03
-6.272e-03
-3.171e-03
2.303e-03
4.267e-03
9.285e-03
7.515e-03
1.044e-02
7.734e-03
5.926e-03
8.546e-03
5.948e-03
9.232e-03
6.322e-03
5.285e-03
2.514e-03
-2.028e-03
-3.858e-03
-1.591e-03
-4.255e-03
-1.161e-02
-1.172e-02
-2.843e-02
-2.623e-02
-2.162e-02
-2.584e-02
-2.139e-02
-2.193e-02
-1.652e-02
-2.366e-02
-1.920e-02
-1.216e-02
-8.085e-03
-6.218e-03
-2.907e-03
-3.204e-03
-1.197e-03
-3.743e-03
-5.514e-03
-1.294e-03
-1.003e-03
1.240e-03
1.014e-03
-7.828e-04
1.917e-03
-2.514e-03
-5.041e-03
-5.714e-03
4.458e-03
6.458e-03
9.208e-03
1.876e-02
1.916e-02
2.493e-02
2.825e-02
2.659e-02
2.795e-02
2.853e-02
3.333e-02
3.722e-02
3.495e-02
3.862e-02
4.659e-02
4.927e-02
4.874e-02
4.809e-02
5.180e-02
4.931e-02
5.354e-02
5.207e-02
5.508e-02
5.020e-02
5.642e-02
5.721e-02
4.988e-02
4.832e-02
5.427e-02
5.528e-02
5.333e-02
5.019e-02
5.849e-02
4.544e-02
4.716e-02
4.582e-02
4.799e-02
5.137e-02
5.316e-02
5.477e-02
4.749e-02
5.415e-02
5.472e-02
4.999e-02
4.838e-02
4.713e-02
4.957e-02
4.883e-02
5.276e-02
5.030e-02
5.089e-02
4.475e-02
4.204e-02
4.671e-02
4.231e-02
3.255e-02
3.076e-02
3.170e-02
2.821e-02
2.898e-02
2.025e-02
1.922e-02
1.658e-02
1.040e-02
4.157e-03
5.072e-03
6.093e-03
5.703e-03
