-5.653e-03
-5.503e-03
-5.482e-03
-5.264e-03
-4.481e-03
-3.756e-03
-2.956e-03
-1.983e-03
-1.892e-03
-2.473e-03
-2.956e-03
-3.226e-03
-3.133e-03
-3.468e-03
-4.041e-03
-3.992e-03
-4.855e-03
-5.527e-03
-6.610e-03
-6.533e-03
-6.040e-03
-6.092e-03
-5.600e-03
-5.502e-03
-5.909e-03
-5.837e-03
-6.749e-03
-6.899e-03
-6.428e-03
-6.457e-03
-6.295e-03
-6.370e-03
-6.925e-03
-6.877e-03
-7.274e-03
-7.587e-03
-7.501e-03
-8.278e-03
-8.081e-03
-8.003e-03
-7.626e-03
-7.747e-03
-7.416e-03
-6.679e-03
-6.678e-03
-6.281e-03
-6.431e-03
-7.123e-03
-7.504e-03
-7.316e-03
-7.694e-03
-7.842e-03
-7.401e-03
-7.445e-03
-6.364e-03
-5.560e-03
-4.561e-03
-4.099e-03
-3.595e-03
-3.805e-03
-3.864e-03
-3.301e-03
-2.459e-03
-2.238e-03
-1.242e-03
2.190e-03
8.583e-03
1.448e-02
1.925e-02
2.431e-02
2.928e-02
3.300e-02
3.526e-02
3.554e-02
3.400e-02
3.210e-02
2.938e-02
2.435e-02
2.652e-02
3.075e-02
3.428e-02
3.673e-02
4.120e-02
4.422e-02
4.844e-02
5.004e-02
5.299e-02
5.569e-02
5.455e-02
5.443e-02
5.304e-02
4.934e-02
4.385e-02
4.042e-02
3.759e-02
3.570e-02
3.337e-02
3.126e-02
2.820e-02
2.438e-02
1.956e-02
1.296e-02
3.884e-03
-5.576e-04
-3.383e-03
-4.552e-03
-5.510e-03
-6.083e-03
-6.576e-03
-6.628e-03
-6.492e-03
-6.341e-03
-5.791e-03
-4.637e-03
-2.804e-03
8.519e-04
5.704e-03
1.224e-02
1.714e-02
2.022e-02
2.290e-02
2.473e-02
2.693e-02
2.793e-02
2.980e-02
3.073e-02
3.255e-02
3.629e-02
3.801e-02
4.009e-02
4.085e-02
3.974e-02
3.725e-02
3.231e-02
2.984e-02
2.815e-02
2.715e-02
2.723e-02
2.823e-02
2.890e-02
2.933e-02
3.179e-02
3.259e-02
3.475e-02
3.550e-02
3.626e-02
3.786e-02
3.861e-02
3.923e-02
4.031e-02
4.079e-02
4.068e-02
4.102e-02
4.179e-02
4.151e-02
4.167e-02
4.128e-02
4.209e-02
4.064e-02
3.816e-02
3.319e-02
2.814e-02
2.273e-02
1.754e-02
1.136e-02
8.873e-03
9.829e-03
1.341e-02
2.029e-02
2.548e-02
2.864e-02
2.865e-02
2.713e-02
2.258e-02
1.565e-02
5.719e-03
1.285e-03
-1.148e-03
-1.144e-03
1.352e-04
2.829e-03
8.631e-03
1.485e-02
2.026e-02
2.412e-02
2.742e-02
2.975e-02
3.081e-02
3.195e-02
3.341e-02
3.452e-02
3.754e-02
3.743e-02
3.818e-02
3.936e-02
4.189e-02
4.539e-02
4.819e-02
5.242e-02
5.566e-02
5.664e-02
5.588e-02
5.721e-02
5.756e-02
5.817e-02
5.911e-02
6.025e-02
6.078e-02
6.104e-02
6.240e-02
6.065e-02
5.908e-02
5.476e-02
4.801e-02
3.788e-02
2.567e-02
1.245e-02
4.951e-03
2.657e-04
-1.805e-03
-2.922e-03
-3.677e-03
-3.584e-03
-3.466e-03
-3.447e-03
-3.690e-03
-3.865e-03
-4.124e-03
-4.296e-03
-4.137e-03
-4.231e-03
-4.478e-03
-4.115e-03
-3.423e-03
-3.216e-03
-2.848e-03
-2.885e-03
-2.822e-03
-2.391e-03
-1.689e-03
-2.206e-04
2.608e-03
6.917e-03
1.582e-02
2.430e-02
3.071e-02
3.684e-02
4.005e-02
4.510e-02
4.742e-02
4.931e-02
5.006e-02
4.832e-02
4.764e-02
4.520e-02
4.174e-02
3.754e-02
3.294e-02
2.775e-02
2.042e-02
1.376e-02
6.756e-03
2.301e-03
-5.015e-04
-1.897e-03
-1.578e-03
-7.708e-04
6.297e-04
4.775e-03
1.238e-02
1.997e-02
2.501e-02
3.029e-02
3.378e-02
3.703e-02
3.913e-02
4.318e-02
4.599e-02
4.762e-02
4.962e-02
4.926e-02
4.905e-02
4.642e-02
4.130e-02
3.315e-02
2.454e-02
1.492e-02
4.969e-03
-3.911e-04
-3.727e-03
-4.952e-03
-5.000e-03
-5.073e-03
-4.720e-03
-4.759e-03
-4.821e-03
-4.419e-03
-3.734e-03
-2.521e-03
-1.837e-03
4.709e-04
4.181e-03
1.042e-02
1.873e-02
3.112e-02
4.027e-02
4.370e-02
4.007e-02
3.071e-02
1.786e-02
9.805e-03
4.578e-03
1.682e-03
-2.424e-04
-1.003e-03
-6.925e-04
-6.904e-04
-1.780e-04
1.537e-03
4.314e-03
1.050e-02
2.454e-02
3.600e-02
4.586e-02
5.128e-02
5.264e-02
5.300e-02
5.224e-02
5.043e-02
5.003e-02
5.044e-02
5.496e-02
5.716e-02
5.905e-02
6.021e-02
6.075e-02
6.107e-02
6.242e-02
6.271e-02
6.081e-02
5.923e-02
5.441e-02
4.846e-02
3.909e-02
2.782e-02
2.537e-02
2.188e-02
1.561e-02
1.525e-02
2.021e-02
2.477e-02
3.005e-02
3.527e-02
3.978e-02
4.195e-02
4.312e-02
4.148e-02
3.933e-02
3.522e-02
2.883e-02
2.134e-02
1.327e-02
4.135e-03
-4.552e-04
-2.797e-03
-3.752e-03
-4.121e-03
-3.795e-03
-2.615e-03
-1.409e-03
-9.257e-04
-2.480e-04
2.812e-04
-1.340e-04
-3.720e-04
-1.445e-03
-2.328e-03
-2.802e-03
-2.592e-03
-2.549e-03
-2.143e-03
-5.348e-04
2.865e-03
8.343e-03
1.909e-02
2.708e-02
3.590e-02
4.378e-02
5.003e-02
5.557e-02
5.918e-02
6.124e-02
6.180e-02
6.019e-02
5.811e-02
5.724e-02
5.699e-02
5.623e-02
5.637e-02
5.780e-02
5.984e-02
6.118e-02
6.189e-02
6.258e-02
6.302e-02
6.200e-02
6.103e-02
5.716e-02
5.079e-02
4.289e-02
3.284e-02
2.221e-02
1.786e-02
1.267e-02
6.353e-03
2.823e-03
1.171e-03
5.335e-04
1.234e-03
3.783e-03
9.328e-03
2.065e-02
3.193e-02
4.387e-02
5.192e-02
5.730e-02
5.956e-02
6.019e-02
6.126e-02
6.246e-02
6.435e-02
6.367e-02
6.350e-02
6.246e-02
6.006e-02
5.485e-02
5.286e-02
4.965e-02
4.743e-02
4.479e-02
4.021e-02
3.450e-02
2.801e-02
1.993e-02
9.959e-03
3.710e-03
2.203e-04
-1.549e-03
-3.138e-03
-4.010e-03
-4.379e-03
-3.879e-03
-3.802e-03
-4.426e-03
-5.117e-03
-5.779e-03
-6.142e-03
-6.543e-03
-6.575e-03
-6.209e-03
-5.438e-03
-5.386e-03
-5.225e-03
-5.055e-03
-5.226e-03
-4.974e-03
-4.836e-03
-3.886e-03
-2.355e-03
-1.054e-03
1.145e-03
4.429e-03
1.066e-02
2.068e-02
2.642e-02
2.823e-02
2.752e-02
2.248e-02
2.216e-02
2.906e-02
3.288e-02
3.180e-02
2.914e-02
2.370e-02
1.556e-02
1.297e-02
1.392e-02
1.842e-02
2.552e-02
2.971e-02
2.993e-02
2.735e-02
2.248e-02
1.522e-02
7.054e-03
2.362e-03
-1.158e-04
-1.278e-03
-1.725e-03
-1.324e-03
-4.312e-04
2.263e-03
6.870e-03
1.551e-02
2.406e-02
3.195e-02
3.850e-02
4.563e-02
5.030e-02
5.265e-02
5.525e-02
5.474e-02
5.454e-02
5.239e-02
4.799e-02
4.234e-02
3.498e-02
2.660e-02
1.830e-02
1.000e-02
5.840e-03
5.074e-03
7.396e-03
1.282e-02
2.598e-02
3.863e-02
4.866e-02
5.758e-02
6.372e-02
6.620e-02
6.874e-02
6.979e-02
6.941e-02
6.629e-02
6.276e-02
5.653e-02
4.696e-02
3.564e-02
2.349e-02
1.128e-02
4.607e-03
1.314e-03
1.982e-05
3.201e-04
1.751e-03
5.167e-03
1.173e-02
2.502e-02
3.710e-02
4.695e-02
5.204e-02
5.588e-02
5.830e-02
5.832e-02
5.623e-02
5.223e-02
4.569e-02
4.007e-02
3.322e-02
2.699e-02
2.028e-02
1.256e-02
9.864e-03
1.109e-02
1.724e-02
2.070e-02
1.939e-02
1.541e-02
7.713e-03
3.289e-03
2.739e-04
-1.948e-03
-3.005e-03
-4.498e-03
-4.546e-03
-4.355e-03
-4.352e-03
-3.698e-03
-4.017e-03
-3.516e-03
-2.978e-03
-3.659e-03
-3.752e-03
-4.314e-03
-4.925e-03
-5.289e-03
-5.523e-03
-5.860e-03
-5.969e-03
-5.935e-03
-5.372e-03
-5.015e-03
-4.983e-03
-5.092e-03
-5.097e-03
-5.385e-03
-5.344e-03
-5.491e-03
-5.065e-03
-5.527e-03
-5.980e-03
-6.568e-03
-5.888e-03
-5.833e-03
-5.249e-03
-4.231e-03
-1.936e-03
1.823e-03
9.068e-03
2.408e-02
3.594e-02
4.629e-02
5.498e-02
6.012e-02
6.288e-02
6.408e-02
6.464e-02
6.533e-02
6.333e-02
5.965e-02
5.397e-02
4.910e-02
4.542e-02
4.380e-02
4.313e-02
4.220e-02
4.205e-02
4.292e-02
4.167e-02
4.185e-02
4.105e-02
4.020e-02
4.008e-02
4.046e-02
4.090e-02
4.076e-02
4.135e-02
4.273e-02
4.290e-02
4.348e-02
4.451e-02
4.534e-02
4.494e-02
4.430e-02
4.344e-02
4.204e-02
4.172e-02
4.071e-02
4.131e-02
4.131e-02
4.267e-02
4.383e-02
4.562e-02
4.880e-02
5.388e-02
5.609e-02
5.863e-02
5.952e-02
6.002e-02
5.927e-02
5.848e-02
5.769e-02
5.757e-02
5.913e-02
5.811e-02
5.847e-02
5.713e-02
5.491e-02
5.377e-02
5.046e-02
4.707e-02
4.254e-02
3.630e-02
4.278e-02
4.698e-02
4.945e-02
5.356e-02
5.513e-02
5.588e-02
5.557e-02
5.365e-02
5.043e-02
4.880e-02
4.784e-02
4.746e-02
4.710e-02
4.707e-02
4.800e-02
4.910e-02
5.258e-02
5.627e-02
5.631e-02
5.477e-02
5.258e-02
4.973e-02
4.641e-02
4.496e-02
4.299e-02
4.071e-02
3.778e-02
3.580e-02
3.494e-02
3.380e-02
3.365e-02
3.371e-02
3.445e-02
3.528e-02
3.702e-02
3.706e-02
3.687e-02
3.736e-02
3.653e-02
3.554e-02
3.354e-02
2.971e-02
2.552e-02
1.951e-02
1.269e-02
5.238e-03
5.421e-04
-1.765e-03
-3.727e-03
-4.643e-03
-5.511e-03
-5.402e-03
-4.859e-03
-4.871e-03
-4.923e-03
-5.462e-03
-5.591e-03
-4.361e-03
-3.739e-03
-2.133e-03
1.022e-05
3.252e-03
9.000e-03
1.868e-02
2.269e-02
2.385e-02
2.073e-02
1.492e-02
6.701e-03
1.693e-03
-1.575e-03
-3.179e-03
-4.293e-03
-5.139e-03
-5.261e-03
-5.814e-03
-5.305e-03
-4.401e-03
-3.563e-03
-2.689e-03
-1.841e-03
-2.661e-04
2.675e-03
3.552e-03
9.657e-04
-3.691e-05
-1.356e-03
-2.980e-03
-3.868e-03
-4.343e-03
-4.563e-03
-5.124e-03
-5.284e-03
-5.733e-03
-5.473e-03
-5.595e-03
-5.948e-03
-5.820e-03
-5.812e-03
-5.599e-03
-5.672e-03
-5.919e-03
-5.741e-03
-5.332e-03
-5.140e-03
-4.239e-03
-4.228e-03
-4.536e-03
-4.526e-03
-5.226e-03
-5.513e-03
-5.695e-03
-5.819e-03
-5.890e-03
-5.874e-03
-6.068e-03
-5.892e-03
-6.075e-03
-6.533e-03
-6.268e-03
-6.840e-03
-6.796e-03
-6.779e-03
-6.498e-03
-6.544e-03
-6.608e-03
-6.611e-03
-6.367e-03
-6.236e-03
-6.368e-03
-6.535e-03
-6.416e-03
-6.199e-03
-5.329e-03
-5.410e-03
-4.295e-03
-4.071e-03
-3.505e-03
-3.109e-03
-2.546e-03
-2.736e-03
-2.894e-03
-2.611e-03
-2.099e-03
-1.295e-03
-1.111e-03
-1.223e-03
-1.574e-03
-1.918e-03
-1.555e-03
-2.071e-03
-1.591e-03
-1.660e-03
-1.308e-03
-6.479e-04
-6.770e-04
-3.000e-04
-1.585e-04
5.846e-04
1.806e-03
4.477e-04
-5.288e-04
-8.877e-04
-1.630e-03
-1.836e-03
-2.067e-03
-1.925e-03
-1.947e-03
-2.448e-03
-2.415e-03
-1.356e-03
-8.274e-04
-7.391e-04
-1.152e-03
-1.192e-03
-1.366e-03
-2.369e-03
-3.086e-03
-3.775e-03
-4.562e-03
-5.070e-03
-5.616e-03
-5.780e-03
-5.554e-03
-4.946e-03
-3.178e-03
-9.661e-05
4.777e-03
1.141e-02
2.237e-02
3.219e-02
4.111e-02
4.874e-02
5.368e-02
5.765e-02
5.957e-02
5.674e-02
5.155e-02
4.436e-02
3.460e-02
2.358e-02
1.008e-02
2.725e-03
-2.467e-04
-2.234e-03
-2.918e-03
-3.668e-03
-3.865e-03
-4.142e-03
-4.649e-03
-4.930e-03
-4.503e-03
-4.172e-03
-3.519e-03
-2.345e-03
-5.623e-04
1.589e-03
5.945e-03
7.638e-03
7.191e-03
4.679e-03
1.051e-03
-8.731e-04
-2.574e-03
-3.467e-03
-3.868e-03
-4.366e-03
-4.025e-03
-3.816e-03
-2.921e-03
-1.239e-03
8.338e-04
5.089e-03
1.471e-02
2.185e-02
2.802e-02
3.389e-02
3.865e-02
4.285e-02
4.575e-02
4.744e-02
4.808e-02
4.700e-02
4.234e-02
3.323e-02
2.351e-02
1.430e-02
4.839e-03
-2.005e-04
-2.192e-03
-3.190e-03
-3.825e-03
-3.623e-03
-2.438e-03
-6.302e-04
3.175e-03
1.098e-02
1.772e-02
2.556e-02
3.317e-02
3.921e-02
4.416e-02
4.711e-02
4.963e-02
5.034e-02
5.101e-02
5.142e-02
5.081e-02
4.991e-02
4.910e-02
4.847e-02
4.727e-02
4.444e-02
4.115e-02
3.896e-02
3.807e-02
3.844e-02
3.838e-02
3.960e-02
3.962e-02
3.908e-02
3.687e-02
3.421e-02
3.234e-02
3.029e-02
2.724e-02
2.262e-02
1.932e-02
1.554e-02
9.720e-03
9.484e-03
1.383e-02
1.927e-02
2.547e-02
2.896e-02
3.268e-02
3.553e-02
3.675e-02
3.816e-02
3.865e-02
3.965e-02
3.922e-02
3.987e-02
3.898e-02
3.859e-02
3.841e-02
3.502e-02
3.049e-02
2.491e-02
1.879e-02
1.049e-02
1.915e-03
-2.253e-03
-4.264e-03
-5.638e-03
-6.441e-03
-6.441e-03
-6.243e-03
-5.955e-03
-5.350e-03
-4.192e-03
-9.081e-04
5.320e-03
1.708e-02
2.820e-02
3.807e-02
4.602e-02
4.989e-02
5.242e-02
5.237e-02
5.070e-02
4.891e-02
4.724e-02
4.607e-02
4.473e-02
4.479e-02
4.446e-02
4.484e-02
4.607e-02
4.636e-02
4.720e-02
4.761e-02
4.643e-02
4.460e-02
4.033e-02
3.438e-02
2.798e-02
2.055e-02
1.289e-02
2.565e-03
-8.688e-04
