-0.110 -0.135 -0.131 -0.145 -0.130 -0.159 -0.162 -0.158 -0.163 -0.150 -0.111 -0.115 -0.068 -0.033 -0.030 -0.084 -0.118 -0.161 -0.166 -0.169 -0.166 -0.163 -0.160 -0.154 -0.160 -0.163 -0.169 -0.161 -0.149 -0.144 -0.158 -0.158 -0.150 -0.147 -0.158 -0.163 -0.160 -0.153 -0.161 -0.136 -0.128 -0.137 -0.151 -0.161 -0.162 -0.162 -0.129 -0.126 -0.140 -0.138
-0.135 -0.182 -0.172 -0.205 -0.171 -0.247 -0.244 -0.250 -0.231 -0.206 -0.129 -0.133 -0.050 0.022 0.027 -0.066 -0.134 -0.229 -0.245 -0.240 -0.242 -0.234 -0.247 -0.218 -0.249 -0.240 -0.249 -0.249 -0.193 -0.189 -0.220 -0.219 -0.214 -0.189 -0.221 -0.249 -0.251 -0.215 -0.238 -0.173 -0.157 -0.181 -0.198 -0.234 -0.245 -0.247 -0.169 -0.164 -0.194 -0.184
-0.131 -0.172 -0.163 -0.191 -0.162 -0.225 -0.224 -0.227 -0.215 -0.193 -0.127 -0.130 -0.058 0.004 0.009 -0.073 -0.132 -0.213 -0.226 -0.223 -0.223 -0.217 -0.225 -0.203 -0.227 -0.221 -0.229 -0.227 -0.183 -0.179 -0.205 -0.205 -0.199 -0.180 -0.206 -0.228 -0.228 -0.200 -0.220 -0.165 -0.152 -0.171 -0.188 -0.217 -0.225 -0.226 -0.161 -0.156 -0.181 -0.174
-0.145 -0.205 -0.191 -0.234 -0.190 -0.292 -0.286 -0.297 -0.266 -0.233 -0.136 -0.139 -0.036 0.056 0.063 -0.053 -0.140 -0.263 -0.285 -0.276 -0.280 -0.270 -0.291 -0.250 -0.295 -0.279 -0.289 -0.294 -0.214 -0.210 -0.251 -0.250 -0.246 -0.209 -0.252 -0.293 -0.298 -0.245 -0.278 -0.190 -0.169 -0.201 -0.221 -0.271 -0.288 -0.290 -0.188 -0.181 -0.220 -0.205
-0.130 -0.171 -0.162 -0.190 -0.161 -0.225 -0.224 -0.227 -0.215 -0.192 -0.126 -0.129 -0.057 0.006 0.010 -0.072 -0.132 -0.212 -0.225 -0.223 -0.223 -0.216 -0.225 -0.203 -0.227 -0.221 -0.229 -0.227 -0.183 -0.178 -0.205 -0.205 -0.199 -0.179 -0.205 -0.227 -0.228 -0.200 -0.219 -0.165 -0.151 -0.171 -0.187 -0.216 -0.224 -0.225 -0.160 -0.155 -0.181 -0.173
-0.159 -0.247 -0.225 -0.292 -0.225 -0.383 -0.371 -0.392 -0.334 -0.286 -0.143 -0.146 0.001 0.137 0.148 -0.017 -0.145 -0.331 -0.365 -0.348 -0.356 -0.342 -0.380 -0.313 -0.388 -0.357 -0.371 -0.386 -0.254 -0.249 -0.311 -0.309 -0.308 -0.245 -0.314 -0.382 -0.392 -0.305 -0.356 -0.220 -0.190 -0.240 -0.265 -0.345 -0.374 -0.377 -0.222 -0.211 -0.270 -0.246
-0.162 -0.244 -0.224 -0.286 -0.224 -0.371 -0.360 -0.380 -0.326 -0.281 -0.147 -0.150 -0.012 0.116 0.127 -0.029 -0.149 -0.323 -0.355 -0.340 -0.347 -0.334 -0.369 -0.306 -0.376 -0.347 -0.361 -0.374 -0.251 -0.247 -0.305 -0.303 -0.302 -0.243 -0.307 -0.370 -0.380 -0.299 -0.347 -0.220 -0.191 -0.238 -0.262 -0.337 -0.364 -0.366 -0.221 -0.211 -0.266 -0.243
-0.158 -0.250 -0.227 -0.297 -0.227 -0.392 -0.380 -0.402 -0.341 -0.290 -0.141 -0.144 0.009 0.152 0.163 -0.009 -0.142 -0.337 -0.373 -0.355 -0.364 -0.349 -0.389 -0.319 -0.398 -0.364 -0.380 -0.396 -0.256 -0.252 -0.316 -0.315 -0.314 -0.247 -0.319 -0.391 -0.402 -0.310 -0.364 -0.222 -0.190 -0.242 -0.268 -0.352 -0.383 -0.386 -0.224 -0.213 -0.274 -0.248
-0.163 -0.231 -0.215 -0.266 -0.215 -0.334 -0.326 -0.341 -0.300 -0.263 -0.152 -0.154 -0.039 0.067 0.075 -0.055 -0.155 -0.297 -0.323 -0.312 -0.317 -0.306 -0.332 -0.283 -0.338 -0.316 -0.328 -0.337 -0.240 -0.235 -0.283 -0.281 -0.279 -0.233 -0.284 -0.334 -0.341 -0.277 -0.316 -0.213 -0.189 -0.227 -0.248 -0.308 -0.329 -0.331 -0.212 -0.204 -0.249 -0.231
-0.150 -0.206 -0.193 -0.233 -0.192 -0.286 -0.281 -0.290 -0.263 -0.232 -0.142 -0.145 -0.050 0.035 0.042 -0.066 -0.146 -0.260 -0.280 -0.273 -0.275 -0.266 -0.285 -0.248 -0.289 -0.274 -0.284 -0.288 -0.215 -0.211 -0.249 -0.248 -0.244 -0.210 -0.250 -0.287 -0.291 -0.243 -0.273 -0.193 -0.174 -0.203 -0.222 -0.267 -0.282 -0.284 -0.190 -0.184 -0.220 -0.206
-0.111 -0.129 -0.127 -0.136 -0.126 -0.143 -0.147 -0.141 -0.152 -0.142 -0.113 -0.117 -0.080 -0.054 -0.052 -0.095 -0.121 -0.151 -0.153 -0.157 -0.154 -0.151 -0.145 -0.145 -0.144 -0.150 -0.155 -0.145 -0.144 -0.139 -0.149 -0.149 -0.141 -0.143 -0.148 -0.148 -0.143 -0.144 -0.148 -0.133 -0.127 -0.132 -0.145 -0.149 -0.147 -0.147 -0.125 -0.123 -0.132 -0.133
-0.115 -0.133 -0.130 -0.139 -0.129 -0.146 -0.150 -0.144 -0.154 -0.145 -0.117 -0.121 -0.086 -0.061 -0.059 -0.100 -0.125 -0.153 -0.155 -0.160 -0.156 -0.153 -0.147 -0.147 -0.146 -0.152 -0.157 -0.147 -0.147 -0.142 -0.152 -0.152 -0.144 -0.146 -0.151 -0.150 -0.145 -0.147 -0.150 -0.136 -0.131 -0.136 -0.148 -0.151 -0.149 -0.149 -0.129 -0.127 -0.136 -0.136
-0.068 -0.050 -0.058 -0.036 -0.057 0.001 -0.012 0.009 -0.039 -0.050 -0.080 -0.086 -0.106 -0.138 -0.142 -0.120 -0.092 -0.039 -0.023 -0.040 -0.030 -0.033 -0.003 -0.039 0.003 -0.024 -0.024 0.001 -0.070 -0.065 -0.047 -0.048 -0.035 -0.073 -0.044 -0.006 0.006 -0.043 -0.020 -0.070 -0.078 -0.059 -0.065 -0.028 -0.009 -0.007 -0.057 -0.060 -0.042 -0.057
-0.033 0.022 0.004 0.056 0.006 0.137 0.116 0.152 0.067 0.035 -0.054 -0.061 -0.138 -0.228 -0.237 -0.151 -0.070 0.066 0.099 0.070 0.087 0.077 0.131 0.060 0.143 0.095 0.100 0.138 -0.003 0.003 0.048 0.046 0.063 -0.009 0.054 0.127 0.148 0.052 0.100 -0.014 -0.036 0.007 0.007 0.086 0.121 0.124 0.004 -0.004 0.040 0.013
-0.030 0.027 0.009 0.063 0.010 0.148 0.127 0.163 0.075 0.042 -0.052 -0.059 -0.142 -0.237 -0.247 -0.155 -0.069 0.074 0.109 0.079 0.096 0.086 0.142 0.068 0.154 0.105 0.110 0.149 0.003 0.008 0.056 0.053 0.071 -0.004 0.061 0.138 0.159 0.059 0.110 -0.010 -0.033 0.012 0.013 0.095 0.132 0.135 0.009 0.001 0.047 0.018
-0.084 -0.066 -0.073 -0.053 -0.072 -0.017 -0.029 -0.009 -0.055 -0.066 -0.095 -0.100 -0.120 -0.151 -0.155 -0.134 -0.106 -0.055 -0.040 -0.056 -0.046 -0.050 -0.020 -0.055 -0.014 -0.040 -0.040 -0.017 -0.085 -0.080 -0.062 -0.064 -0.052 -0.087 -0.059 -0.024 -0.012 -0.059 -0.037 -0.085 -0.093 -0.075 -0.081 -0.044 -0.026 -0.025 -0.073 -0.076 -0.058 -0.072
-0.118 -0.134 -0.132 -0.140 -0.132 -0.145 -0.149 -0.142 -0.155 -0.146 -0.121 -0.125 -0.092 -0.070 -0.069 -0.106 -0.129 -0.153 -0.154 -0.160 -0.156 -0.153 -0.146 -0.148 -0.145 -0.152 -0.157 -0.146 -0.149 -0.144 -0.152 -0.153 -0.144 -0.148 -0.151 -0.149 -0.144 -0.148 -0.150 -0.139 -0.134 -0.138 -0.150 -0.151 -0.148 -0.148 -0.131 -0.129 -0.137 -0.138
-0.161 -0.229 -0.213 -0.263 -0.212 -0.331 -0.323 -0.337 -0.297 -0.260 -0.151 -0.153 -0.039 0.066 0.074 -0.055 -0.153 -0.295 -0.320 -0.309 -0.314 -0.303 -0.329 -0.280 -0.335 -0.313 -0.325 -0.333 -0.237 -0.233 -0.280 -0.279 -0.276 -0.231 -0.282 -0.331 -0.337 -0.274 -0.313 -0.211 -0.188 -0.225 -0.246 -0.305 -0.325 -0.328 -0.210 -0.202 -0.247 -0.229
-0.166 -0.245 -0.226 -0.285 -0.225 -0.365 -0.355 -0.373 -0.323 -0.280 -0.153 -0.155 -0.023 0.099 0.109 -0.040 -0.154 -0.320 -0.351 -0.336 -0.343 -0.330 -0.363 -0.304 -0.370 -0.343 -0.356 -0.368 -0.252 -0.248 -0.303 -0.301 -0.300 -0.245 -0.305 -0.365 -0.374 -0.297 -0.343 -0.222 -0.194 -0.239 -0.262 -0.333 -0.358 -0.361 -0.223 -0.213 -0.266 -0.244
-0.169 -0.240 -0.223 -0.276 -0.223 -0.348 -0.340 -0.355 -0.312 -0.273 -0.157 -0.160 -0.040 0.070 0.079 -0.056 -0.160 -0.309 -0.336 -0.324 -0.329 -0.318 -0.346 -0.294 -0.353 -0.329 -0.341 -0.351 -0.248 -0.244 -0.293 -0.292 -0.290 -0.241 -0.295 -0.348 -0.356 -0.288 -0.329 -0.220 -0.196 -0.235 -0.257 -0.320 -0.342 -0.345 -0.220 -0.212 -0.259 -0.240
-0.166 -0.242 -0.223 -0.280 -0.223 -0.356 -0.347 -0.364 -0.317 -0.275 -0.154 -0.156 -0.030 0.087 0.096 -0.046 -0.156 -0.314 -0.343 -0.329 -0.335 -0.323 -0.354 -0.298 -0.361 -0.335 -0.348 -0.359 -0.249 -0.245 -0.297 -0.296 -0.294 -0.242 -0.299 -0.356 -0.364 -0.291 -0.335 -0.220 -0.194 -0.236 -0.258 -0.326 -0.350 -0.352 -0.220 -0.211 -0.262 -0.241
-0.163 -0.234 -0.217 -0.270 -0.216 -0.342 -0.334 -0.349 -0.306 -0.266 -0.151 -0.153 -0.033 0.077 0.086 -0.050 -0.153 -0.303 -0.330 -0.318 -0.323 -0.312 -0.340 -0.288 -0.346 -0.323 -0.335 -0.345 -0.242 -0.238 -0.287 -0.286 -0.284 -0.235 -0.289 -0.342 -0.349 -0.282 -0.322 -0.214 -0.190 -0.229 -0.251 -0.314 -0.336 -0.338 -0.214 -0.206 -0.253 -0.234
-0.160 -0.247 -0.225 -0.291 -0.225 -0.380 -0.369 -0.389 -0.332 -0.285 -0.145 -0.147 -0.003 0.131 0.142 -0.020 -0.146 -0.329 -0.363 -0.346 -0.354 -0.340 -0.377 -0.312 -0.385 -0.354 -0.369 -0.383 -0.253 -0.249 -0.310 -0.308 -0.307 -0.245 -0.312 -0.379 -0.389 -0.303 -0.354 -0.221 -0.191 -0.239 -0.264 -0.343 -0.372 -0.375 -0.222 -0.212 -0.270 -0.245
-0.154 -0.218 -0.203 -0.250 -0.203 -0.313 -0.306 -0.319 -0.283 -0.248 -0.145 -0.147 -0.039 0.060 0.068 -0.055 -0.148 -0.280 -0.304 -0.294 -0.298 -0.288 -0.312 -0.267 -0.317 -0.298 -0.309 -0.316 -0.227 -0.223 -0.267 -0.266 -0.263 -0.221 -0.268 -0.314 -0.319 -0.261 -0.297 -0.202 -0.180 -0.215 -0.235 -0.290 -0.309 -0.311 -0.201 -0.193 -0.235 -0.219
-0.160 -0.249 -0.227 -0.295 -0.227 -0.388 -0.376 -0.398 -0.338 -0.289 -0.144 -0.146 0.003 0.143 0.154 -0.014 -0.145 -0.335 -0.370 -0.353 -0.361 -0.346 -0.385 -0.317 -0.394 -0.361 -0.376 -0.392 -0.256 -0.252 -0.315 -0.313 -0.312 -0.247 -0.318 -0.387 -0.398 -0.308 -0.361 -0.222 -0.191 -0.242 -0.267 -0.350 -0.380 -0.383 -0.224 -0.213 -0.273 -0.248
-0.163 -0.240 -0.221 -0.279 -0.221 -0.357 -0.347 -0.364 -0.316 -0.274 -0.150 -0.152 -0.024 0.095 0.105 -0.040 -0.152 -0.313 -0.343 -0.329 -0.335 -0.323 -0.354 -0.298 -0.361 -0.335 -0.348 -0.360 -0.247 -0.243 -0.296 -0.295 -0.293 -0.240 -0.299 -0.356 -0.365 -0.291 -0.335 -0.218 -0.191 -0.234 -0.257 -0.325 -0.350 -0.353 -0.218 -0.209 -0.260 -0.239
-0.169 -0.249 -0.229 -0.289 -0.229 -0.371 -0.361 -0.380 -0.328 -0.284 -0.155 -0.157 -0.024 0.100 0.110 -0.040 -0.157 -0.325 -0.356 -0.341 -0.348 -0.335 -0.369 -0.309 -0.376 -0.348 -0.362 -0.374 -0.256 -0.251 -0.307 -0.306 -0.304 -0.248 -0.310 -0.371 -0.380 -0.301 -0.348 -0.225 -0.197 -0.242 -0.266 -0.338 -0.364 -0.367 -0.226 -0.216 -0.270 -0.248
-0.161 -0.249 -0.227 -0.294 -0.227 -0.386 -0.374 -0.396 -0.337 -0.288 -0.145 -0.147 0.001 0.138 0.149 -0.017 -0.146 -0.333 -0.368 -0.351 -0.359 -0.345 -0.383 -0.316 -0.392 -0.360 -0.374 -0.389 -0.256 -0.251 -0.313 -0.312 -0.311 -0.247 -0.316 -0.385 -0.396 -0.307 -0.360 -0.222 -0.191 -0.242 -0.267 -0.348 -0.378 -0.381 -0.224 -0.213 -0.273 -0.248
-0.149 -0.193 -0.183 -0.214 -0.183 -0.254 -0.251 -0.256 -0.240 -0.215 -0.144 -0.147 -0.070 -0.003 0.003 -0.085 -0.149 -0.237 -0.252 -0.248 -0.249 -0.242 -0.253 -0.227 -0.256 -0.247 -0.256 -0.256 -0.204 -0.200 -0.229 -0.228 -0.223 -0.200 -0.229 -0.255 -0.257 -0.224 -0.246 -0.185 -0.170 -0.192 -0.209 -0.242 -0.252 -0.253 -0.181 -0.176 -0.204 -0.195
-0.144 -0.189 -0.179 -0.210 -0.178 -0.249 -0.247 -0.252 -0.235 -0.211 -0.139 -0.142 -0.065 0.003 0.008 -0.080 -0.144 -0.233 -0.248 -0.244 -0.245 -0.238 -0.249 -0.223 -0.252 -0.243 -0.251 -0.251 -0.200 -0.195 -0.225 -0.224 -0.219 -0.196 -0.225 -0.251 -0.253 -0.220 -0.242 -0.180 -0.166 -0.188 -0.205 -0.238 -0.248 -0.249 -0.177 -0.172 -0.200 -0.190
-0.158 -0.220 -0.205 -0.251 -0.205 -0.311 -0.305 -0.316 -0.283 -0.249 -0.149 -0.152 -0.047 0.048 0.056 -0.062 -0.152 -0.280 -0.303 -0.293 -0.297 -0.287 -0.310 -0.267 -0.315 -0.296 -0.307 -0.313 -0.229 -0.225 -0.267 -0.266 -0.263 -0.223 -0.268 -0.311 -0.317 -0.261 -0.295 -0.204 -0.183 -0.216 -0.236 -0.289 -0.307 -0.309 -0.203 -0.195 -0.236 -0.220
-0.158 -0.219 -0.205 -0.250 -0.205 -0.309 -0.303 -0.315 -0.281 -0.248 -0.149 -0.152 -0.048 0.046 0.053 -0.064 -0.153 -0.279 -0.301 -0.292 -0.296 -0.286 -0.308 -0.266 -0.313 -0.295 -0.306 -0.312 -0.228 -0.224 -0.266 -0.265 -0.262 -0.223 -0.267 -0.310 -0.315 -0.261 -0.294 -0.204 -0.183 -0.216 -0.236 -0.287 -0.305 -0.307 -0.203 -0.195 -0.235 -0.220
-0.150 -0.214 -0.199 -0.246 -0.199 -0.308 -0.302 -0.314 -0.279 -0.244 -0.141 -0.144 -0.035 0.063 0.071 -0.052 -0.144 -0.276 -0.300 -0.290 -0.294 -0.284 -0.307 -0.263 -0.312 -0.293 -0.304 -0.311 -0.223 -0.219 -0.263 -0.262 -0.258 -0.217 -0.264 -0.309 -0.314 -0.257 -0.292 -0.198 -0.176 -0.210 -0.231 -0.285 -0.304 -0.306 -0.196 -0.189 -0.231 -0.214
-0.147 -0.189 -0.180 -0.209 -0.179 -0.245 -0.243 -0.247 -0.233 -0.210 -0.143 -0.146 -0.073 -0.009 -0.004 -0.087 -0.148 -0.231 -0.245 -0.241 -0.242 -0.235 -0.245 -0.221 -0.247 -0.240 -0.248 -0.247 -0.200 -0.196 -0.223 -0.223 -0.217 -0.196 -0.224 -0.247 -0.249 -0.218 -0.238 -0.182 -0.168 -0.188 -0.205 -0.235 -0.244 -0.245 -0.178 -0.173 -0.199 -0.191
-0.158 -0.221 -0.206 -0.252 -0.205 -0.314 -0.307 -0.319 -0.284 -0.250 -0.148 -0.151 -0.044 0.054 0.061 -0.059 -0.151 -0.282 -0.305 -0.295 -0.299 -0.289 -0.312 -0.268 -0.318 -0.299 -0.310 -0.316 -0.229 -0.225 -0.268 -0.267 -0.264 -0.224 -0.270 -0.314 -0.320 -0.263 -0.298 -0.204 -0.183 -0.217 -0.237 -0.291 -0.309 -0.311 -0.203 -0.196 -0.237 -0.221
-0.163 -0.249 -0.228 -0.293 -0.227 -0.382 -0.370 -0.391 -0.334 -0.287 -0.148 -0.150 -0.006 0.127 0.138 -0.024 -0.149 -0.331 -0.365 -0.348 -0.356 -0.342 -0.379 -0.314 -0.387 -0.356 -0.371 -0.385 -0.255 -0.251 -0.311 -0.310 -0.309 -0.247 -0.314 -0.381 -0.391 -0.305 -0.356 -0.223 -0.193 -0.242 -0.266 -0.345 -0.373 -0.376 -0.224 -0.214 -0.272 -0.248
-0.160 -0.251 -0.228 -0.298 -0.228 -0.392 -0.380 -0.402 -0.341 -0.291 -0.143 -0.145 0.006 0.148 0.159 -0.012 -0.144 -0.337 -0.374 -0.356 -0.364 -0.349 -0.389 -0.319 -0.398 -0.365 -0.380 -0.396 -0.257 -0.253 -0.317 -0.315 -0.314 -0.249 -0.320 -0.391 -0.402 -0.311 -0.365 -0.223 -0.191 -0.243 -0.269 -0.353 -0.383 -0.387 -0.225 -0.214 -0.275 -0.249
-0.153 -0.215 -0.200 -0.245 -0.200 -0.305 -0.299 -0.310 -0.277 -0.243 -0.144 -0.147 -0.043 0.052 0.059 -0.059 -0.148 -0.274 -0.297 -0.288 -0.291 -0.282 -0.303 -0.261 -0.308 -0.291 -0.301 -0.307 -0.224 -0.220 -0.261 -0.261 -0.257 -0.218 -0.263 -0.305 -0.311 -0.256 -0.290 -0.199 -0.178 -0.211 -0.231 -0.283 -0.301 -0.303 -0.198 -0.190 -0.231 -0.215
-0.161 -0.238 -0.220 -0.278 -0.219 -0.356 -0.347 -0.364 -0.316 -0.273 -0.148 -0.150 -0.020 0.100 0.110 -0.037 -0.150 -0.313 -0.343 -0.329 -0.335 -0.322 -0.354 -0.297 -0.361 -0.335 -0.348 -0.360 -0.246 -0.242 -0.295 -0.294 -0.292 -0.238 -0.298 -0.356 -0.365 -0.290 -0.334 -0.216 -0.189 -0.232 -0.255 -0.325 -0.350 -0.352 -0.216 -0.207 -0.259 -0.237
-0.136 -0.173 -0.165 -0.190 -0.165 -0.220 -0.220 -0.222 -0.213 -0.193 -0.133 -0.136 -0.070 -0.014 -0.010 -0.085 -0.139 -0.211 -0.222 -0.220 -0.220 -0.214 -0.221 -0.202 -0.222 -0.218 -0.225 -0.222 -0.185 -0.180 -0.204 -0.204 -0.198 -0.182 -0.204 -0.223 -0.223 -0.199 -0.216 -0.168 -0.156 -0.173 -0.189 -0.214 -0.221 -0.221 -0.163 -0.159 -0.182 -0.175
-0.128 -0.157 -0.152 -0.169 -0.151 -0.190 -0.191 -0.190 -0.189 -0.174 -0.127 -0.131 -0.078 -0.036 -0.033 -0.093 -0.134 -0.188 -0.194 -0.196 -0.194 -0.190 -0.191 -0.180 -0.191 -0.191 -0.197 -0.191 -0.170 -0.166 -0.183 -0.183 -0.176 -0.168 -0.183 -0.193 -0.191 -0.178 -0.189 -0.156 -0.147 -0.159 -0.173 -0.188 -0.191 -0.192 -0.150 -0.147 -0.163 -0.160
-0.137 -0.181 -0.171 -0.201 -0.171 -0.240 -0.238 -0.242 -0.227 -0.203 -0.132 -0.136 -0.059 0.007 0.012 -0.075 -0.138 -0.225 -0.239 -0.235 -0.236 -0.229 -0.239 -0.215 -0.242 -0.234 -0.242 -0.242 -0.192 -0.188 -0.216 -0.216 -0.210 -0.188 -0.217 -0.242 -0.243 -0.211 -0.232 -0.173 -0.159 -0.180 -0.197 -0.229 -0.239 -0.240 -0.169 -0.164 -0.191 -0.182
-0.151 -0.198 -0.188 -0.221 -0.187 -0.265 -0.262 -0.268 -0.248 -0.222 -0.145 -0.148 -0.065 0.007 0.013 -0.081 -0.150 -0.246 -0.262 -0.257 -0.258 -0.251 -0.264 -0.235 -0.267 -0.257 -0.266 -0.267 -0.209 -0.205 -0.236 -0.236 -0.231 -0.205 -0.237 -0.266 -0.269 -0.231 -0.255 -0.189 -0.173 -0.197 -0.214 -0.251 -0.263 -0.264 -0.185 -0.180 -0.210 -0.200
-0.161 -0.234 -0.217 -0.271 -0.216 -0.345 -0.337 -0.352 -0.308 -0.267 -0.149 -0.151 -0.028 0.086 0.095 -0.044 -0.151 -0.305 -0.333 -0.320 -0.326 -0.314 -0.343 -0.290 -0.350 -0.325 -0.338 -0.348 -0.242 -0.238 -0.289 -0.287 -0.285 -0.235 -0.291 -0.345 -0.353 -0.283 -0.325 -0.214 -0.188 -0.229 -0.251 -0.316 -0.339 -0.342 -0.214 -0.205 -0.254 -0.234
-0.162 -0.245 -0.225 -0.288 -0.224 -0.374 -0.364 -0.383 -0.329 -0.282 -0.147 -0.149 -0.009 0.121 0.132 -0.026 -0.148 -0.325 -0.358 -0.342 -0.350 -0.336 -0.372 -0.309 -0.380 -0.350 -0.364 -0.378 -0.252 -0.248 -0.307 -0.305 -0.304 -0.244 -0.309 -0.373 -0.383 -0.301 -0.350 -0.221 -0.191 -0.239 -0.263 -0.339 -0.367 -0.370 -0.222 -0.212 -0.268 -0.244
-0.162 -0.247 -0.226 -0.290 -0.225 -0.377 -0.366 -0.386 -0.331 -0.284 -0.147 -0.149 -0.007 0.124 0.135 -0.025 -0.148 -0.328 -0.361 -0.345 -0.352 -0.338 -0.375 -0.311 -0.383 -0.353 -0.367 -0.381 -0.253 -0.249 -0.309 -0.307 -0.306 -0.245 -0.311 -0.376 -0.387 -0.303 -0.352 -0.221 -0.192 -0.240 -0.264 -0.342 -0.370 -0.373 -0.223 -0.212 -0.269 -0.245
-0.129 -0.169 -0.161 -0.188 -0.160 -0.222 -0.221 -0.224 -0.212 -0.190 -0.125 -0.129 -0.057 0.004 0.009 -0.073 -0.131 -0.210 -0.223 -0.220 -0.220 -0.214 -0.222 -0.201 -0.224 -0.218 -0.226 -0.224 -0.181 -0.177 -0.203 -0.203 -0.196 -0.178 -0.203 -0.224 -0.225 -0.198 -0.216 -0.163 -0.150 -0.169 -0.185 -0.214 -0.222 -0.223 -0.158 -0.154 -0.179 -0.171
-0.126 -0.164 -0.156 -0.181 -0.155 -0.211 -0.211 -0.213 -0.204 -0.184 -0.123 -0.127 -0.060 -0.004 0.001 -0.076 -0.129 -0.202 -0.213 -0.212 -0.211 -0.206 -0.212 -0.193 -0.213 -0.209 -0.216 -0.213 -0.176 -0.172 -0.195 -0.195 -0.189 -0.173 -0.196 -0.214 -0.214 -0.190 -0.207 -0.159 -0.147 -0.164 -0.180 -0.205 -0.212 -0.212 -0.154 -0.150 -0.173 -0.166
-0.140 -0.194 -0.181 -0.220 -0.181 -0.270 -0.266 -0.274 -0.249 -0.220 -0.132 -0.136 -0.042 0.040 0.047 -0.058 -0.137 -0.247 -0.266 -0.259 -0.262 -0.253 -0.270 -0.235 -0.273 -0.260 -0.270 -0.273 -0.204 -0.200 -0.236 -0.235 -0.231 -0.199 -0.237 -0.272 -0.275 -0.231 -0.259 -0.182 -0.163 -0.191 -0.210 -0.254 -0.268 -0.269 -0.179 -0.173 -0.207 -0.195
-0.138 -0.184 -0.174 -0.205 -0.173 -0.246 -0.243 -0.248 -0.231 -0.206 -0.133 -0.136 -0.057 0.013 0.018 -0.072 -0.138 -0.229 -0.244 -0.240 -0.241 -0.234 -0.245 -0.219 -0.248 -0.239 -0.248 -0.248 -0.195 -0.190 -0.220 -0.220 -0.214 -0.191 -0.221 -0.248 -0.249 -0.215 -0.237 -0.175 -0.160 -0.182 -0.200 -0.234 -0.244 -0.245 -0.171 -0.166 -0.195 -0.185
