-0.368 -0.380 -0.379 -0.387 -0.381 -0.387 -0.387 -0.384 -0.380 -0.366 -0.388 -0.329 -0.328 -0.340 -0.383 -0.378 -0.379 -0.368 -0.340 -0.354 -0.365 -0.351 -0.341 -0.326 -0.347 -0.354 -0.361 -0.354 -0.368 -0.365 -0.367 -0.382 -0.347 -0.371 -0.379 -0.370 -0.377 -0.348 -0.375 -0.364 -0.333 -0.361 -0.384 -0.384 -0.384 -0.374 -0.305 -0.231 -0.146 -0.159
-0.380 -0.392 -0.393 -0.401 -0.395 -0.401 -0.401 -0.398 -0.392 -0.378 -0.402 -0.336 -0.335 -0.349 -0.396 -0.391 -0.392 -0.380 -0.348 -0.364 -0.377 -0.361 -0.349 -0.333 -0.356 -0.364 -0.372 -0.364 -0.380 -0.377 -0.379 -0.396 -0.356 -0.383 -0.392 -0.381 -0.390 -0.357 -0.388 -0.375 -0.340 -0.372 -0.398 -0.398 -0.397 -0.386 -0.311 -0.230 -0.137 -0.151
-0.379 -0.393 -0.393 -0.401 -0.395 -0.402 -0.401 -0.398 -0.392 -0.377 -0.402 -0.336 -0.335 -0.348 -0.396 -0.391 -0.392 -0.380 -0.348 -0.364 -0.377 -0.360 -0.349 -0.333 -0.356 -0.363 -0.372 -0.363 -0.380 -0.377 -0.379 -0.396 -0.356 -0.383 -0.392 -0.381 -0.390 -0.357 -0.388 -0.375 -0.340 -0.371 -0.398 -0.398 -0.398 -0.386 -0.310 -0.228 -0.134 -0.148
-0.387 -0.401 -0.401 -0.410 -0.403 -0.411 -0.410 -0.406 -0.401 -0.384 -0.411 -0.340 -0.339 -0.353 -0.405 -0.400 -0.401 -0.387 -0.353 -0.370 -0.384 -0.366 -0.354 -0.337 -0.361 -0.370 -0.378 -0.370 -0.387 -0.384 -0.386 -0.404 -0.361 -0.390 -0.400 -0.389 -0.397 -0.363 -0.396 -0.382 -0.345 -0.378 -0.406 -0.407 -0.406 -0.394 -0.313 -0.226 -0.127 -0.142
-0.381 -0.395 -0.395 -0.403 -0.397 -0.404 -0.404 -0.400 -0.394 -0.379 -0.404 -0.337 -0.336 -0.349 -0.398 -0.393 -0.394 -0.382 -0.349 -0.365 -0.378 -0.362 -0.350 -0.333 -0.357 -0.365 -0.373 -0.365 -0.382 -0.378 -0.381 -0.398 -0.357 -0.385 -0.394 -0.383 -0.391 -0.358 -0.390 -0.377 -0.341 -0.373 -0.400 -0.400 -0.400 -0.388 -0.310 -0.227 -0.131 -0.146
-0.387 -0.401 -0.402 -0.411 -0.404 -0.411 -0.411 -0.407 -0.401 -0.385 -0.411 -0.341 -0.340 -0.354 -0.405 -0.400 -0.401 -0.388 -0.353 -0.371 -0.384 -0.367 -0.354 -0.337 -0.362 -0.370 -0.379 -0.370 -0.388 -0.384 -0.387 -0.405 -0.362 -0.391 -0.401 -0.389 -0.398 -0.363 -0.397 -0.383 -0.345 -0.379 -0.407 -0.408 -0.407 -0.395 -0.313 -0.227 -0.127 -0.142
-0.387 -0.401 -0.401 -0.410 -0.404 -0.411 -0.411 -0.407 -0.401 -0.385 -0.411 -0.341 -0.340 -0.354 -0.405 -0.400 -0.401 -0.388 -0.354 -0.371 -0.384 -0.367 -0.354 -0.337 -0.362 -0.370 -0.379 -0.370 -0.388 -0.384 -0.387 -0.405 -0.362 -0.391 -0.400 -0.389 -0.398 -0.363 -0.396 -0.383 -0.345 -0.379 -0.407 -0.407 -0.407 -0.394 -0.313 -0.227 -0.129 -0.143
-0.384 -0.398 -0.398 -0.406 -0.400 -0.407 -0.407 -0.403 -0.398 -0.382 -0.407 -0.339 -0.338 -0.352 -0.401 -0.396 -0.398 -0.385 -0.351 -0.368 -0.381 -0.364 -0.352 -0.336 -0.360 -0.368 -0.376 -0.368 -0.385 -0.381 -0.384 -0.401 -0.360 -0.388 -0.397 -0.386 -0.395 -0.361 -0.393 -0.380 -0.343 -0.376 -0.403 -0.404 -0.403 -0.391 -0.312 -0.228 -0.132 -0.146
-0.380 -0.392 -0.392 -0.401 -0.394 -0.401 -0.401 -0.398 -0.392 -0.378 -0.401 -0.337 -0.336 -0.349 -0.396 -0.391 -0.392 -0.380 -0.349 -0.365 -0.377 -0.361 -0.350 -0.334 -0.356 -0.364 -0.372 -0.364 -0.380 -0.377 -0.379 -0.396 -0.356 -0.383 -0.392 -0.382 -0.389 -0.358 -0.388 -0.375 -0.341 -0.372 -0.397 -0.398 -0.397 -0.386 -0.311 -0.232 -0.140 -0.153
-0.366 -0.378 -0.377 -0.384 -0.379 -0.385 -0.385 -0.382 -0.378 -0.365 -0.385 -0.328 -0.327 -0.339 -0.381 -0.376 -0.377 -0.367 -0.338 -0.352 -0.363 -0.349 -0.339 -0.325 -0.346 -0.352 -0.359 -0.352 -0.367 -0.364 -0.365 -0.380 -0.345 -0.369 -0.377 -0.368 -0.375 -0.346 -0.373 -0.362 -0.331 -0.359 -0.382 -0.382 -0.382 -0.372 -0.305 -0.231 -0.147 -0.160
-0.388 -0.402 -0.402 -0.411 -0.404 -0.411 -0.411 -0.407 -0.401 -0.385 -0.411 -0.341 -0.340 -0.354 -0.405 -0.400 -0.401 -0.388 -0.354 -0.371 -0.385 -0.367 -0.355 -0.338 -0.362 -0.371 -0.379 -0.371 -0.388 -0.385 -0.387 -0.405 -0.362 -0.391 -0.401 -0.390 -0.398 -0.364 -0.397 -0.383 -0.346 -0.379 -0.407 -0.408 -0.407 -0.395 -0.314 -0.228 -0.129 -0.144
-0.329 -0.336 -0.336 -0.340 -0.337 -0.341 -0.341 -0.339 -0.337 -0.328 -0.341 -0.303 -0.300 -0.309 -0.339 -0.335 -0.336 -0.329 -0.309 -0.319 -0.326 -0.317 -0.310 -0.300 -0.315 -0.319 -0.324 -0.319 -0.329 -0.327 -0.328 -0.337 -0.314 -0.331 -0.336 -0.330 -0.335 -0.315 -0.333 -0.326 -0.304 -0.324 -0.339 -0.339 -0.339 -0.333 -0.284 -0.228 -0.163 -0.175
-0.328 -0.335 -0.335 -0.339 -0.336 -0.340 -0.340 -0.338 -0.336 -0.327 -0.340 -0.300 -0.298 -0.307 -0.337 -0.334 -0.335 -0.328 -0.307 -0.317 -0.324 -0.315 -0.308 -0.298 -0.313 -0.317 -0.322 -0.317 -0.327 -0.325 -0.326 -0.336 -0.312 -0.330 -0.334 -0.329 -0.334 -0.313 -0.331 -0.324 -0.302 -0.322 -0.338 -0.338 -0.338 -0.331 -0.281 -0.223 -0.156 -0.168
-0.340 -0.349 -0.348 -0.353 -0.349 -0.354 -0.354 -0.352 -0.349 -0.339 -0.354 -0.309 -0.307 -0.317 -0.351 -0.347 -0.348 -0.340 -0.317 -0.328 -0.337 -0.326 -0.318 -0.306 -0.323 -0.328 -0.334 -0.328 -0.340 -0.337 -0.338 -0.350 -0.322 -0.342 -0.348 -0.341 -0.347 -0.323 -0.344 -0.336 -0.311 -0.334 -0.352 -0.352 -0.352 -0.344 -0.289 -0.226 -0.154 -0.166
-0.383 -0.396 -0.396 -0.405 -0.398 -0.405 -0.405 -0.401 -0.396 -0.381 -0.405 -0.339 -0.337 -0.351 -0.400 -0.395 -0.396 -0.383 -0.351 -0.367 -0.380 -0.363 -0.352 -0.335 -0.359 -0.366 -0.375 -0.366 -0.383 -0.380 -0.382 -0.399 -0.359 -0.386 -0.395 -0.385 -0.393 -0.360 -0.391 -0.378 -0.343 -0.375 -0.401 -0.402 -0.401 -0.390 -0.312 -0.230 -0.135 -0.149
-0.378 -0.391 -0.391 -0.400 -0.393 -0.400 -0.400 -0.396 -0.391 -0.376 -0.400 -0.335 -0.334 -0.347 -0.395 -0.390 -0.391 -0.379 -0.347 -0.363 -0.375 -0.359 -0.348 -0.332 -0.355 -0.362 -0.371 -0.363 -0.379 -0.376 -0.378 -0.395 -0.355 -0.382 -0.390 -0.380 -0.388 -0.356 -0.387 -0.374 -0.339 -0.370 -0.396 -0.397 -0.396 -0.385 -0.310 -0.229 -0.136 -0.150
-0.379 -0.392 -0.392 -0.401 -0.394 -0.401 -0.401 -0.398 -0.392 -0.377 -0.401 -0.336 -0.335 -0.348 -0.396 -0.391 -0.392 -0.380 -0.348 -0.364 -0.376 -0.360 -0.349 -0.333 -0.356 -0.363 -0.371 -0.363 -0.380 -0.376 -0.379 -0.396 -0.356 -0.383 -0.391 -0.381 -0.389 -0.357 -0.388 -0.375 -0.340 -0.371 -0.397 -0.398 -0.397 -0.386 -0.310 -0.228 -0.135 -0.149
-0.368 -0.380 -0.380 -0.387 -0.382 -0.388 -0.388 -0.385 -0.380 -0.367 -0.388 -0.329 -0.328 -0.340 -0.383 -0.379 -0.380 -0.369 -0.340 -0.354 -0.365 -0.351 -0.341 -0.326 -0.347 -0.354 -0.361 -0.354 -0.369 -0.366 -0.368 -0.383 -0.347 -0.371 -0.379 -0.370 -0.377 -0.348 -0.375 -0.364 -0.333 -0.361 -0.384 -0.385 -0.384 -0.374 -0.305 -0.230 -0.144 -0.158
-0.340 -0.348 -0.348 -0.353 -0.349 -0.353 -0.354 -0.351 -0.349 -0.338 -0.354 -0.309 -0.307 -0.317 -0.351 -0.347 -0.348 -0.340 -0.317 -0.328 -0.336 -0.325 -0.318 -0.306 -0.323 -0.328 -0.334 -0.328 -0.340 -0.337 -0.338 -0.350 -0.322 -0.342 -0.347 -0.341 -0.346 -0.323 -0.344 -0.336 -0.311 -0.333 -0.351 -0.352 -0.351 -0.344 -0.289 -0.227 -0.155 -0.168
-0.354 -0.364 -0.364 -0.370 -0.365 -0.371 -0.371 -0.368 -0.365 -0.352 -0.371 -0.319 -0.317 -0.328 -0.367 -0.363 -0.364 -0.354 -0.328 -0.341 -0.351 -0.338 -0.329 -0.316 -0.335 -0.340 -0.347 -0.341 -0.354 -0.351 -0.353 -0.366 -0.334 -0.357 -0.363 -0.355 -0.362 -0.335 -0.360 -0.350 -0.321 -0.347 -0.368 -0.369 -0.368 -0.359 -0.296 -0.227 -0.147 -0.160
-0.365 -0.377 -0.377 -0.384 -0.378 -0.384 -0.384 -0.381 -0.377 -0.363 -0.385 -0.326 -0.324 -0.337 -0.380 -0.375 -0.376 -0.365 -0.336 -0.351 -0.362 -0.348 -0.337 -0.323 -0.344 -0.350 -0.358 -0.351 -0.365 -0.362 -0.364 -0.379 -0.344 -0.368 -0.376 -0.367 -0.374 -0.345 -0.372 -0.361 -0.329 -0.358 -0.381 -0.382 -0.381 -0.371 -0.302 -0.227 -0.140 -0.154
-0.351 -0.361 -0.360 -0.366 -0.362 -0.367 -0.367 -0.364 -0.361 -0.349 -0.367 -0.317 -0.315 -0.326 -0.363 -0.359 -0.360 -0.351 -0.325 -0.338 -0.348 -0.335 -0.326 -0.314 -0.332 -0.338 -0.344 -0.338 -0.351 -0.348 -0.350 -0.362 -0.332 -0.353 -0.360 -0.352 -0.358 -0.333 -0.356 -0.347 -0.319 -0.344 -0.364 -0.365 -0.364 -0.356 -0.295 -0.227 -0.149 -0.162
-0.341 -0.349 -0.349 -0.354 -0.350 -0.354 -0.354 -0.352 -0.350 -0.339 -0.355 -0.310 -0.308 -0.318 -0.352 -0.348 -0.349 -0.341 -0.318 -0.329 -0.337 -0.326 -0.318 -0.307 -0.324 -0.328 -0.335 -0.329 -0.340 -0.338 -0.339 -0.350 -0.323 -0.343 -0.348 -0.342 -0.347 -0.324 -0.345 -0.337 -0.312 -0.334 -0.352 -0.353 -0.352 -0.345 -0.290 -0.227 -0.156 -0.168
-0.326 -0.333 -0.333 -0.337 -0.333 -0.337 -0.337 -0.336 -0.334 -0.325 -0.338 -0.300 -0.298 -0.306 -0.335 -0.332 -0.333 -0.326 -0.306 -0.316 -0.323 -0.314 -0.307 -0.297 -0.312 -0.316 -0.321 -0.316 -0.326 -0.323 -0.325 -0.334 -0.311 -0.328 -0.332 -0.327 -0.332 -0.312 -0.329 -0.323 -0.301 -0.321 -0.336 -0.336 -0.336 -0.330 -0.282 -0.226 -0.162 -0.173
-0.347 -0.356 -0.356 -0.361 -0.357 -0.362 -0.362 -0.360 -0.356 -0.346 -0.362 -0.315 -0.313 -0.323 -0.359 -0.355 -0.356 -0.347 -0.323 -0.335 -0.344 -0.332 -0.324 -0.312 -0.330 -0.335 -0.341 -0.335 -0.347 -0.344 -0.346 -0.358 -0.329 -0.349 -0.355 -0.348 -0.354 -0.330 -0.352 -0.343 -0.317 -0.341 -0.359 -0.360 -0.359 -0.352 -0.294 -0.230 -0.156 -0.168
-0.354 -0.364 -0.363 -0.370 -0.365 -0.370 -0.370 -0.368 -0.364 -0.352 -0.371 -0.319 -0.317 -0.328 -0.366 -0.362 -0.363 -0.354 -0.328 -0.340 -0.350 -0.338 -0.328 -0.316 -0.335 -0.340 -0.347 -0.340 -0.354 -0.351 -0.352 -0.366 -0.334 -0.356 -0.363 -0.355 -0.361 -0.335 -0.359 -0.350 -0.321 -0.347 -0.367 -0.368 -0.367 -0.359 -0.296 -0.228 -0.148 -0.161
-0.361 -0.372 -0.372 -0.378 -0.373 -0.379 -0.379 -0.376 -0.372 -0.359 -0.379 -0.324 -0.322 -0.334 -0.375 -0.371 -0.371 -0.361 -0.334 -0.347 -0.358 -0.344 -0.335 -0.321 -0.341 -0.347 -0.354 -0.347 -0.361 -0.358 -0.360 -0.374 -0.340 -0.364 -0.371 -0.363 -0.369 -0.341 -0.367 -0.357 -0.327 -0.354 -0.376 -0.376 -0.376 -0.366 -0.301 -0.229 -0.146 -0.159
-0.354 -0.364 -0.363 -0.370 -0.365 -0.370 -0.370 -0.368 -0.364 -0.352 -0.371 -0.319 -0.317 -0.328 -0.366 -0.363 -0.363 -0.354 -0.328 -0.341 -0.351 -0.338 -0.329 -0.316 -0.335 -0.340 -0.347 -0.341 -0.354 -0.351 -0.353 -0.366 -0.334 -0.356 -0.363 -0.355 -0.362 -0.335 -0.359 -0.350 -0.321 -0.347 -0.367 -0.368 -0.367 -0.359 -0.297 -0.228 -0.149 -0.162
-0.368 -0.380 -0.380 -0.387 -0.382 -0.388 -0.388 -0.385 -0.380 -0.367 -0.388 -0.329 -0.327 -0.340 -0.383 -0.379 -0.380 -0.369 -0.340 -0.354 -0.365 -0.351 -0.340 -0.326 -0.347 -0.354 -0.361 -0.354 -0.369 -0.365 -0.368 -0.383 -0.347 -0.371 -0.379 -0.370 -0.377 -0.348 -0.375 -0.364 -0.332 -0.361 -0.385 -0.385 -0.384 -0.374 -0.305 -0.230 -0.143 -0.156
-0.365 -0.377 -0.377 -0.384 -0.378 -0.384 -0.384 -0.381 -0.377 -0.364 -0.385 -0.327 -0.325 -0.337 -0.380 -0.376 -0.376 -0.366 -0.337 -0.351 -0.362 -0.348 -0.338 -0.323 -0.344 -0.351 -0.358 -0.351 -0.365 -0.362 -0.364 -0.379 -0.344 -0.368 -0.376 -0.367 -0.374 -0.345 -0.372 -0.361 -0.330 -0.358 -0.381 -0.382 -0.381 -0.371 -0.303 -0.228 -0.143 -0.156
-0.367 -0.379 -0.379 -0.386 -0.381 -0.387 -0.387 -0.384 -0.379 -0.365 -0.387 -0.328 -0.326 -0.338 -0.382 -0.378 -0.379 -0.368 -0.338 -0.353 -0.364 -0.350 -0.339 -0.325 -0.346 -0.352 -0.360 -0.353 -0.368 -0.364 -0.366 -0.382 -0.345 -0.370 -0.378 -0.369 -0.376 -0.347 -0.374 -0.363 -0.331 -0.360 -0.384 -0.384 -0.383 -0.373 -0.303 -0.227 -0.140 -0.154
-0.382 -0.396 -0.396 -0.404 -0.398 -0.405 -0.405 -0.401 -0.396 -0.380 -0.405 -0.337 -0.336 -0.350 -0.399 -0.395 -0.396 -0.383 -0.350 -0.366 -0.379 -0.362 -0.350 -0.334 -0.358 -0.366 -0.374 -0.366 -0.383 -0.379 -0.382 -0.399 -0.358 -0.386 -0.395 -0.384 -0.393 -0.359 -0.391 -0.378 -0.341 -0.374 -0.401 -0.402 -0.401 -0.389 -0.310 -0.226 -0.130 -0.144
-0.347 -0.356 -0.356 -0.361 -0.357 -0.362 -0.362 -0.360 -0.356 -0.345 -0.362 -0.314 -0.312 -0.322 -0.359 -0.355 -0.356 -0.347 -0.322 -0.334 -0.344 -0.332 -0.323 -0.311 -0.329 -0.334 -0.340 -0.334 -0.347 -0.344 -0.345 -0.358 -0.328 -0.349 -0.355 -0.348 -0.354 -0.329 -0.352 -0.343 -0.316 -0.340 -0.360 -0.360 -0.359 -0.351 -0.293 -0.227 -0.152 -0.164
-0.371 -0.383 -0.383 -0.390 -0.385 -0.391 -0.391 -0.388 -0.383 -0.369 -0.391 -0.331 -0.330 -0.342 -0.386 -0.382 -0.383 -0.371 -0.342 -0.357 -0.368 -0.353 -0.343 -0.328 -0.349 -0.356 -0.364 -0.356 -0.371 -0.368 -0.370 -0.386 -0.349 -0.374 -0.382 -0.373 -0.380 -0.350 -0.378 -0.367 -0.334 -0.364 -0.388 -0.388 -0.387 -0.377 -0.306 -0.230 -0.142 -0.156
-0.379 -0.392 -0.392 -0.400 -0.394 -0.401 -0.400 -0.397 -0.392 -0.377 -0.401 -0.336 -0.334 -0.348 -0.395 -0.390 -0.391 -0.379 -0.347 -0.363 -0.376 -0.360 -0.348 -0.332 -0.355 -0.363 -0.371 -0.363 -0.379 -0.376 -0.378 -0.395 -0.355 -0.382 -0.391 -0.381 -0.389 -0.356 -0.387 -0.374 -0.340 -0.371 -0.397 -0.397 -0.397 -0.385 -0.310 -0.229 -0.136 -0.150
-0.370 -0.381 -0.381 -0.389 -0.383 -0.389 -0.389 -0.386 -0.382 -0.368 -0.390 -0.330 -0.329 -0.341 -0.385 -0.380 -0.381 -0.370 -0.341 -0.355 -0.367 -0.352 -0.342 -0.327 -0.348 -0.355 -0.363 -0.355 -0.370 -0.367 -0.369 -0.384 -0.348 -0.373 -0.381 -0.371 -0.379 -0.349 -0.377 -0.366 -0.334 -0.362 -0.386 -0.386 -0.386 -0.376 -0.306 -0.231 -0.144 -0.157
-0.377 -0.390 -0.390 -0.397 -0.391 -0.398 -0.398 -0.395 -0.389 -0.375 -0.398 -0.335 -0.334 -0.347 -0.393 -0.388 -0.389 -0.377 -0.346 -0.362 -0.374 -0.358 -0.347 -0.332 -0.354 -0.361 -0.369 -0.362 -0.377 -0.374 -0.376 -0.393 -0.354 -0.380 -0.389 -0.379 -0.387 -0.355 -0.385 -0.373 -0.339 -0.369 -0.394 -0.395 -0.394 -0.383 -0.310 -0.231 -0.140 -0.154
-0.348 -0.357 -0.357 -0.363 -0.358 -0.363 -0.363 -0.361 -0.358 -0.346 -0.364 -0.315 -0.313 -0.323 -0.360 -0.356 -0.357 -0.348 -0.323 -0.335 -0.345 -0.333 -0.324 -0.312 -0.330 -0.335 -0.341 -0.335 -0.348 -0.345 -0.347 -0.359 -0.329 -0.350 -0.356 -0.349 -0.355 -0.330 -0.353 -0.344 -0.317 -0.341 -0.361 -0.361 -0.361 -0.352 -0.293 -0.228 -0.152 -0.165
-0.375 -0.388 -0.388 -0.396 -0.390 -0.397 -0.396 -0.393 -0.388 -0.373 -0.397 -0.333 -0.331 -0.344 -0.391 -0.387 -0.388 -0.375 -0.344 -0.360 -0.372 -0.356 -0.345 -0.329 -0.352 -0.359 -0.367 -0.359 -0.375 -0.372 -0.374 -0.391 -0.352 -0.378 -0.387 -0.377 -0.385 -0.353 -0.383 -0.371 -0.336 -0.367 -0.393 -0.393 -0.393 -0.382 -0.307 -0.227 -0.134 -0.148
-0.364 -0.375 -0.375 -0.382 -0.377 -0.383 -0.383 -0.380 -0.375 -0.362 -0.383 -0.326 -0.324 -0.336 -0.378 -0.374 -0.375 -0.364 -0.336 -0.350 -0.361 -0.347 -0.337 -0.323 -0.343 -0.350 -0.357 -0.350 -0.364 -0.361 -0.363 -0.378 -0.343 -0.367 -0.374 -0.366 -0.373 -0.344 -0.371 -0.360 -0.329 -0.357 -0.380 -0.380 -0.379 -0.370 -0.302 -0.229 -0.145 -0.158
-0.333 -0.340 -0.340 -0.345 -0.341 -0.345 -0.345 -0.343 -0.341 -0.331 -0.346 -0.304 -0.302 -0.311 -0.343 -0.339 -0.340 -0.333 -0.311 -0.321 -0.329 -0.319 -0.312 -0.301 -0.317 -0.321 -0.327 -0.321 -0.332 -0.330 -0.331 -0.341 -0.316 -0.334 -0.340 -0.334 -0.339 -0.317 -0.336 -0.329 -0.306 -0.327 -0.343 -0.344 -0.343 -0.336 -0.284 -0.225 -0.156 -0.168
-0.361 -0.372 -0.371 -0.378 -0.373 -0.379 -0.379 -0.376 -0.372 -0.359 -0.379 -0.324 -0.322 -0.334 -0.375 -0.370 -0.371 -0.361 -0.333 -0.347 -0.358 -0.344 -0.334 -0.321 -0.341 -0.347 -0.354 -0.347 -0.361 -0.358 -0.360 -0.374 -0.340 -0.364 -0.371 -0.362 -0.369 -0.341 -0.367 -0.357 -0.327 -0.354 -0.376 -0.376 -0.376 -0.366 -0.300 -0.228 -0.145 -0.158
-0.384 -0.398 -0.398 -0.406 -0.400 -0.407 -0.407 -0.403 -0.397 -0.382 -0.407 -0.339 -0.338 -0.352 -0.401 -0.396 -0.397 -0.384 -0.351 -0.368 -0.381 -0.364 -0.352 -0.336 -0.359 -0.367 -0.376 -0.367 -0.385 -0.381 -0.384 -0.401 -0.360 -0.388 -0.397 -0.386 -0.394 -0.361 -0.393 -0.380 -0.343 -0.376 -0.403 -0.403 -0.403 -0.391 -0.312 -0.228 -0.132 -0.146
-0.384 -0.398 -0.398 -0.407 -0.400 -0.408 -0.407 -0.404 -0.398 -0.382 -0.408 -0.339 -0.338 -0.352 -0.402 -0.397 -0.398 -0.385 -0.352 -0.369 -0.382 -0.365 -0.353 -0.336 -0.360 -0.368 -0.376 -0.368 -0.385 -0.382 -0.384 -0.402 -0.360 -0.388 -0.397 -0.386 -0.395 -0.361 -0.393 -0.380 -0.344 -0.376 -0.403 -0.404 -0.403 -0.392 -0.313 -0.229 -0.132 -0.147
-0.384 -0.397 -0.398 -0.406 -0.400 -0.407 -0.407 -0.403 -0.397 -0.382 -0.407 -0.339 -0.338 -0.352 -0.401 -0.396 -0.397 -0.384 -0.351 -0.368 -0.381 -0.364 -0.352 -0.336 -0.359 -0.367 -0.376 -0.367 -0.384 -0.381 -0.383 -0.401 -0.359 -0.387 -0.397 -0.386 -0.394 -0.361 -0.393 -0.379 -0.343 -0.376 -0.403 -0.403 -0.403 -0.391 -0.312 -0.228 -0.132 -0.146
-0.374 -0.386 -0.386 -0.394 -0.388 -0.395 -0.394 -0.391 -0.386 -0.372 -0.395 -0.333 -0.331 -0.344 -0.390 -0.385 -0.386 -0.374 -0.344 -0.359 -0.371 -0.356 -0.345 -0.330 -0.352 -0.359 -0.366 -0.359 -0.374 -0.371 -0.373 -0.389 -0.351 -0.377 -0.385 -0.376 -0.383 -0.352 -0.382 -0.370 -0.336 -0.366 -0.391 -0.392 -0.391 -0.380 -0.308 -0.230 -0.140 -0.153
-0.305 -0.311 -0.310 -0.313 -0.310 -0.313 -0.313 -0.312 -0.311 -0.305 -0.314 -0.284 -0.281 -0.289 -0.312 -0.310 -0.310 -0.305 -0.289 -0.296 -0.302 -0.295 -0.290 -0.282 -0.294 -0.296 -0.301 -0.297 -0.305 -0.303 -0.303 -0.310 -0.293 -0.306 -0.310 -0.306 -0.310 -0.293 -0.307 -0.302 -0.284 -0.300 -0.312 -0.313 -0.312 -0.308 -0.268 -0.219 -0.163 -0.174
-0.231 -0.230 -0.228 -0.226 -0.227 -0.227 -0.227 -0.228 -0.232 -0.231 -0.228 -0.228 -0.223 -0.226 -0.230 -0.229 -0.228 -0.230 -0.227 -0.227 -0.227 -0.227 -0.227 -0.226 -0.230 -0.228 -0.229 -0.228 -0.230 -0.228 -0.227 -0.226 -0.227 -0.230 -0.229 -0.231 -0.231 -0.228 -0.227 -0.229 -0.225 -0.228 -0.228 -0.229 -0.228 -0.230 -0.219 -0.197 -0.169 -0.179
-0.146 -0.137 -0.134 -0.127 -0.131 -0.127 -0.129 -0.132 -0.140 -0.147 -0.129 -0.163 -0.156 -0.154 -0.135 -0.136 -0.135 -0.144 -0.155 -0.147 -0.140 -0.149 -0.156 -0.162 -0.156 -0.148 -0.146 -0.149 -0.143 -0.143 -0.140 -0.130 -0.152 -0.142 -0.136 -0.144 -0.140 -0.152 -0.134 -0.145 -0.156 -0.145 -0.132 -0.132 -0.132 -0.140 -0.163 -0.169 -0.175 -0.182
-0.159 -0.151 -0.148 -0.142 -0.146 -0.142 -0.143 -0.146 -0.153 -0.160 -0.144 -0.175 -0.168 -0.166 -0.149 -0.150 -0.149 -0.158 -0.168 -0.160 -0.154 -0.162 -0.168 -0.173 -0.168 -0.161 -0.159 -0.162 -0.156 -0.156 -0.154 -0.144 -0.164 -0.156 -0.150 -0.157 -0.154 -0.165 -0.148 -0.158 -0.168 -0.158 -0.146 -0.147 -0.146 -0.153 -0.174 -0.179 -0.182 -0.190
