1.944
1.961
1.976
1.997
2.015
2.041
2.061
2.073
2.102
2.117
2.136
2.153
2.181
2.205
2.219
2.242
2.264
2.291
2.313
2.335
2.355
2.375
2.400
2.424
2.441
2.468
2.489
2.514
2.529
2.565
2.582
2.609
2.630
2.649
2.667
2.693
2.720
2.746
2.772
2.786
2.810
2.836
2.866
2.886
2.897
2.929
2.953
2.975
2.996
3.022
3.037
3.063
3.081
3.105
3.133
3.148
3.168
3.196
3.221
3.241
3.264
3.278
3.298
3.318
3.335
3.356
3.376
3.393
3.423
3.439
3.457
3.484
3.489
3.518
3.537
3.555
3.570
3.588
3.603
3.628
3.640
3.651
3.674
3.689
3.705
3.713
3.739
3.749
3.761
3.781
3.799
3.816
3.823
3.845
3.848
3.860
3.883
3.895
3.910
3.919
3.928
3.942
3.951
3.970
3.974
3.996
4.009
4.020
4.036
4.040
4.049
4.071
4.069
4.084
4.097
4.109
4.114
4.125
4.131
4.147
4.156
4.167
4.169
4.186
4.203
4.205
4.211
4.218
4.229
4.245
4.254
4.258
4.270
4.283
4.288
4.294
4.303
4.312
4.315
4.319
4.327
4.336
4.341
4.359
4.364
4.365
4.373
4.387
4.385
4.398
4.408
4.405
4.412
4.423
4.430
4.438
4.449
4.440
4.452
4.471
4.470
4.472
4.485
4.486
4.492
4.495
4.506
4.509
4.509
4.518
4.526
4.533
4.534
4.551
4.550
4.549
4.552
4.563
4.568
4.574
4.579
4.582
4.580
4.587
4.593
4.603
4.609
4.617
4.611
4.621
4.624
4.629
4.631
4.644
4.648
4.657
4.642
4.653
4.668
4.664
4.668
4.672
4.668
4.677
4.687
4.683
4.687
4.686
4.709
4.705
4.702
4.710
4.716
4.718
4.716
4.731
4.732
4.730
4.739
4.736
4.735
4.748
4.754
4.758
4.761
4.757
4.758
4.765
4.770
4.781
4.777
4.777
4.779
4.792
4.787
4.793
4.802
4.803
4.800
4.801
4.813
4.807
4.818
4.815
4.826
4.824
4.824
4.835
4.835
4.832
4.840
4.832
4.845
4.838
4.848
4.855
4.856
4.858
4.861
4.865
4.858
4.859
4.864
4.870
4.869
4.882
4.874
4.875
4.881
4.892
4.881
4.893
4.898
4.898
4.902
4.894
4.902
4.899
4.911
4.917
4.914
4.913
4.916
4.924
4.923
4.928
4.924
4.924
4.926
4.934
4.933
4.942
4.931
4.936
4.942
4.941
4.953
4.949
4.955
4.946
4.949
4.960
4.960
4.956
4.962
4.957
4.968
4.963
4.968
4.977
4.972
4.968
4.973
4.982
4.975
4.989
4.985
4.988
4.988
4.994
4.991
4.992
4.995
4.998
5.000
4.988
4.995
5.009
5.010
5.003
5.010
5.014
5.012
5.011
5.019
5.015
5.012
5.018
5.015
5.020
5.025
5.029
5.019
5.024
5.030
5.032
5.027
5.042
5.038
5.033
5.034
5.031
5.047
5.045
5.045
5.039
5.046
5.049
5.052
5.048
5.054
5.049
5.055
5.053
5.054
5.053
5.060
5.068
5.062
5.069
5.065
5.070
5.074
5.064
5.078
5.066
5.066
5.065
5.068
5.073
5.071
5.074
5.080
5.077
5.082
5.086
5.087
5.087
5.086
5.087
5.088
5.079
5.092
5.087
5.098
5.098
5.094
5.099
5.097
5.096
5.094
5.105
5.096
5.104
5.107
5.099
5.106
5.107
5.102
5.108
5.109
5.119
5.107
5.118
5.111
5.119
5.124
5.114
5.122
5.119
5.122
5.124
5.111
5.120
5.131
5.117
5.122
5.130
5.128
5.132
5.132
5.131
5.132
5.130
5.129
5.138
5.132
5.141
5.130
5.131
5.138
5.131
5.134
5.139
5.135
5.139
5.138
5.144
5.142
5.142
5.143
5.152
5.148
5.142
5.153
5.153
5.152
5.148
5.157
5.155
5.150
5.156
5.148
5.153
5.160
5.160
5.161
5.158
5.158
5.162
5.161
5.166
5.168
5.168
5.160
5.171
5.158
5.164
5.166
5.166
5.169
5.164
5.174
5.169
5.168
5.179
5.179
5.173
5.176
5.177
5.168
5.175
5.184
5.174
5.187
5.179
5.183
5.182
5.182
5.181
5.185
5.177
5.184
5.192
5.188
5.188
5.187
5.184
5.191
5.185
5.186
5.191
5.195
5.190
5.185
5.190
5.193
5.189
5.188
5.197
5.195
5.193
5.200
5.198
5.206
5.193
5.203
5.201
5.203
5.196
5.198
5.209
5.208
5.199
5.199
5.202
5.209
5.206
5.207
5.197
5.208
5.208
5.204
5.213
5.210
5.205
5.202
5.214
5.207
5.209
5.217
5.211
5.216
5.218
5.216
5.218
5.210
5.221
5.215
5.216
5.213
5.224
5.224
5.221
5.218
5.222
5.215
5.219
5.216
5.218
5.218
5.219
5.222
5.216
5.230
5.227
5.227
5.231
5.231
5.227
5.219
5.229
5.226
5.229
5.235
5.227
5.237
5.225
5.227
5.226
5.228
5.223
5.227
5.225
5.224
5.237
5.234
5.239
5.231
5.236
5.232
5.239
5.238
5.239
5.234
5.240
5.237
5.237
5.246
5.238
5.248
5.240
5.244
5.234
5.241
5.239
5.243
5.250
5.237
5.239
5.235
5.247
5.252
5.242
5.238
5.250
5.238
5.249
5.246
5.242
5.242
5.242
5.243
5.245
5.249
5.247
5.254
5.248
5.256
5.242
5.250
5.251
5.252
5.256
5.248
5.256
5.249
5.257
5.248
5.257
5.249
5.256
5.255
5.259
5.254
5.255
5.254
5.250
5.262
5.254
5.255
5.259
5.263
5.261
5.257
5.254
5.257
5.265
5.261
5.263
5.252
5.258
5.256
5.265
5.258
5.264
5.263
5.261
5.267
5.259
5.268
5.255
5.267
5.266
5.271
5.262
5.262
5.267
5.273
5.261
5.264
5.267
5.269
5.260
5.276
5.265
5.266
5.270
5.263
5.278
5.270
5.274
5.265
5.273
5.273
5.265
5.274
5.275
5.276
5.274
5.273
5.280
5.280
5.280
5.277
5.269
5.273
5.279
5.277
5.278
5.270
5.276
5.280
5.280
5.267
5.272
5.271
5.277
5.274
5.284
5.270
5.285
5.279
5.270
5.284
5.278
5.273
5.286
5.285
5.278
5.276
5.281
5.287
5.277
5.285
5.285
5.278
5.282
5.279
5.281
5.285
5.286
5.281
5.280
5.285
5.289
5.283
5.287
5.286
5.287
5.286
5.280
5.285
5.284
5.286
5.282
5.293
5.290
5.290
5.284
5.286
5.290
5.293
5.296
5.286
5.290
5.285
5.290
5.287
5.289
5.285
5.289
5.286
5.287
5.286
5.298
5.286
5.287
5.290
5.284
5.287
5.298
5.299
5.296
5.299
5.295
5.298
5.289
5.301
5.290
5.302
5.298
5.295
5.289
5.290
5.293
5.301
5.294
5.298
5.298
5.305
5.290
5.291
5.303
5.290
5.290
5.301
5.300
5.293
5.304
5.299
5.289
5.296
5.295
5.296
5.300
5.301
5.303
5.301
5.307
5.297
5.295
5.305
5.307
5.310
5.303
5.298
5.296
5.308
5.300
5.297
5.301
5.296
5.307
5.306
5.298
5.304
5.297
5.304
5.298
5.301
5.304
5.306
5.302
5.307
5.313
5.301
5.309
5.299
5.308
5.301
5.309
5.298
5.299
5.301
5.308
5.301
5.307
5.307
5.308
5.303
5.306
5.302
5.303
5.313
5.306
5.307
5.306
5.315
5.303
5.303
5.306
5.316
5.312
5.312
5.308
5.311
5.315
5.311
5.314
5.309
5.312
5.315
5.306
5.311
5.316
5.309
5.315
5.307
5.313
5.314
5.318
5.310
5.310
5.315
5.317
5.317
5.308
5.315
5.313
5.307
5.318
5.315
5.321
5.316
5.317
5.319
5.310
5.315
5.316
5.316
5.318
5.315
5.315
5.306
5.321
5.311
5.314
5.315
5.312
5.314
5.319
5.321
5.322
5.323
5.318
5.311
5.324
5.316
5.320
5.316
5.315
5.327
5.313
5.316
5.318
5.325
5.314
5.312
5.318
5.328
5.326
5.315
5.325
5.317
5.319
5.314
5.330
5.323
5.328
5.318
5.314
5.322
5.325
5.325
5.326
5.323
5.320
5.322
5.321
5.321
5.328
5.320
5.324
5.321
5.330
5.323
5.317
5.317
5.321
5.325
5.325
5.318
5.330
5.320
5.326
5.323
5.326
5.324
5.320
5.322
5.328
5.328
5.322
5.323
5.322
5.320
5.327
5.321
5.329
5.319
5.325
5.320
5.329
5.329
5.321
5.332
5.330
5.329
5.327
5.322
5.328
5.329
5.323
5.322
5.325
5.324
5.328
5.323
5.334
5.324
5.318
5.333
5.330
