2.017
2.033
2.048
2.072
2.090
2.115
2.137
2.149
2.180
2.196
2.213
2.233
2.261
2.284
2.300
2.323
2.344
2.376
2.398
2.420
2.440
2.459
2.485
2.511
2.529
2.558
2.579
2.606
2.622
2.658
2.678
2.704
2.727
2.748
2.766
2.790
2.821
2.849
2.873
2.888
2.914
2.942
2.972
2.990
3.005
3.034
3.063
3.083
3.106
3.129
3.148
3.172
3.192
3.217
3.244
3.264
3.282
3.312
3.334
3.357
3.382
3.395
3.413
3.439
3.454
3.477
3.496
3.513
3.542
3.561
3.580
3.604
3.611
3.640
3.661
3.679
3.697
3.712
3.728
3.755
3.768
3.779
3.803
3.818
3.835
3.842
3.870
3.878
3.893
3.914
3.932
3.948
3.958
3.980
3.982
3.996
4.022
4.033
4.046
4.058
4.067
4.082
4.092
4.106
4.116
4.138
4.148
4.163
4.178
4.184
4.193
4.217
4.220
4.230
4.243
4.254
4.256
4.272
4.279
4.297
4.304
4.317
4.318
4.336
4.353
4.354
4.362
4.369
4.381
4.399
4.408
4.412
4.425
4.438
4.443
4.449
4.457
4.468
4.466
4.474
4.485
4.493
4.497
4.518
4.522
4.523
4.531
4.547
4.547
4.559
4.569
4.568
4.574
4.586
4.593
4.601
4.612
4.604
4.615
4.634
4.631
4.638
4.647
4.650
4.658
4.658
4.670
4.675
4.673
4.685
4.692
4.698
4.700
4.717
4.720
4.717
4.721
4.729
4.736
4.744
4.749
4.751
4.751
4.754
4.761
4.773
4.777
4.785
4.780
4.791
4.794
4.800
4.801
4.814
4.818
4.828
4.814
4.825
4.837
4.839
4.839
4.844
4.840
4.848
4.859
4.854
4.861
4.861
4.881
4.881
4.874
4.885
4.889
4.890
4.890
4.908
4.907
4.905
4.911
4.912
4.911
4.923
4.928
4.934
4.936
4.934
4.935
4.938
4.946
4.956
4.951
4.952
4.956
4.968
4.964
4.968
4.979
4.980
4.979
4.979
4.990
4.981
4.995
4.989
5.002
5.006
5.003
5.012
5.015
5.009
5.018
5.007
5.023
5.015
5.023
5.034
5.035
5.038
5.041
5.042
5.036
5.039
5.042
5.047
5.047
5.061
5.053
5.054
5.059
5.070
5.061
5.069
5.076
5.075
5.082
5.075
5.081
5.078
5.089
5.096
5.093
5.093
5.094
5.103
5.103
5.107
5.104
5.103
5.106
5.110
5.111
5.119
5.106
5.116
5.121
5.121
5.132
5.129
5.133
5.128
5.130
5.137
5.136
5.135
5.139
5.136
5.148
5.144
5.146
5.156
5.153
5.147
5.153
5.163
5.151
5.168
5.167
5.168
5.167
5.174
5.170
5.175
5.176
5.179
5.179
5.170
5.171
5.188
5.190
5.178
5.188
5.194
5.192
5.190
5.198
5.197
5.190
5.199
5.196
5.201
5.208
5.208
5.199
5.205
5.209
5.210
5.204
5.221
5.218
5.213
5.216
5.211
5.228
5.224
5.226
5.216
5.227
5.227
5.232
5.228
5.235
5.229
5.236
5.232
5.236
5.233
5.240
5.247
5.243
5.247
5.245
5.251
5.253
5.246
5.257
5.247
5.243
5.248
5.249
5.249
5.251
5.253
5.260
5.256
5.261
5.269
5.265
5.268
5.268
5.266
5.268
5.260
5.271
5.267
5.277
5.278
5.274
5.281
5.278
5.276
5.273
5.286
5.277
5.283
5.286
5.278
5.285
5.288
5.281
5.285
5.291
5.299
5.286
5.296
5.290
5.300
5.304
5.294
5.301
5.296
5.301
5.303
5.294
5.299
5.311
5.294
5.302
5.311
5.307
5.312
5.315
5.308
5.311
5.310
5.312
5.318
5.312
5.320
5.311
5.309
5.317
5.311
5.315
5.318
5.315
5.317
5.321
5.322
5.319
5.324
5.323
5.334
5.329
5.324
5.330
5.334
5.332
5.329
5.339
5.334
5.330
5.335
5.326
5.334
5.339
5.342
5.343
5.336
5.337
5.343
5.339
5.343
5.347
5.347
5.340
5.352
5.339
5.344
5.349
5.345
5.350
5.342
5.355
5.349
5.350
5.359
5.358
5.354
5.358
5.357
5.347
5.355
5.364
5.353
5.366
5.360
5.364
5.363
5.361
5.361
5.366
5.357
5.364
5.371
5.367
5.368
5.363
5.366
5.372
5.366
5.368
5.371
5.374
5.371
5.365
5.369
5.374
5.370
5.368
5.381
5.373
5.372
5.378
5.379
5.385
5.374
5.382
5.380
5.384
5.374
5.380
5.386
5.389
5.379
5.380
5.383
5.388
5.383
5.387
5.377
5.391
5.387
5.385
5.396
5.387
5.385
5.382
5.389
5.387
5.389
5.395
5.392
5.395
5.397
5.393
5.400
5.391
5.402
5.394
5.396
5.392
5.402
5.405
5.401
5.397
5.402
5.396
5.397
5.396
5.400
5.397
5.397
5.405
5.398
5.409
5.407
5.406
5.410
5.410
5.407
5.398
5.408
5.406
5.405
5.414
5.406
5.420
5.405
5.404
5.406
5.409
5.404
5.407
5.407
5.405
5.419
5.415
5.419
5.411
5.416
5.411
5.419
5.417
5.419
5.412
5.419
5.415
5.418
5.427
5.421
5.427
5.420
5.427
5.414
5.420
5.420
5.424
5.430
5.418
5.419
5.416
5.428
5.430
5.421
5.418
5.432
5.417
5.431
5.428
5.425
5.422
5.421
5.422
5.425
5.428
5.426
5.432
5.430
5.437
5.423
5.428
5.431
5.433
5.435
5.428
5.438
5.426
5.436
5.429
5.437
5.427
5.440
5.435
5.438
5.433
5.435
5.435
5.431
5.444
5.434
5.434
5.440
5.444
5.444
5.436
5.435
5.436
5.445
5.441
5.443
5.434
5.439
5.438
5.447
5.440
5.450
5.443
5.438
5.451
5.440
5.448
5.435
5.447
5.448
5.452
5.444
5.441
5.448
5.453
5.442
5.447
5.448
5.452
5.442
5.456
5.447
5.446
5.452
5.442
5.458
5.449
5.454
5.444
5.454
5.453
5.446
5.455
5.458
5.458
5.453
5.454
5.460
5.460
5.463
5.459
5.451
5.456
5.460
5.459
5.458
5.452
5.458
5.465
5.464
5.447
5.452
5.451
5.452
5.455
5.465
5.454
5.467
5.461
5.452
5.466
5.458
5.454
5.469
5.466
5.462
5.455
5.459
5.469
5.457
5.468
5.465
5.460
5.462
5.460
5.461
5.465
5.466
5.464
5.461
5.466
5.469
5.464
5.468
5.468
5.468
5.467
5.462
5.467
5.465
5.471
5.464
5.474
5.474
5.474
5.464
5.466
5.470
5.475
5.475
5.469
5.471
5.468
5.474
5.468
5.472
5.468
5.471
5.468
5.467
5.468
5.481
5.467
5.470
5.474
5.466
5.468
5.480
5.480
5.480
5.481
5.478
5.478
5.471
5.484
5.470
5.485
5.479
5.475
5.473
5.473
5.475
5.483
5.477
5.482
5.480
5.488
5.472
5.471
5.485
5.471
5.473
5.481
5.481
5.475
5.486
5.479
5.472
5.478
5.478
5.479
5.486
5.484
5.485
5.486
5.488
5.479
5.476
5.486
5.489
5.490
5.484
5.482
5.481
5.489
5.479
5.479
5.481
5.479
5.488
5.490
5.481
5.488
5.482
5.488
5.480
5.486
5.487
5.489
5.486
5.491
5.494
5.484
5.490
5.482
5.492
5.483
5.494
5.481
5.484
5.485
5.491
5.485
5.492
5.490
5.489
5.488
5.489
5.484
5.483
5.497
5.486
5.492
5.489
5.499
5.484
5.485
5.487
5.498
5.497
5.498
5.494
5.494
5.498
5.492
5.496
5.492
5.495
5.499
5.488
5.493
5.498
5.492
5.498
5.490
5.495
5.501
5.502
5.494
5.493
5.496
5.502
5.501
5.492
5.496
5.496
5.489
5.501
5.495
5.504
5.498
5.501
5.505
5.494
5.497
5.497
5.498
5.498
5.498
5.497
5.491
5.504
5.493
5.497
5.498
5.494
5.494
5.502
5.503
5.507
5.505
5.502
5.494
5.508
5.500
5.506
5.500
5.499
5.510
5.497
5.498
5.501
5.509
5.496
5.497
5.501
5.511
5.508
5.496
5.512
5.501
5.502
5.501
5.514
5.504
5.511
5.503
5.498
5.509
5.508
5.510
5.511
5.508
5.503
5.506
5.505
5.504
5.511
5.505
5.508
5.505
5.514
5.505
5.499
5.503
5.504
5.508
5.509
5.502
5.515
5.502
5.512
5.507
5.511
5.508
5.505
5.505
5.512
5.514
5.506
5.509
5.507
5.503
5.511
5.506
5.515
5.504
5.508
5.502
5.513
5.515
5.503
5.517
5.515
5.516
5.510
5.507
5.511
5.513
5.507
5.506
5.513
5.508
5.511
5.509
5.517
5.510
5.503
5.518
5.517
