2.865
2.868
2.871
2.874
2.877
2.880
2.883
2.886
2.889
2.892
2.895
2.898
2.901
2.904
2.907
2.910
2.913
2.916
2.919
2.922
2.925
2.928
2.931
2.934
2.937
2.940
2.943
2.946
2.949
2.952
2.955
2.958
2.961
2.964
2.967
2.970
2.973
2.976
2.979
2.982
2.985
2.988
2.991
2.994
2.997
3.000
3.003
3.006
3.009
3.012
3.015
3.018
3.021
3.024
3.027
3.030
3.033
3.036
3.039
3.042
3.045
3.048
3.051
3.054
3.057
3.060
3.063
3.066
3.069
3.072
3.075
3.078
3.081
3.084
3.087
3.090
3.093
3.096
3.099
3.102
3.105
3.108
3.111
3.114
3.117
3.120
3.123
3.126
3.129
3.132
3.135
3.138
3.141
3.144
3.147
3.150
3.153
3.156
3.159
3.162
3.165
3.168
3.171
3.174
3.177
3.180
3.183
3.186
3.189
3.192
3.195
3.198
3.201
3.204
3.207
3.210
3.213
3.216
3.219
3.222
3.225
3.228
3.231
3.234
3.237
3.239
3.242
3.245
3.248
3.251
3.254
3.257
3.260
3.263
3.266
3.269
3.272
3.275
3.278
3.281
3.284
3.287
3.290
3.293
3.296
3.299
3.302
3.305
3.308
3.311
3.314
3.317
3.320
3.323
3.326
3.329
3.332
3.335
3.338
3.341
3.343
3.346
3.349
3.352
3.355
3.358
3.361
3.364
3.367
3.370
3.373
3.376
3.379
3.382
3.385
3.388
3.391
3.394
3.397
3.400
3.403
3.406
3.408
3.411
3.414
3.417
3.420
3.423
3.426
3.429
3.432
3.435
3.438
3.441
3.444
3.447
3.450
3.453
3.455
3.458
3.461
3.464
3.467
3.470
3.473
3.476
3.479
3.482
3.485
3.488
3.491
3.493
3.496
3.499
3.502
3.505
3.508
3.511
3.514
3.517
3.520
3.523
3.526
3.528
3.531
3.534
3.537
3.540
3.543
3.546
3.549
3.552
3.555
3.557
3.560
3.563
3.566
3.569
3.572
3.575
3.578
3.581
3.583
3.586
3.589
3.592
3.595
3.598
3.601
3.604
3.607
3.609
3.612
3.615
3.618
3.621
3.624
3.627
3.630
3.632
3.635
3.638
3.641
3.644
3.647
3.650
3.652
3.655
3.658
3.661
3.664
3.667
3.670
3.672
3.675
3.678
3.681
3.684
3.687
3.689
3.692
3.695
3.698
3.701
3.704
3.706
3.709
3.712
3.715
3.718
3.721
3.723
3.726
3.729
3.732
3.735
3.738
3.740
3.743
3.746
3.749
3.752
3.754
3.757
3.760
3.763
3.766
3.768
3.771
3.774
3.777
3.780
3.782
3.785
3.788
3.791
3.794
3.796
3.799
3.802
3.805
3.808
3.810
3.813
3.816
3.819
3.821
3.824
3.827
3.830
3.833
3.835
3.838
3.841
3.844
3.846
3.849
3.852
3.855
3.857
3.860
3.863
3.866
3.868
3.871
3.874
3.877
3.879
3.882
3.885
3.888
3.890
3.893
3.896
3.899
3.901
3.904
3.907
3.909
3.912
3.915
3.918
3.920
3.923
3.926
3.929
3.931
3.934
3.937
3.939
3.942
3.945
3.947
3.950
3.953
3.956
3.958
3.961
3.964
3.966
3.969
3.972
3.974
3.977
3.980
3.982
3.985
3.988
3.990
3.993
3.996
3.998
4.001
4.004
4.006
4.009
4.012
4.014
4.017
4.020
4.022
4.025
4.028
4.030
4.033
4.036
4.038
4.041
4.044
4.046
4.049
4.051
4.054
4.057
4.059
4.062
4.065
4.067
4.070
4.072
4.075
4.078
4.080
4.083
4.086
4.088
4.091
4.093
4.096
4.099
4.101
4.104
4.106
4.109
4.111
4.114
4.117
4.119
4.122
4.124
4.127
4.130
4.132
4.135
4.137
4.140
4.142
4.145
4.148
4.150
4.153
4.155
4.158
4.160
4.163
4.165
4.168
4.171
4.173
4.176
4.178
4.181
4.183
4.186
4.188
4.191
4.193
4.196
4.198
4.201
4.203
4.206
4.208
4.211
4.213
4.216
4.218
4.221
4.223
4.226
4.228
4.231
4.233
4.236
4.238
4.241
4.243
4.246
4.248
4.251
4.253
4.256
4.258
4.261
4.263
4.266
4.268
4.271
4.273
4.276
4.278
4.280
4.283
4.285
4.288
4.290
4.293
4.295
4.298
4.300
4.302
4.305
4.307
4.310
4.312
4.315
4.317
4.319
4.322
4.324
4.327
4.329
4.332
4.334
4.336
4.339
4.341
4.344
4.346
4.348
4.351
4.353
4.355
4.358
4.360
4.363
4.365
4.367
4.370
4.372
4.375
4.377
4.379
4.382
4.384
4.386
4.389
4.391
4.393
4.396
4.398
4.400
4.403
4.405
4.407
4.410
4.412
4.415
4.417
4.419
4.421
4.424
4.426
4.428
4.431
4.433
4.435
4.438
4.440
4.442
4.445
4.447
4.449
4.452
4.454
4.456
4.458
4.461
4.463
4.465
4.468
4.470
4.472
4.474
4.477
4.479
4.481
4.484
4.486
4.488
4.490
4.493
4.495
4.497
4.499
4.502
4.504
4.506
4.508
4.511
4.513
4.515
4.517
4.519
4.522
4.524
4.526
4.528
4.531
4.533
4.535
4.537
4.539
4.542
4.544
4.546
4.548
4.550
4.553
4.555
4.557
4.559
4.561
4.564
4.566
4.568
4.570
4.572
4.575
4.577
4.579
4.581
4.583
4.585
4.588
4.590
4.592
4.594
4.596
4.598
4.600
4.603
4.605
4.607
4.609
4.611
4.613
4.615
4.618
4.620
4.622
4.624
4.626
4.628
4.630
4.632
4.634
4.637
4.639
4.641
4.643
4.645
4.647
4.649
4.651
4.653
4.655
4.658
4.660
4.662
4.664
4.666
4.668
4.670
4.672
4.674
4.676
4.678
4.680
4.682
4.684
4.687
4.689
4.691
4.693
4.695
4.697
4.699
4.701
4.703
4.705
4.707
4.709
4.711
4.713
4.715
4.717
4.719
4.721
4.723
4.725
4.727
4.729
4.731
4.733
4.735
4.737
4.739
4.741
4.743
4.745
4.747
4.749
4.751
4.753
4.755
4.757
4.759
4.761
4.763
4.765
4.767
4.769
4.771
4.773
4.775
4.777
4.778
4.780
4.782
4.784
4.786
4.788
4.790
4.792
4.794
4.796
4.798
4.800
4.802
4.804
4.805
4.807
4.809
4.811
4.813
4.815
4.817
4.819
4.821
4.823
4.824
4.826
4.828
4.830
4.832
4.834
4.836
4.838
4.840
4.841
4.843
4.845
4.847
4.849
4.851
4.853
4.854
4.856
4.858
4.860
4.862
4.864
4.866
4.867
4.869
4.871
4.873
4.875
4.877
4.878
4.880
4.882
4.884
4.886
4.887
4.889
4.891
4.893
4.895
4.896
4.898
4.900
4.902
4.904
4.905
4.907
4.909
4.911
4.913
4.914
4.916
4.918
4.920
4.921
4.923
4.925
4.927
4.929
4.930
4.932
4.934
4.936
4.937
4.939
4.941
4.943
4.944
4.946
4.948
4.949
4.951
4.953
4.955
4.956
4.958
4.960
4.962
4.963
4.965
4.967
4.968
4.970
4.972
4.974
4.975
4.977
4.979
4.980
4.982
4.984
4.985
4.987
4.989
4.990
4.992
4.994
4.995
4.997
4.999
5.000
5.002
5.004
5.005
5.007
5.009
5.010
5.012
5.014
5.015
5.017
5.019
5.020
5.022
5.024
5.025
5.027
5.028
5.030
5.032
5.033
5.035
5.037
5.038
5.040
5.041
5.043
5.045
5.046
5.048
5.049
5.051
5.053
5.054
5.056
5.057
5.059
5.061
5.062
5.064
5.065
5.067
5.068
5.070
5.072
5.073
5.075
5.076
5.078
5.079
5.081
5.083
5.084
5.086
5.087
5.089
5.090
5.092
5.093
5.095
5.096
5.098
5.100
5.101
5.103
5.104
5.106
5.107
5.109
5.110
5.112
5.113
5.115
5.116
5.118
5.119
5.121
5.122
5.124
5.125
5.127
5.128
5.130
5.131
5.133
5.134
5.136
5.137
5.139
5.140
5.142
5.143
5.145
5.146
5.147
5.149
5.150
5.152
5.153
5.155
5.156
5.158
5.159
5.161
5.162
5.163
5.165
5.166
5.168
5.169
5.171
5.172
5.173
5.175
5.176
5.178
5.179
5.181
5.182
5.183
5.185
5.186
5.188
5.189
5.190
5.192
5.193
5.195
5.196
5.197
5.199
5.200
5.202
5.203
5.204
5.206
5.207
5.208
5.210
5.211
5.213
5.214
5.215
5.217
5.218
5.219
5.221
5.222
5.223
5.225
5.226
5.227
5.229
5.230
5.231
5.233
5.234
5.236
5.237
5.238
5.239
5.241
5.242
5.243
5.245
5.246
5.247
5.249
5.250
5.251
5.253
5.254
5.255
5.257
