2.487
2.315
2.574
2.097
2.635
2.416
2.513
2.163
2.138
2.378
2.369
2.272
2.962
2.864
2.841
2.648
2.441
2.840
2.992
2.941
2.791
2.766
2.867
2.705
2.662
3.279
3.259
2.784
2.815
3.316
3.054
3.094
3.393
2.946
2.819
3.568
3.247
3.087
3.598
3.521
3.197
3.085
3.387
3.522
3.567
3.359
3.364
3.742
3.680
3.976
4.076
3.885
3.786
3.474
3.709
3.501
4.069
4.182
4.148
4.203
4.228
3.849
3.804
4.182
4.029
4.147
4.234
4.208
4.394
4.413
4.078
4.637
4.642
4.501
4.155
4.204
4.673
4.560
4.326
4.106
4.238
4.845
4.281
4.226
4.325
4.800
4.601
4.732
4.853
4.833
4.684
4.446
4.443
4.637
4.497
4.647
4.608
4.932
4.481
4.604
5.026
4.991
5.096
4.976
4.573
4.731
4.954
5.180
5.172
4.621
4.963
4.864
5.013
5.217
5.236
5.286
5.189
4.898
4.962
4.783
5.369
5.537
5.146
5.451
5.023
5.373
5.502
5.410
5.508
5.042
5.126
5.519
5.438
5.399
5.510
5.579
5.148
5.022
5.682
4.898
5.071
5.200
5.587
5.513
5.575
5.410
5.156
5.444
5.571
5.300
5.296
5.545
5.361
5.106
5.086
5.188
5.411
5.249
5.653
5.382
5.680
5.699
5.828
5.596
5.262
5.718
5.695
5.203
5.502
5.428
5.615
5.714
5.336
5.537
5.765
5.794
5.263
5.593
5.952
5.338
5.880
5.856
5.752
5.705
5.910
5.599
5.867
5.957
5.743
5.872
5.851
5.715
5.991
5.855
5.454
5.907
5.937
5.770
5.805
5.878
5.688
6.013
5.792
5.434
6.016
5.874
5.464
6.043
5.759
5.982
5.470
5.987
5.968
5.643
5.574
5.741
6.060
5.847
5.996
5.971
6.111
5.614
6.131
5.606
5.730
6.082
5.540
5.449
6.177
5.688
6.015
6.036
5.945
6.191
5.995
6.102
6.157
5.619
6.115
5.709
5.682
6.088
6.156
5.874
6.024
5.652
5.602
6.121
6.078
6.271
6.116
6.098
5.802
6.189
5.882
6.066
6.163
5.679
6.138
6.123
6.187
6.279
5.885
6.265
6.197
6.184
6.161
6.176
6.069
6.166
5.623
6.163
6.120
6.138
5.970
6.227
5.738
6.235
5.696
6.239
5.938
6.278
6.157
6.154
5.803
6.187
6.228
5.789
5.815
5.908
6.235
6.033
6.331
5.717
6.131
5.861
6.132
5.775
5.807
5.955
6.188
6.288
6.130
6.380
6.279
6.367
6.392
5.964
6.232
5.793
6.256
6.326
6.221
6.223
6.222
6.228
5.864
5.849
6.266
6.224
6.276
6.433
6.238
6.357
6.440
6.198
6.015
6.500
6.319
6.367
5.890
6.451
6.284
6.029
5.902
6.298
6.327
5.902
6.372
6.365
6.333
5.930
6.356
6.386
6.499
6.336
6.128
6.335
6.240
6.354
6.043
6.404
6.398
5.886
5.928
6.357
6.508
6.300
6.172
6.418
6.407
6.404
6.552
5.934
6.392
6.443
6.018
6.333
6.058
6.374
5.974
6.512
6.479
6.115
6.506
6.377
5.980
6.339
6.005
6.409
6.032
6.380
6.570
6.081
5.954
6.424
6.405
6.453
6.282
6.365
6.359
6.344
6.370
5.869
6.421
6.038
6.446
6.388
6.388
6.420
6.531
6.238
6.123
6.352
6.091
6.398
6.346
6.423
6.127
6.336
6.029
6.002
5.963
6.237
6.062
6.097
6.333
6.552
6.324
6.500
5.911
6.490
6.491
6.519
6.189
6.513
6.487
6.580
6.618
6.473
6.446
6.028
5.896
6.514
6.519
6.482
6.510
6.065
6.569
6.447
5.968
6.071
6.609
6.531
6.045
6.527
5.957
6.465
6.097
6.167
6.106
6.396
6.383
6.564
6.181
6.319
5.942
6.485
6.590
6.591
5.959
6.566
6.472
6.042
6.610
6.406
6.460
6.055
6.125
6.158
6.487
6.321
6.419
6.592
6.230
6.586
6.572
6.148
6.564
6.458
6.528
6.463
6.724
6.400
6.455
6.697
6.552
6.441
6.459
6.566
6.514
6.170
6.012
6.573
6.497
6.190
6.082
6.544
6.362
6.659
6.517
6.080
6.491
6.522
6.383
6.408
6.494
6.526
6.515
6.205
6.606
6.201
6.330
6.687
6.700
6.487
6.602
6.588
6.257
6.563
6.037
6.257
6.591
6.450
6.160
6.114
6.617
6.585
6.077
6.548
6.723
6.654
6.337
6.252
6.563
6.583
6.723
6.565
6.546
6.552
6.584
6.302
6.257
6.367
6.428
6.602
6.086
6.499
6.648
6.183
5.974
6.518
6.072
6.513
6.615
6.228
6.656
6.310
6.197
6.549
6.524
6.270
6.632
6.162
6.618
6.617
6.555
6.483
6.633
6.622
6.251
6.670
6.064
6.132
6.295
6.060
6.443
6.295
6.098
6.507
6.345
6.039
6.553
6.266
6.557
6.651
6.635
6.566
6.562
6.540
6.186
6.563
6.475
6.528
6.644
6.670
6.655
6.579
6.712
6.514
6.551
6.436
6.366
6.151
6.578
6.503
6.344
6.213
6.337
6.291
6.571
6.558
6.061
6.592
6.252
6.691
6.514
6.093
6.633
6.665
6.622
6.591
6.356
6.402
6.693
6.130
6.787
6.635
6.577
6.628
6.659
6.644
6.340
6.585
6.512
6.683
6.729
6.255
6.345
6.347
6.476
6.691
6.616
6.666
6.368
6.749
6.225
6.694
6.567
6.753
6.780
6.639
6.755
6.637
6.584
6.386
6.575
6.073
6.244
6.335
6.673
6.451
6.601
6.636
6.288
6.247
6.568
6.354
6.506
6.574
6.142
6.662
6.267
6.252
6.427
6.646
6.672
6.713
6.680
6.278
6.694
6.704
6.656
6.803
6.713
6.699
6.191
6.734
6.490
6.872
6.726
6.710
6.578
6.689
6.691
6.647
6.588
6.680
6.758
6.708
6.146
6.632
6.601
6.248
6.808
6.511
6.665
6.475
6.644
6.202
6.279
6.313
6.642
6.694
6.540
6.403
6.613
6.641
6.646
6.741
6.535
6.529
6.722
6.683
6.432
6.675
6.710
6.433
6.612
6.348
6.697
6.715
6.563
6.432
6.243
6.724
6.672
6.672
6.717
6.699
6.448
6.214
6.545
6.678
6.468
6.716
6.253
6.507
6.327
6.738
6.495
6.583
6.637
6.725
6.436
6.303
6.208
6.239
6.810
6.336
6.271
6.372
6.437
6.597
6.698
6.424
6.670
6.372
6.648
6.239
6.642
6.723
6.723
6.483
6.607
6.683
6.655
6.727
6.685
6.303
6.218
6.284
6.654
6.765
6.121
6.698
6.615
6.386
6.713
6.764
6.695
6.713
6.652
6.426
6.516
6.757
6.501
6.818
6.405
6.586
6.718
6.756
6.352
6.682
6.336
6.342
6.718
6.505
6.126
6.664
6.234
6.266
6.562
6.897
6.696
6.607
6.716
6.661
6.634
6.776
6.745
6.433
6.694
6.729
6.348
6.715
6.273
6.237
6.484
6.268
6.332
6.797
6.147
6.751
6.066
6.534
6.261
6.508
6.977
6.825
6.238
6.734
6.246
6.715
6.659
6.371
6.309
6.723
6.797
6.745
6.294
6.659
6.287
6.728
6.694
6.332
6.483
6.787
6.548
6.547
6.639
6.765
6.888
6.450
6.237
6.787
6.724
6.737
6.760
6.216
6.931
6.637
6.611
6.754
6.766
6.697
6.674
6.365
6.711
6.729
6.389
6.352
6.547
6.768
6.667
6.688
6.291
6.736
6.493
6.579
6.640
6.789
6.825
6.710
6.581
6.728
6.751
6.684
6.814
6.712
6.675
6.711
6.573
6.680
6.751
6.707
6.338
6.748
6.775
6.184
6.752
6.402
6.510
6.723
6.706
6.323
6.745
6.679
6.765
6.338
6.698
6.964
6.354
6.365
6.407
6.712
6.758
6.744
6.338
6.194
6.777
6.484
6.628
6.718
6.893
6.424
6.774
6.866
6.381
6.718
6.783
6.538
6.316
6.701
6.371
6.443
6.657
6.783
6.795
6.749
6.851
6.282
6.429
6.351
6.874
6.448
6.458
6.809
6.690
6.851
6.560
6.764
6.370
6.259
6.817
6.712
6.769
6.329
6.718
6.260
6.613
6.373
6.792
6.648
6.456
6.678
6.749
6.639
6.767
6.814
6.308
6.747
6.337
6.637
6.593
6.737
6.534
6.536
6.389
6.402
6.837
6.802
6.474
6.645
6.465
6.328
6.408
6.304
6.732
6.472
6.247
6.287
6.544
6.705
6.179
6.824
6.245
6.866
6.805
6.836
6.727
6.781
6.462
6.713
6.792
6.402
6.667
6.747
6.438
6.717
6.806
6.211
6.712
6.731
