2.823
2.626
2.918
2.397
2.933
2.689
2.834
2.519
2.425
2.741
2.641
2.622
3.265
3.204
3.226
3.010
2.865
3.219
3.351
3.317
3.166
3.119
3.262
3.074
3.029
3.696
3.633
3.162
3.215
3.733
3.479
3.531
3.820
3.360
3.263
3.926
3.722
3.557
4.049
3.988
3.639
3.565
3.817
4.016
4.073
3.836
3.813
4.261
4.207
4.507
4.604
4.432
4.253
3.967
4.236
3.973
4.611
4.710
4.707
4.764
4.777
4.407
4.336
4.785
4.583
4.697
4.801
4.783
4.961
5.033
4.658
5.228
5.254
5.077
4.709
4.771
5.301
5.181
4.916
4.710
4.830
5.479
4.851
4.788
4.916
5.424
5.218
5.390
5.499
5.501
5.314
5.053
5.095
5.306
5.155
5.288
5.272
5.625
5.124
5.255
5.741
5.685
5.760
5.683
5.264
5.405
5.681
5.874
5.874
5.300
5.649
5.555
5.661
5.918
5.971
5.990
5.857
5.586
5.662
5.489
6.108
6.245
5.896
6.184
5.755
6.112
6.209
6.177
6.280
5.730
5.833
6.235
6.208
6.154
6.228
6.326
5.884
5.729
6.391
5.627
5.777
5.879
6.353
6.295
6.325
6.174
5.899
6.182
6.336
5.967
6.058
6.268
6.104
5.859
5.831
5.931
6.188
5.993
6.457
6.146
6.455
6.500
6.593
6.372
6.012
6.519
6.453
5.962
6.297
6.203
6.431
6.502
6.098
6.306
6.529
6.591
6.017
6.370
6.724
6.083
6.644
6.671
6.543
6.470
6.695
6.382
6.650
6.738
6.537
6.656
6.652
6.557
6.790
6.679
6.261
6.724
6.746
6.610
6.620
6.682
6.461
6.830
6.608
6.224
6.838
6.683
6.261
6.881
6.546
6.815
6.230
6.794
6.798
6.396
6.333
6.550
6.863
6.659
6.810
6.779
6.955
6.374
6.938
6.438
6.558
6.897
6.368
6.250
7.022
6.491
6.858
6.880
6.792
6.970
6.851
6.944
7.001
6.398
6.938
6.502
6.500
6.932
7.007
6.712
6.822
6.454
6.418
6.960
6.934
7.050
6.952
6.918
6.621
7.042
6.706
6.907
6.994
6.481
6.969
7.008
7.005
7.102
6.722
7.117
7.074
7.038
7.008
6.997
6.915
7.020
6.418
7.009
6.978
6.977
6.826
7.040
6.592
7.088
6.527
7.093
6.771
7.104
7.019
6.973
6.612
7.046
7.066
6.622
6.651
6.774
7.076
6.816
7.175
6.542
7.017
6.723
7.019
6.588
6.630
6.816
7.010
7.143
6.916
7.199
7.135
7.225
7.212
6.805
7.077
6.619
7.031
7.201
7.115
7.078
7.098
7.095
6.702
6.617
7.139
7.080
7.171
7.299
7.110
7.207
7.264
7.018
6.876
7.358
7.148
7.212
6.724
7.308
7.123
6.889
6.742
7.131
7.181
6.764
7.257
7.219
7.215
6.774
7.245
7.222
7.307
7.211
6.995
7.217
7.086
7.239
6.898
7.273
7.278
6.729
6.780
7.229
7.337
7.162
7.063
7.289
7.280
7.284
7.419
6.774
7.262
7.317
6.893
7.183
6.909
7.269
6.863
7.393
7.298
6.991
7.384
7.273
6.837
7.227
6.829
7.324
6.887
7.270
7.462
6.928
6.791
7.290
7.288
7.339
7.154
7.262
7.221
7.205
7.226
6.711
7.304
6.860
7.296
7.298
7.286
7.259
7.416
7.127
6.955
7.201
6.972
7.320
7.229
7.311
6.968
7.233
6.881
6.864
6.815
7.098
6.925
6.959
7.231
7.457
7.201
7.371
6.800
7.403
7.393
7.404
7.059
7.392
7.376
7.472
7.509
7.355
7.335
6.844
6.760
7.383
7.412
7.385
7.394
6.870
7.445
7.371
6.819
6.920
7.496
7.425
6.902
7.371
6.832
7.364
6.977
7.035
6.990
7.308
7.278
7.437
7.047
7.184
6.797
7.369
7.458
7.474
6.833
7.443
7.386
6.924
7.488
7.281
7.348
6.888
7.019
7.046
7.352
7.214
7.298
7.438
7.095
7.460
7.424
7.040
7.480
7.334
7.431
7.362
7.614
7.274
7.375
7.541
7.444
7.348
7.359
7.445
7.401
7.024
6.873
7.449
7.391
7.076
6.945
7.434
7.263
7.556
7.428
6.952
7.388
7.459
7.297
7.283
7.373
7.447
7.447
7.112
7.477
7.037
7.190
7.549
7.575
7.321
7.502
7.507
7.149
7.445
6.863
7.109
7.462
7.346
7.011
6.991
7.469
7.491
6.922
7.463
7.647
7.526
7.188
7.141
7.496
7.483
7.608
7.497
7.472
7.454
7.453
7.207
7.150
7.231
7.292
7.516
6.937
7.381
7.569
7.072
6.832
7.404
6.956
7.407
7.538
7.048
7.564
7.201
7.102
7.454
7.414
7.159
7.548
7.028
7.540
7.498
7.402
7.349
7.539
7.528
7.158
7.555
6.918
7.037
7.176
6.934
7.363
7.181
7.001
7.413
7.204
6.905
7.437
7.183
7.473
7.549
7.564
7.444
7.471
7.400
7.085
7.445
7.366
7.413
7.567
7.552
7.545
7.485
7.606
7.418
7.474
7.301
7.255
7.051
7.504
7.368
7.193
7.099
7.215
7.166
7.407
7.492
6.950
7.490
7.140
7.607
7.402
6.933
7.582
7.567
7.518
7.471
7.256
7.319
7.634
6.999
7.677
7.531
7.491
7.543
7.568
7.579
7.210
7.500
7.377
7.559
7.636
7.133
7.252
7.250
7.340
7.596
7.548
7.555
7.278
7.645
7.102
7.601
7.489
7.641
7.693
7.553
7.652
7.482
7.455
7.271
7.475
6.970
7.119
7.192
7.591
7.336
7.489
7.538
7.125
7.125
7.513
7.238
7.401
7.484
7.036
7.574
7.125
7.148
7.333
7.580
7.587
7.615
7.603
7.184
7.618
7.587
7.576
7.711
7.632
7.615
7.069
7.658
7.397
7.819
7.625
7.610
7.475
7.571
7.572
7.558
7.508
7.552
7.669
7.620
7.038
7.528
7.528
7.132
7.710
7.359
7.577
7.378
7.542
7.087
7.179
7.171
7.560
7.648
7.453
7.274
7.517
7.578
7.545
7.622
7.421
7.400
7.651
7.610
7.280
7.582
7.607
7.308
7.551
7.187
7.587
7.646
7.505
7.341
7.102
7.641
7.573
7.609
7.639
7.633
7.302
7.116
7.433
7.587
7.384
7.578
7.124
7.455
7.179
7.650
7.389
7.506
7.551
7.626
7.293
7.211
7.096
7.109
7.723
7.234
7.154
7.233
7.334
7.495
7.621
7.313
7.582
7.238
7.488
7.174
7.564
7.616
7.644
7.368
7.516
7.581
7.546
7.629
7.555
7.181
7.122
7.207
7.593
7.669
6.994
7.586
7.537
7.292
7.614
7.656
7.651
7.616
7.593
7.341
7.384
7.668
7.379
7.735
7.295
7.481
7.632
7.641
7.222
7.602
7.204
7.239
7.624
7.394
7.013
7.591
7.147
7.131
7.494
7.793
7.596
7.520
7.669
7.590
7.558
7.674
7.668
7.304
7.565
7.652
7.243
7.608
7.181
7.118
7.376
7.150
7.247
7.714
7.013
7.657
6.966
7.397
7.119
7.413
7.819
7.713
7.121
7.627
7.145
7.636
7.619
7.240
7.175
7.623
7.693
7.695
7.144
7.570
7.176
7.596
7.594
7.236
7.372
7.695
7.446
7.460
7.513
7.673
7.763
7.363
7.113
7.712
7.643
7.651
7.691
7.063
7.800
7.572
7.536
7.655
7.666
7.617
7.583
7.265
7.647
7.629
7.310
7.242
7.462
7.680
7.559
7.578
7.172
7.672
7.400
7.523
7.598
7.699
7.689
7.636
7.475
7.640
7.670
7.628
7.701
7.633
7.598
7.616
7.495
7.615
7.681
7.633
7.198
7.664
7.663
7.086
7.685
7.292
7.424
7.654
7.653
7.173
7.642
7.617
7.667
7.276
7.600
7.856
7.242
7.292
7.321
7.612
7.672
7.667
7.214
7.087
7.683
7.377
7.567
7.664
7.799
7.270
7.632
7.770
7.287
7.598
7.679
7.423
7.202
7.586
7.272
7.369
7.542
7.704
7.699
7.680
7.710
7.136
7.316
7.242
7.779
7.369
7.387
7.725
7.609
7.750
7.475
7.677
7.259
7.154
7.717
7.657
7.716
7.181
7.665
7.158
7.524
7.290
7.731
7.590
7.357
7.623
7.702
7.531
7.717
7.753
7.219
7.678
7.236
7.546
7.460
7.645
7.458
7.475
7.269
7.281
7.743
7.735
7.345
7.610
7.380
7.188
7.290
7.177
7.640
7.370
7.148
7.196
7.436
7.612
7.058
7.748
7.140
7.792
7.730
7.726
7.635
7.711
7.358
7.607
7.724
7.297
7.574
7.682
7.321
7.656
7.736
7.101
7.642
7.665
