3.743
3.785
3.830
3.869
3.914
3.953
3.997
4.044
4.085
4.133
4.179
4.227
4.269
4.313
4.365
4.412
4.460
4.503
4.551
4.601
4.651
4.703
4.750
4.799
4.852
4.900
4.952
5.001
5.059
5.101
5.155
5.206
5.257
5.311
5.367
5.419
5.466
5.515
5.566
5.624
5.677
5.725
5.773
5.825
5.884
5.931
5.980
6.030
6.084
6.133
6.185
6.233
6.284
6.334
6.379
6.429
6.480
6.522
6.571
6.617
6.659
6.711
6.758
6.801
6.849
6.891
6.937
6.982
7.018
7.064
7.104
7.142
7.190
7.225
7.263
7.303
7.342
7.382
7.420
7.453
7.494
7.533
7.565
7.600
7.635
7.675
7.703
7.741
7.774
7.804
7.834
7.864
7.899
7.924
7.962
7.991
8.015
8.044
8.074
8.103
8.132
8.157
8.187
8.212
8.241
8.258
8.286
8.309
8.331
8.359
8.385
8.399
8.429
8.451
8.473
8.493
8.519
8.539
8.561
8.578
8.599
8.617
8.644
8.657
8.671
8.696
8.715
8.735
8.751
8.763
8.782
8.801
8.815
8.828
8.849
8.867
8.881
8.898
8.917
8.934
8.946
8.961
8.978
8.985
9.001
9.019
9.034
9.042
9.061
9.070
9.082
9.101
9.113
9.123
9.135
9.146
9.157
9.179
9.188
9.191
9.208
9.221
9.229
9.242
9.253
9.268
9.275
9.285
9.301
9.309
9.318
9.327
9.341
9.343
9.355
9.370
9.382
9.388
9.397
9.406
9.414
9.426
9.438
9.446
9.457
9.461
9.469
9.476
9.490
9.495
9.506
9.512
9.522
9.526
9.533
9.538
9.558
9.560
9.565
9.575
9.585
9.591
9.603
9.609
9.612
9.625
9.630
9.641
9.637
9.647
9.661
9.664
9.670
9.677
9.687
9.686
9.695
9.706
9.710
9.719
9.727
9.729
9.734
9.740
9.746
9.755
9.763
9.769
9.773
9.774
9.785
9.793
9.797
9.797
9.808
9.814
9.815
9.821
9.830
9.836
9.836
9.849
9.849
9.859
9.859
9.866
9.872
9.873
9.880
9.890
9.890
9.903
9.902
9.914
9.913
9.914
9.922
9.925
9.930
9.934
9.946
9.949
9.953
9.957
9.964
9.961
9.972
9.978
9.979
9.979
9.992
9.991
9.994
9.999
10.001
10.012
10.015
10.021
10.020
10.020
10.029
10.034
10.040
10.038
10.045
10.047
10.054
10.060
10.064
10.064
10.070
10.071
10.083
10.083
10.084
10.091
10.088
10.097
10.096
10.107
10.109
10.109
10.115
10.121
10.122
10.129
10.127
10.134
10.138
10.137
10.143
10.150
10.152
10.150
10.161
10.156
10.162
10.164
10.170
10.168
10.175
10.177
10.180
10.184
10.189
10.197
10.201
10.195
10.197
10.208
10.207
10.207
10.212
10.217
10.216
10.222
10.230
10.227
10.233
10.234
10.234
10.236
10.248
10.249
10.248
10.251
10.257
10.251
10.256
10.265
10.266
10.273
10.266
10.271
10.274
10.283
10.281
10.283
10.284
10.290
10.291
10.298
10.296
10.302
10.302
10.308
10.306
10.305
10.312
10.312
10.317
10.317
10.318
10.326
10.322
10.331
10.336
10.337
10.340
10.341
10.344
10.346
10.346
10.350
10.350
10.348
10.355
10.356
10.359
10.362
10.364
10.373
10.368
10.373
10.370
10.372
10.377
10.377
10.382
10.385
10.388
10.384
10.393
10.389
10.394
10.398
10.398
10.399
10.405
10.405
10.406
10.402
10.413
10.408
10.415
10.412
10.413
10.422
10.419
10.426
10.424
10.427
10.433
10.432
10.427
10.441
10.439
10.436
10.440
10.438
10.442
10.446
10.447
10.450
10.452
10.449
10.454
10.454
10.462
10.464
10.462
10.467
10.467
10.468
10.472
10.474
10.474
10.474
10.478
10.478
10.480
10.476
10.481
10.487
10.485
10.484
10.489
10.492
10.487
10.492
10.498
10.495
10.505
10.501
10.500
10.500
10.501
10.507
10.510
10.508
10.510
10.511
10.510
10.513
10.519
10.512
10.523
10.521
10.521
10.524
10.524
10.530
10.525
10.529
10.532
10.526
10.530
10.533
10.534
10.536
10.544
10.543
10.538
10.546
10.539
10.544
10.544
10.547
10.550
10.552
10.549
10.556
10.554
10.551
10.557
10.556
10.561
10.561
10.559
10.565
10.564
10.565
10.566
10.568
10.574
10.573
10.572
10.576
10.579
10.571
10.577
10.580
10.576
10.581
10.576
10.587
10.582
10.584
10.584
10.591
10.589
10.585
10.586
10.595
10.594
10.595
10.591
10.597
10.597
10.605
10.597
10.601
10.603
10.598
10.604
10.606
10.610
10.607
10.610
10.611
10.609
10.611
10.610
10.611
10.615
10.612
10.620
10.613
10.620
10.620
10.623
10.619
10.619
10.622
10.625
10.623
10.629
10.629
10.630
10.630
10.634
10.635
10.631
10.636
10.629
10.634
10.635
10.633
10.636
10.639
10.644
10.640
10.643
10.644
10.639
10.646
10.638
10.649
10.650
10.651
10.650
10.653
10.655
10.655
10.658
10.649
10.653
10.652
10.657
10.656
10.659
10.655
10.658
10.660
10.662
10.659
10.664
10.664
10.657
10.665
10.660
10.666
10.663
10.672
10.668
10.671
10.669
10.667
10.675
10.675
10.679
10.672
10.671
10.678
10.681
10.674
10.684
10.676
10.679
10.684
10.685
10.686
10.686
10.685
10.684
10.687
10.684
10.687
10.683
10.693
10.690
10.689
10.689
10.688
10.695
10.688
10.696
10.693
10.699
10.694
10.700
10.696
10.698
10.695
10.700
10.701
10.701
10.705
10.697
10.705
10.705
10.702
10.701
10.703
10.706
10.710
10.710
10.703
10.708
10.708
10.715
10.711
10.713
10.710
10.713
10.709
10.713
10.716
10.709
10.718
10.713
10.721
10.717
10.717
10.714
10.720
10.723
10.719
10.715
10.723
10.722
10.721
10.721
10.728
10.720
10.726
10.729
10.724
10.730
10.721
10.728
10.726
10.731
10.727
10.729
10.734
10.731
10.727
10.730
10.732
10.733
10.729
10.730
10.730
10.732
10.739
10.736
10.733
10.736
10.736
10.740
10.739
10.736
10.736
10.747
10.745
10.745
10.746
10.745
10.739
10.747
10.739
10.744
10.750
10.742
10.746
10.751
10.743
10.744
10.748
10.751
10.750
10.744
10.755
10.747
10.751
10.755
10.753
10.755
10.755
10.753
10.752
10.757
10.757
10.755
10.754
10.757
10.755
10.756
10.757
10.758
10.763
10.762
10.761
10.760
10.764
10.756
10.758
10.758
10.765
10.765
10.763
10.761
10.761
10.766
10.765
10.768
10.765
10.768
10.767
10.769
10.769
10.771
10.772
10.773
10.765
10.773
10.771
10.772
10.776
10.775
10.767
10.768
10.770
10.769
10.774
10.771
10.777
10.770
10.779
10.770
10.773
10.776
10.779
10.779
10.779
10.775
10.780
10.776
10.778
10.774
10.783
10.785
10.776
10.785
10.785
10.780
10.781
10.786
10.779
10.783
10.789
10.787
10.788
10.786
10.783
10.784
10.784
10.785
10.782
10.789
10.791
10.788
10.785
10.784
10.788
10.789
10.793
10.787
10.792
10.794
10.792
10.793
10.789
10.790
10.795
10.792
10.794
10.792
10.797
10.795
10.794
10.794
10.796
10.794
10.792
10.799
10.794
10.800
10.795
10.799
10.794
10.802
10.803
10.801
10.798
10.802
10.797
10.799
10.801
10.801
10.801
10.804
10.805
10.797
10.803
10.801
10.803
10.798
10.807
10.808
10.806
10.801
10.802
10.802
10.805
10.805
10.804
10.806
10.803
10.809
10.805
10.804
10.812
10.809
10.806
10.812
10.807
10.812
10.809
10.805
10.806
10.813
10.812
10.811
10.806
10.809
10.813
10.810
10.812
10.817
10.810
10.814
10.808
10.812
10.813
10.811
10.817
10.815
10.814
10.814
10.816
10.816
10.817
10.822
10.814
10.820
10.818
10.819
10.822
10.821
10.816
10.816
10.815
10.814
10.818
10.823
10.815
10.820
10.818
10.821
10.822
10.816
10.824
10.823
10.822
10.818
10.826
10.825
10.823
10.818
10.820
10.827
10.818
10.825
10.826
10.827
10.817
10.824
10.819
10.826
10.829
10.825
10.823
10.825
10.822
10.825
10.830
10.827
10.827
10.828
10.824
10.829
10.828
10.830
10.825
10.830
10.833
10.831
10.832
10.828
10.828
10.836
10.826
10.833
10.828
10.831
10.830
10.832
10.834
10.834
10.830
10.830
10.836
10.833
10.835
10.836
10.832
10.835
10.831
10.838
10.836
10.839
10.834
10.833
10.840
10.830
10.834
10.834
10.835
10.838
10.835
10.835
10.840
10.840
10.837
10.840
10.837
10.841
10.834
10.839
10.845
10.835
10.837
