2.010
2.026
2.042
2.063
2.083
2.108
2.130
2.141
2.170
2.188
2.205
2.225
2.254
2.278
2.294
2.316
2.337
2.369
2.391
2.410
2.432
2.452
2.477
2.504
2.520
2.549
2.569
2.596
2.613
2.650
2.670
2.695
2.718
2.738
2.757
2.781
2.812
2.840
2.865
2.880
2.905
2.933
2.961
2.982
2.995
3.025
3.052
3.074
3.096
3.119
3.139
3.162
3.182
3.207
3.234
3.254
3.271
3.303
3.324
3.346
3.371
3.384
3.403
3.428
3.442
3.468
3.485
3.504
3.534
3.550
3.569
3.593
3.601
3.629
3.651
3.669
3.685
3.701
3.718
3.742
3.756
3.768
3.790
3.808
3.824
3.830
3.857
3.866
3.881
3.901
3.920
3.936
3.945
3.968
3.971
3.986
4.008
4.021
4.034
4.047
4.055
4.070
4.081
4.095
4.104
4.126
4.137
4.151
4.168
4.173
4.181
4.204
4.207
4.218
4.231
4.243
4.246
4.260
4.268
4.286
4.291
4.306
4.306
4.323
4.340
4.341
4.350
4.356
4.369
4.388
4.393
4.400
4.412
4.426
4.430
4.436
4.444
4.456
4.455
4.460
4.474
4.479
4.484
4.504
4.510
4.509
4.519
4.535
4.534
4.545
4.556
4.555
4.560
4.574
4.580
4.588
4.598
4.591
4.602
4.621
4.619
4.624
4.634
4.638
4.644
4.646
4.657
4.661
4.659
4.671
4.678
4.684
4.687
4.702
4.709
4.703
4.709
4.716
4.720
4.730
4.738
4.737
4.736
4.741
4.745
4.760
4.763
4.770
4.767
4.778
4.780
4.787
4.787
4.802
4.804
4.813
4.800
4.813
4.823
4.824
4.828
4.831
4.828
4.835
4.845
4.841
4.848
4.846
4.867
4.866
4.861
4.871
4.875
4.875
4.877
4.893
4.892
4.889
4.897
4.897
4.898
4.908
4.912
4.917
4.921
4.921
4.921
4.924
4.933
4.944
4.938
4.937
4.942
4.955
4.950
4.954
4.965
4.965
4.964
4.965
4.978
4.968
4.981
4.974
4.987
4.989
4.990
4.998
5.000
4.996
5.004
4.994
5.009
4.999
5.011
5.021
5.023
5.022
5.026
5.029
5.021
5.025
5.028
5.033
5.032
5.047
5.038
5.039
5.045
5.055
5.046
5.054
5.063
5.061
5.068
5.060
5.065
5.065
5.073
5.082
5.079
5.078
5.079
5.089
5.087
5.093
5.090
5.088
5.091
5.097
5.095
5.105
5.092
5.099
5.107
5.107
5.117
5.113
5.117
5.113
5.118
5.122
5.121
5.120
5.125
5.123
5.132
5.129
5.131
5.142
5.138
5.134
5.138
5.147
5.137
5.152
5.151
5.152
5.153
5.158
5.156
5.159
5.161
5.165
5.163
5.157
5.158
5.173
5.176
5.164
5.174
5.178
5.177
5.176
5.183
5.183
5.176
5.184
5.180
5.185
5.191
5.194
5.184
5.188
5.195
5.198
5.192
5.206
5.204
5.197
5.200
5.196
5.213
5.209
5.212
5.201
5.212
5.213
5.218
5.213
5.220
5.214
5.219
5.217
5.221
5.217
5.224
5.232
5.228
5.234
5.231
5.236
5.238
5.231
5.241
5.233
5.229
5.232
5.233
5.234
5.235
5.238
5.246
5.242
5.248
5.254
5.250
5.253
5.251
5.248
5.252
5.245
5.256
5.250
5.260
5.263
5.257
5.266
5.260
5.261
5.260
5.271
5.259
5.270
5.271
5.263
5.269
5.273
5.267
5.271
5.276
5.284
5.271
5.281
5.275
5.283
5.288
5.279
5.285
5.280
5.285
5.288
5.280
5.285
5.295
5.280
5.288
5.294
5.292
5.295
5.298
5.295
5.297
5.295
5.295
5.303
5.297
5.305
5.295
5.294
5.302
5.296
5.299
5.301
5.301
5.302
5.305
5.307
5.306
5.308
5.309
5.317
5.316
5.307
5.315
5.318
5.316
5.313
5.324
5.318
5.314
5.319
5.311
5.317
5.323
5.327
5.326
5.320
5.321
5.326
5.323
5.329
5.333
5.330
5.324
5.336
5.324
5.328
5.333
5.329
5.335
5.328
5.339
5.334
5.334
5.344
5.343
5.338
5.340
5.342
5.333
5.339
5.347
5.338
5.350
5.344
5.348
5.347
5.345
5.346
5.350
5.342
5.348
5.355
5.352
5.352
5.348
5.351
5.354
5.348
5.352
5.354
5.359
5.355
5.349
5.353
5.358
5.354
5.352
5.364
5.358
5.355
5.363
5.363
5.369
5.357
5.366
5.365
5.367
5.358
5.363
5.372
5.373
5.363
5.364
5.368
5.373
5.368
5.370
5.361
5.377
5.371
5.370
5.378
5.372
5.368
5.366
5.373
5.370
5.374
5.379
5.375
5.380
5.381
5.378
5.382
5.376
5.385
5.377
5.380
5.376
5.386
5.388
5.386
5.381
5.386
5.380
5.382
5.379
5.383
5.381
5.382
5.389
5.380
5.393
5.389
5.391
5.394
5.392
5.389
5.383
5.394
5.391
5.390
5.399
5.389
5.401
5.388
5.389
5.389
5.393
5.388
5.390
5.390
5.390
5.402
5.401
5.404
5.395
5.400
5.397
5.403
5.402
5.403
5.398
5.404
5.401
5.402
5.411
5.405
5.410
5.404
5.410
5.399
5.404
5.403
5.406
5.412
5.403
5.403
5.400
5.411
5.414
5.405
5.403
5.415
5.403
5.415
5.411
5.407
5.406
5.405
5.406
5.408
5.411
5.410
5.418
5.414
5.418
5.407
5.413
5.416
5.418
5.420
5.412
5.421
5.411
5.421
5.412
5.422
5.411
5.424
5.418
5.423
5.418
5.420
5.417
5.415
5.428
5.419
5.418
5.423
5.427
5.426
5.421
5.419
5.419
5.428
5.426
5.427
5.417
5.423
5.421
5.432
5.426
5.432
5.426
5.424
5.434
5.423
5.433
5.421
5.430
5.430
5.436
5.430
5.425
5.433
5.438
5.427
5.431
5.433
5.436
5.426
5.441
5.432
5.429
5.436
5.426
5.441
5.431
5.436
5.429
5.440
5.437
5.431
5.438
5.441
5.440
5.437
5.439
5.445
5.444
5.446
5.443
5.435
5.440
5.445
5.442
5.442
5.436
5.440
5.447
5.448
5.433
5.436
5.433
5.437
5.437
5.449
5.437
5.450
5.445
5.437
5.449
5.442
5.439
5.452
5.450
5.446
5.440
5.445
5.452
5.440
5.452
5.450
5.441
5.447
5.444
5.444
5.449
5.449
5.445
5.444
5.451
5.454
5.449
5.452
5.452
5.452
5.449
5.444
5.452
5.448
5.453
5.446
5.458
5.458
5.455
5.448
5.449
5.454
5.459
5.458
5.451
5.455
5.450
5.457
5.451
5.455
5.451
5.455
5.450
5.451
5.453
5.463
5.450
5.456
5.457
5.450
5.452
5.464
5.464
5.463
5.463
5.459
5.461
5.453
5.468
5.454
5.467
5.465
5.459
5.457
5.457
5.458
5.466
5.461
5.466
5.463
5.472
5.456
5.457
5.469
5.457
5.458
5.464
5.464
5.457
5.470
5.464
5.457
5.461
5.458
5.463
5.468
5.468
5.469
5.468
5.472
5.464
5.461
5.470
5.472
5.474
5.469
5.467
5.463
5.472
5.465
5.461
5.465
5.463
5.471
5.473
5.465
5.470
5.466
5.472
5.464
5.471
5.468
5.472
5.469
5.474
5.479
5.467
5.475
5.465
5.475
5.467
5.477
5.466
5.466
5.471
5.475
5.467
5.475
5.475
5.474
5.469
5.472
5.469
5.467
5.480
5.471
5.476
5.474
5.482
5.469
5.468
5.470
5.481
5.478
5.481
5.477
5.478
5.480
5.476
5.480
5.474
5.478
5.482
5.471
5.478
5.481
5.475
5.482
5.473
5.479
5.483
5.486
5.477
5.476
5.482
5.485
5.484
5.476
5.482
5.482
5.474
5.484
5.478
5.487
5.481
5.483
5.486
5.477
5.481
5.482
5.482
5.483
5.483
5.481
5.475
5.488
5.476
5.479
5.482
5.479
5.479
5.486
5.487
5.492
5.490
5.485
5.478
5.491
5.485
5.488
5.482
5.482
5.493
5.479
5.482
5.483
5.492
5.480
5.481
5.484
5.494
5.489
5.480
5.495
5.483
5.484
5.484
5.496
5.489
5.496
5.488
5.480
5.492
5.492
5.492
5.493
5.491
5.485
5.489
5.490
5.488
5.495
5.487
5.492
5.489
5.495
5.489
5.484
5.487
5.485
5.492
5.493
5.484
5.498
5.487
5.495
5.490
5.495
5.491
5.488
5.488
5.494
5.497
5.488
5.492
5.489
5.487
5.495
5.489
5.498
5.487
5.492
5.484
5.496
5.497
5.486
5.501
5.498
5.500
5.493
5.492
5.497
5.495
5.492
5.490
5.494
5.491
5.493
5.491
5.501
5.493
5.487
5.501
5.501
