4.308
4.351
4.402
4.443
4.489
4.529
4.574
4.629
4.667
4.718
4.771
4.819
4.860
4.907
4.963
5.014
5.063
5.103
5.155
5.208
5.261
5.316
5.364
5.412
5.470
5.520
5.572
5.622
5.681
5.719
5.777
5.828
5.881
5.941
5.998
6.051
6.097
6.146
6.198
6.261
6.312
6.359
6.408
6.465
6.527
6.572
6.621
6.674
6.726
6.777
6.835
6.884
6.937
6.985
7.029
7.083
7.137
7.176
7.224
7.273
7.319
7.374
7.424
7.466
7.521
7.562
7.609
7.659
7.692
7.739
7.785
7.823
7.879
7.911
7.950
7.992
8.035
8.080
8.120
8.151
8.197
8.241
8.275
8.311
8.352
8.399
8.424
8.468
8.504
8.534
8.565
8.600
8.639
8.666
8.711
8.743
8.763
8.798
8.830
8.863
8.898
8.927
8.961
8.987
9.023
9.040
9.071
9.094
9.118
9.151
9.183
9.197
9.230
9.257
9.279
9.305
9.336
9.358
9.386
9.399
9.429
9.444
9.482
9.494
9.507
9.540
9.562
9.585
9.604
9.613
9.639
9.660
9.676
9.692
9.714
9.738
9.757
9.773
9.799
9.819
9.834
9.854
9.872
9.879
9.896
9.919
9.934
9.944
9.968
9.981
9.991
10.016
10.034
10.042
10.056
10.073
10.082
10.111
10.119
10.124
10.147
10.161
10.170
10.188
10.200
10.219
10.224
10.242
10.262
10.270
10.279
10.291
10.308
10.310
10.322
10.343
10.355
10.365
10.377
10.386
10.396
10.411
10.428
10.439
10.451
10.452
10.464
10.471
10.493
10.495
10.507
10.516
10.531
10.530
10.544
10.547
10.575
10.576
10.580
10.593
10.604
10.612
10.630
10.636
10.639
10.655
10.663
10.676
10.669
10.684
10.702
10.705
10.712
10.723
10.733
10.728
10.741
10.757
10.760
10.772
10.781
10.784
10.790
10.796
10.802
10.814
10.825
10.833
10.836
10.835
10.853
10.864
10.870
10.866
10.881
10.889
10.885
10.894
10.907
10.915
10.912
10.932
10.930
10.943
10.941
10.950
10.958
10.958
10.964
10.980
10.978
10.998
10.994
11.011
11.008
11.006
11.015
11.022
11.027
11.033
11.048
11.052
11.059
11.062
11.072
11.064
11.079
11.086
11.092
11.087
11.104
11.103
11.104
11.112
11.112
11.128
11.131
11.139
11.136
11.137
11.144
11.152
11.160
11.155
11.166
11.169
11.176
11.184
11.190
11.193
11.197
11.194
11.215
11.214
11.214
11.222
11.217
11.228
11.227
11.239
11.242
11.243
11.251
11.257
11.257
11.267
11.264
11.272
11.278
11.272
11.282
11.295
11.293
11.289
11.306
11.298
11.303
11.308
11.312
11.312
11.320
11.323
11.327
11.326
11.335
11.346
11.351
11.341
11.345
11.359
11.356
11.358
11.362
11.370
11.366
11.372
11.384
11.381
11.391
11.392
11.389
11.390
11.405
11.406
11.402
11.404
11.417
11.405
11.413
11.427
11.427
11.436
11.422
11.433
11.434
11.448
11.442
11.443
11.445
11.452
11.451
11.461
11.459
11.467
11.468
11.476
11.472
11.469
11.476
11.477
11.482
11.481
11.482
11.495
11.487
11.502
11.507
11.510
11.511
11.514
11.517
11.520
11.514
11.523
11.521
11.520
11.525
11.525
11.530
11.537
11.537
11.550
11.542
11.552
11.543
11.545
11.553
11.550
11.559
11.560
11.566
11.557
11.571
11.565
11.568
11.579
11.576
11.576
11.585
11.585
11.583
11.578
11.594
11.587
11.598
11.591
11.590
11.603
11.598
11.609
11.604
11.605
11.617
11.614
11.608
11.627
11.622
11.619
11.621
11.624
11.623
11.629
11.631
11.636
11.639
11.632
11.640
11.636
11.648
11.652
11.647
11.656
11.656
11.656
11.661
11.661
11.662
11.664
11.666
11.667
11.669
11.661
11.665
11.679
11.672
11.674
11.676
11.683
11.674
11.682
11.690
11.686
11.695
11.694
11.691
11.687
11.691
11.702
11.702
11.699
11.707
11.701
11.700
11.704
11.715
11.701
11.718
11.717
11.715
11.720
11.717
11.725
11.718
11.723
11.726
11.719
11.720
11.729
11.728
11.729
11.742
11.737
11.730
11.743
11.732
11.738
11.738
11.741
11.745
11.746
11.745
11.757
11.752
11.747
11.751
11.754
11.759
11.759
11.755
11.765
11.764
11.763
11.761
11.767
11.775
11.774
11.768
11.774
11.779
11.768
11.777
11.781
11.776
11.779
11.774
11.789
11.780
11.784
11.783
11.793
11.790
11.785
11.785
11.797
11.797
11.796
11.793
11.800
11.799
11.809
11.796
11.803
11.804
11.798
11.807
11.811
11.816
11.811
11.816
11.814
11.810
11.814
11.811
11.814
11.817
11.816
11.825
11.816
11.826
11.824
11.829
11.819
11.820
11.823
11.832
11.828
11.834
11.837
11.841
11.835
11.840
11.840
11.836
11.846
11.835
11.839
11.839
11.837
11.841
11.847
11.855
11.844
11.846
11.852
11.842
11.854
11.842
11.860
11.860
11.860
11.858
11.866
11.864
11.866
11.867
11.856
11.859
11.857
11.868
11.862
11.867
11.864
11.866
11.869
11.873
11.869
11.874
11.871
11.864
11.872
11.868
11.875
11.870
11.884
11.880
11.882
11.880
11.876
11.886
11.886
11.890
11.880
11.879
11.890
11.894
11.883
11.897
11.887
11.890
11.896
11.898
11.900
11.900
11.900
11.897
11.899
11.895
11.897
11.894
11.908
11.903
11.902
11.898
11.899
11.909
11.900
11.911
11.903
11.912
11.905
11.918
11.906
11.911
11.909
11.914
11.912
11.917
11.923
11.908
11.920
11.920
11.916
11.915
11.914
11.923
11.925
11.927
11.916
11.921
11.922
11.932
11.927
11.930
11.921
11.928
11.921
11.930
11.935
11.922
11.936
11.927
11.939
11.933
11.932
11.927
11.936
11.939
11.933
11.930
11.942
11.939
11.938
11.935
11.945
11.932
11.943
11.946
11.941
11.953
11.936
11.947
11.943
11.952
11.942
11.947
11.955
11.947
11.946
11.945
11.952
11.952
11.945
11.948
11.944
11.949
11.959
11.953
11.952
11.953
11.957
11.963
11.958
11.953
11.953
11.968
11.966
11.969
11.968
11.967
11.956
11.970
11.956
11.963
11.974
11.959
11.968
11.973
11.961
11.961
11.969
11.975
11.971
11.965
11.979
11.965
11.970
11.979
11.974
11.977
11.979
11.972
11.973
11.979
11.983
11.976
11.972
11.980
11.978
11.978
11.977
11.981
11.987
11.980
11.986
11.979
11.987
11.978
11.978
11.982
11.991
11.988
11.984
11.982
11.981
11.991
11.988
11.993
11.985
11.994
11.989
11.996
11.991
11.996
11.998
11.996
11.986
12.000
11.994
11.994
12.003
12.001
11.988
11.990
11.993
11.991
11.997
11.996
12.004
11.990
12.004
11.991
11.996
12.004
12.005
12.006
12.007
11.997
12.003
11.998
12.004
11.995
12.012
12.012
11.997
12.015
12.012
12.007
12.007
12.015
12.002
12.009
12.015
12.014
12.017
12.014
12.007
12.008
12.008
12.009
12.006
12.016
12.019
12.010
12.007
12.009
12.012
12.017
12.021
12.012
12.021
12.025
12.021
12.023
12.016
12.016
12.023
12.016
12.022
12.018
12.026
12.021
12.025
12.019
12.023
12.018
12.015
12.028
12.020
12.031
12.019
12.030
12.022
12.033
12.032
12.030
12.024
12.032
12.026
12.025
12.027
12.033
12.030
12.034
12.037
12.024
12.035
12.029
12.033
12.026
12.038
12.039
12.040
12.028
12.029
12.028
12.033
12.031
12.029
12.038
12.032
12.040
12.037
12.033
12.045
12.037
12.034
12.042
12.033
12.043
12.038
12.034
12.032
12.042
12.043
12.037
12.036
12.037
12.047
12.040
12.042
12.051
12.038
12.047
12.038
12.043
12.043
12.038
12.048
12.045
12.046
12.047
12.047
12.045
12.048
12.055
12.043
12.054
12.053
12.052
12.054
12.054
12.046
12.047
12.045
12.046
12.049
12.058
12.043
12.054
12.049
12.055
12.055
12.046
12.059
12.057
12.054
12.048
12.060
12.061
12.057
12.048
12.051
12.063
12.048
12.060
12.060
12.063
12.049
12.057
12.049
12.057
12.067
12.054
12.055
12.056
12.053
12.058
12.066
12.061
12.062
12.064
12.055
12.064
12.058
12.061
12.058
12.063
12.069
12.065
12.068
12.063
12.063
12.071
12.059
12.068
12.060
12.066
12.064
12.064
12.069
12.072
12.065
12.064
12.073
12.069
12.072
12.075
12.067
12.072
12.064
12.077
12.070
12.078
12.068
12.065
12.078
12.065
12.067
12.067
12.071
12.075
12.069
12.072
12.075
12.078
12.074
12.078
12.075
12.077
12.068
12.075
12.081
12.069
12.070
