0.898
0.901
0.894
0.912
0.917
0.939
0.953
0.940
0.968
0.970
0.968
0.974
0.996
1.012
1.009
1.014
1.023
1.053
1.061
1.070
1.075
1.080
1.091
1.104
1.104
1.126
1.136
1.153
1.147
1.187
1.187
1.199
1.205
1.210
1.212
1.221
1.242
1.262
1.278
1.269
1.280
1.306
1.327
1.323
1.314
1.340
1.362
1.366
1.377
1.387
1.382
1.397
1.404
1.419
1.437
1.440
1.444
1.465
1.483
1.498
1.509
1.502
1.506
1.525
1.525
1.536
1.544
1.543
1.575
1.574
1.587
1.605
1.590
1.619
1.634
1.642
1.648
1.654
1.656
1.687
1.679
1.673
1.698
1.701
1.708
1.694
1.728
1.720
1.720
1.743
1.749
1.764
1.761
1.782
1.760
1.764
1.798
1.793
1.804
1.801
1.801
1.808
1.806
1.821
1.814
1.841
1.842
1.857
1.866
1.859
1.855
1.887
1.874
1.876
1.886
1.887
1.877
1.894
1.886
1.912
1.909
1.925
1.902
1.924
1.941
1.927
1.928
1.924
1.937
1.963
1.968
1.959
1.973
1.987
1.977
1.979
1.982
1.989
1.974
1.978
1.983
1.986
1.981
2.018
2.011
2.008
2.009
2.027
2.015
2.025
2.036
2.023
2.021
2.038
2.045
2.046
2.060
2.034
2.043
2.070
2.054
2.058
2.069
2.063
2.070
2.057
2.076
2.074
2.062
2.075
2.078
2.085
2.076
2.106
2.101
2.085
2.088
2.099
2.102
2.110
2.109
2.108
2.099
2.098
2.108
2.118
2.121
2.131
2.109
2.129
2.126
2.129
2.122
2.144
2.141
2.159
2.122
2.137
2.156
2.153
2.145
2.149
2.129
2.142
2.153
2.145
2.151
2.143
2.175
2.165
2.143
2.161
2.166
2.157
2.159
2.186
2.179
2.169
2.175
2.171
2.162
2.181
2.187
2.193
2.190
2.184
2.182
2.184
2.192
2.207
2.194
2.184
2.187
2.207
2.195
2.196
2.217
2.214
2.202
2.204
2.222
2.198
2.216
2.208
2.224
2.223
2.219
2.230
2.233
2.212
2.225
2.204
2.228
2.206
2.220
2.235
2.236
2.234
2.240
2.238
2.220
2.221
2.227
2.233
2.221
2.251
2.230
2.231
2.237
2.253
2.230
2.244
2.254
2.252
2.264
2.241
2.245
2.235
2.260
2.270
2.260
2.257
2.251
2.270
2.263
2.269
2.261
2.254
2.255
2.259
2.259
2.278
2.245
2.265
2.270
2.260
2.287
2.273
2.281
2.268
2.264
2.275
2.272
2.268
2.278
2.260
2.286
2.270
2.272
2.297
2.283
2.267
2.279
2.295
2.269
2.297
2.292
2.294
2.292
2.301
2.291
2.294
2.296
2.300
2.296
2.278
2.274
2.306
2.306
2.286
2.300
2.306
2.304
2.293
2.312
2.305
2.288
2.304
2.293
2.298
2.313
2.318
2.293
2.300
2.307
2.308
2.296
2.332
2.319
2.300
2.306
2.290
2.328
2.318
2.319
2.300
2.318
2.320
2.320
2.312
2.326
2.308
2.325
2.307
2.317
2.307
2.323
2.336
2.327
2.329
2.323
2.329
2.339
2.321
2.339
2.317
2.305
2.313
2.316
2.313
2.315
2.321
2.330
2.326
2.332
2.341
2.334
2.340
2.334
2.332
2.330
2.310
2.333
2.324
2.342
2.348
2.333
2.348
2.338
2.331
2.327
2.353
2.333
2.342
2.343
2.327
2.339
2.343
2.328
2.331
2.344
2.362
2.330
2.355
2.332
2.357
2.359
2.339
2.362
2.340
2.349
2.354
2.330
2.338
2.361
2.325
2.340
2.359
2.349
2.359
2.361
2.349
2.350
2.349
2.347
2.362
2.350
2.366
2.344
2.338
2.354
2.342
2.343
2.351
2.342
2.349
2.355
2.349
2.344
2.354
2.350
2.370
2.361
2.350
2.362
2.367
2.362
2.357
2.372
2.362
2.349
2.360
2.344
2.357
2.367
2.376
2.376
2.355
2.355
2.371
2.357
2.364
2.370
2.371
2.358
2.385
2.352
2.362
2.372
2.362
2.371
2.350
2.375
2.364
2.366
2.384
2.385
2.370
2.377
2.375
2.349
2.367
2.389
2.358
2.388
2.378
2.383
2.380
2.377
2.371
2.383
2.361
2.368
2.384
2.379
2.379
2.371
2.375
2.386
2.374
2.377
2.377
2.386
2.378
2.366
2.371
2.382
2.370
2.368
2.392
2.380
2.372
2.386
2.382
2.398
2.371
2.385
2.377
2.394
2.371
2.374
2.394
2.398
2.376
2.375
2.382
2.395
2.382
2.384
2.363
2.389
2.384
2.384
2.403
2.382
2.377
2.369
2.386
2.377
2.383
2.394
2.387
2.394
2.395
2.392
2.401
2.378
2.402
2.383
2.390
2.383
2.399
2.406
2.394
2.386
2.395
2.384
2.383
2.379
2.385
2.386
2.380
2.396
2.381
2.403
2.399
2.399
2.407
2.399
2.395
2.376
2.401
2.398
2.390
2.409
2.390
2.418
2.383
2.382
2.386
2.389
2.381
2.383
2.387
2.379
2.414
2.400
2.409
2.393
2.403
2.395
2.406
2.401
2.401
2.389
2.402
2.393
2.398
2.418
2.401
2.416
2.402
2.415
2.389
2.397
2.397
2.403
2.417
2.396
2.389
2.390
2.412
2.417
2.396
2.387
2.416
2.389
2.410
2.408
2.395
2.391
2.388
2.387
2.395
2.406
2.397
2.409
2.408
2.423
2.390
2.397
2.402
2.413
2.408
2.397
2.418
2.397
2.416
2.388
2.412
2.389
2.416
2.406
2.412
2.405
2.405
2.401
2.393
2.418
2.402
2.402
2.413
2.417
2.418
2.402
2.398
2.401
2.422
2.411
2.412
2.394
2.406
2.403
2.421
2.407
2.422
2.407
2.396
2.427
2.401
2.419
2.392
2.415
2.414
2.421
2.403
2.404
2.417
2.429
2.406
2.409
2.411
2.421
2.402
2.426
2.412
2.404
2.412
2.398
2.433
2.416
2.420
2.396
2.421
2.416
2.395
2.420
2.425
2.423
2.411
2.413
2.430
2.429
2.430
2.424
2.402
2.415
2.424
2.423
2.418
2.405
2.419
2.435
2.428
2.392
2.405
2.402
2.406
2.412
2.436
2.403
2.434
2.421
2.397
2.430
2.412
2.402
2.434
2.435
2.418
2.408
2.412
2.430
2.405
2.429
2.419
2.408
2.417
2.412
2.413
2.422
2.425
2.416
2.412
2.421
2.429
2.414
2.422
2.424
2.423
2.422
2.404
2.418
2.416
2.428
2.413
2.432
2.433
2.425
2.412
2.415
2.422
2.431
2.437
2.418
2.424
2.416
2.432
2.416
2.422
2.411
2.422
2.418
2.411
2.414
2.439
2.413
2.418
2.429
2.406
2.411
2.440
2.437
2.436
2.441
2.427
2.432
2.416
2.441
2.417
2.447
2.429
2.422
2.414
2.413
2.418
2.432
2.426
2.432
2.426
2.445
2.413
2.410
2.444
2.406
2.416
2.430
2.424
2.412
2.440
2.427
2.409
2.419
2.416
2.420
2.437
2.433
2.434
2.433
2.446
2.423
2.413
2.433
2.440
2.441
2.432
2.424
2.417
2.439
2.418
2.414
2.420
2.416
2.434
2.434
2.423
2.437
2.425
2.431
2.415
2.424
2.429
2.438
2.428
2.435
2.441
2.421
2.435
2.415
2.442
2.419
2.439
2.417
2.421
2.420
2.435
2.425
2.436
2.431
2.432
2.426
2.430
2.419
2.417
2.444
2.421
2.435
2.425
2.445
2.417
2.414
2.419
2.443
2.441
2.443
2.439
2.437
2.446
2.428
2.438
2.429
2.432
2.444
2.420
2.427
2.437
2.424
2.444
2.425
2.434
2.440
2.452
2.429
2.430
2.436
2.444
2.442
2.421
2.437
2.435
2.414
2.443
2.431
2.448
2.437
2.439
2.447
2.421
2.435
2.431
2.435
2.432
2.436
2.430
2.418
2.443
2.425
2.430
2.429
2.423
2.425
2.444
2.439
2.441
2.448
2.440
2.417
2.452
2.432
2.446
2.433
2.428
2.457
2.425
2.429
2.435
2.447
2.423
2.427
2.435
2.452
2.446
2.418
2.450
2.432
2.429
2.430
2.460
2.441
2.452
2.435
2.425
2.445
2.447
2.450
2.452
2.440
2.432
2.435
2.433
2.430
2.446
2.435
2.441
2.437
2.453
2.436
2.422
2.431
2.431
2.445
2.443
2.426
2.454
2.433
2.446
2.441
2.442
2.438
2.434
2.430
2.447
2.447
2.429
2.436
2.435
2.426
2.442
2.434
2.451
2.426
2.438
2.424
2.448
2.452
2.422
2.455
2.449
2.448
2.438
2.426
2.441
2.438
2.434
2.429
2.443
2.433
2.439
2.433
2.452
2.439
2.421
2.448
2.449
