0.803
0.812
0.822
0.832
0.841
0.851
0.861
0.871
0.881
0.890
0.900
0.910
0.920
0.930
0.940
0.950
0.960
0.970
0.980
0.990
1.000
1.010
1.020
1.030
1.040
1.050
1.060
1.070
1.080
1.090
1.100
1.110
1.119
1.129
1.139
1.149
1.159
1.168
1.178
1.188
1.197
1.207
1.217
1.226
1.235
1.245
1.254
1.264
1.273
1.282
1.291
1.300
1.310
1.319
1.327
1.336
1.345
1.354
1.363
1.371
1.380
1.388
1.397
1.405
1.414
1.422
1.430
1.438
1.446
1.454
1.462
1.470
1.478
1.485
1.493
1.501
1.508
1.515
1.523
1.530
1.537
1.544
1.551
1.558
1.565
1.572
1.578
1.585
1.592
1.598
1.604
1.611
1.617
1.623
1.629
1.635
1.641
1.647
1.653
1.658
1.664
1.670
1.675
1.680
1.686
1.691
1.696
1.701
1.706
1.711
1.716
1.721
1.726
1.731
1.735
1.740
1.744
1.749
1.753
1.757
1.762
1.766
1.770
1.774
1.778
1.782
1.786
1.789
1.793
1.797
1.800
1.804
1.808
1.811
1.814
1.818
1.821
1.824
1.827
1.831
1.834
1.837
1.840
1.843
1.845
1.848
1.851
1.854
1.856
1.859
1.862
1.864
1.867
1.869
1.872
1.874
1.876
1.879
1.881
1.883
1.885
1.887
1.890
1.892
1.894
1.896
1.898
1.900
1.901
1.903
1.905
1.907
1.909
1.910
1.912
1.914
1.915
1.917
1.919
1.920
1.922
1.923
1.925
1.926
1.927
1.929
1.930
1.932
1.933
1.934
1.935
1.937
1.938
1.939
1.940
1.941
1.943
1.944
1.945
1.946
1.947
1.948
1.949
1.950
1.951
1.952
1.953
1.954
1.954
1.955
1.956
1.957
1.958
1.959
1.960
1.960
1.961
1.962
1.963
1.963
1.964
1.965
1.965
1.966
1.967
1.967
1.968
1.969
1.969
1.970
1.970
1.971
1.972
1.972
1.973
1.973
1.974
1.974
1.975
1.975
1.976
1.976
1.977
1.977
1.978
1.978
1.978
1.979
1.979
1.980
1.980
1.980
1.981
1.981
1.982
1.982
1.982
1.983
1.983
1.983
1.984
1.984
1.984
1.985
1.985
1.985
1.986
1.986
1.986
1.986
1.987
1.987
1.987
1.987
1.988
1.988
1.988
1.988
1.989
1.989
1.989
1.989
1.989
1.990
1.990
1.990
1.990
1.990
1.991
1.991
1.991
1.991
1.991
1.992
1.992
1.992
1.992
1.992
1.992
1.992
1.993
1.993
1.993
1.993
1.993
1.993
1.993
1.994
1.994
1.994
1.994
1.994
1.994
1.994
1.994
1.995
1.995
1.995
1.995
1.995
1.995
1.995
1.995
1.995
1.995
1.996
1.996
1.996
1.996
1.996
1.996
1.996
1.996
1.996
1.996
1.996
1.996
1.996
1.997
1.997
1.997
1.997
1.997
1.997
1.997
1.997
1.997
1.997
1.997
1.997
1.997
1.997
1.997
1.997
1.997
1.998
1.998
1.998
1.998
1.998
1.998
1.998
1.998
1.998
1.998
1.998
1.998
1.998
1.998
1.998
1.998
1.998
1.998
1.998
1.998
1.998
1.998
1.998
1.998
1.998
1.999
1.999
1.999
1.999
1.999
1.999
1.999
1.999
1.999
1.999
1.999
1.999
1.999
1.999
1.999
1.999
1.999
1.999
1.999
1.999
1.999
1.999
1.999
1.999
1.999
1.999
1.999
1.999
1.999
1.999
1.999
1.999
1.999
1.999
1.999
1.999
1.999
1.999
1.999
1.999
1.999
1.999
1.999
1.999
1.999
1.999
1.999
1.999
1.999
1.999
1.999
1.999
1.999
1.999
1.999
2.000
2.000
2.000
2.000
2.000
2.000
2.000
2.000
2.000
2.000
2.000
2.000
2.000
2.000
2.000
2.000
2.000
2.000
2.000
2.000
2.000
2.000
2.000
2.000
2.000
2.000
2.000
2.000
2.000
2.000
2.000
2.000
2.000
2.000
2.000
2.000
2.000
2.000
2.000
2.000
2.000
2.000
2.000
2.000
2.000
2.000
2.000
2.000
2.000
2.000
2.000
2.000
2.000
2.000
2.000
2.000
2.000
2.000
2.000
2.000
2.000
2.000
2.000
2.000
2.000
2.000
2.000
2.000
2.000
2.000
2.000
2.000
2.000
2.000
2.000
2.000
2.000
2.000
2.000
2.000
2.000
2.000
2.000
2.000
2.000
2.000
2.000
2.000
2.000
2.000
2.000
2.000
2.000
2.000
2.000
2.000
2.000
2.000
2.000
2.000
2.000
2.000
2.000
2.000
2.000
2.000
2.000
2.000
2.000
2.000
2.000
2.000
2.000
2.000
2.000
2.000
2.000
2.000
2.000
2.000
2.000
2.000
2.000
2.000
2.000
2.000
2.000
2.000
2.000
2.000
2.000
2.000
2.000
2.000
2.000
2.000
2.000
2.000
2.000
2.000
2.000
2.000
2.000
2.000
2.000
2.000
2.000
2.000
2.000
2.000
2.000
2.000
2.000
2.000
2.000
2.000
2.000
2.000
2.000
2.000
2.000
2.000
2.000
2.000
2.000
2.000
2.000
2.000
2.000
2.000
2.000
2.000
2.000
2.000
2.000
2.000
2.000
2.000
2.000
2.000
2.000
2.000
2.000
2.000
2.000
2.000
2.000
2.000
2.000
2.000
2.000
2.000
2.000
2.000
2.000
2.000
2.000
2.000
2.000
2.000
2.000
2.000
2.000
2.000
2.000
2.000
2.000
2.000
2.000
2.000
2.000
2.000
2.000
2.000
2.000
2.000
2.000
2.000
2.000
2.000
2.000
2.000
2.000
2.000
2.000
2.000
2.000
2.000
2.000
2.000
2.000
2.000
2.000
2.000
2.000
2.000
2.000
2.000
2.000
2.000
2.000
2.000
2.000
2.000
2.000
2.000
2.000
2.000
2.000
2.000
2.000
2.000
2.000
2.000
2.000
2.000
2.000
2.000
2.000
2.000
2.000
2.000
2.000
2.000
2.000
2.000
2.000
2.000
2.000
2.000
2.000
2.000
2.000
2.000
2.000
2.000
2.000
2.000
2.000
2.000
2.000
2.000
2.000
2.000
2.000
2.000
2.000
2.000
2.000
2.000
2.000
2.000
2.000
2.000
2.000
2.000
2.000
2.000
2.000
2.000
2.000
2.000
2.000
2.000
2.000
2.000
2.000
2.000
2.000
2.000
2.000
2.000
2.000
2.000
2.000
2.000
2.000
2.000
2.000
2.000
2.000
2.000
2.000
2.000
2.000
2.000
2.000
2.000
2.000
2.000
2.000
2.000
2.000
2.000
2.000
2.000
2.000
2.000
2.000
2.000
2.000
2.000
2.000
2.000
2.000
2.000
2.000
2.000
2.000
2.000
2.000
2.000
2.000
2.000
2.000
2.000
2.000
2.000
2.000
2.000
2.000
2.000
2.000
2.000
2.000
2.000
2.000
2.000
2.000
2.000
2.000
2.000
2.000
2.000
2.000
2.000
2.000
2.000
2.000
2.000
2.000
2.000
2.000
2.000
2.000
2.000
2.000
2.000
2.000
2.000
2.000
2.000
2.000
2.000
2.000
2.000
2.000
2.000
2.000
2.000
2.000
2.000
2.000
2.000
2.000
2.000
2.000
2.000
2.000
2.000
2.000
2.000
2.000
2.000
2.000
2.000
2.000
2.000
2.000
2.000
2.000
2.000
2.000
2.000
2.000
2.000
2.000
2.000
2.000
2.000
2.000
2.000
2.000
2.000
2.000
2.000
2.000
2.000
2.000
2.000
2.000
2.000
2.000
2.000
2.000
2.000
2.000
2.000
2.000
2.000
2.000
2.000
2.000
2.000
2.000
2.000
2.000
2.000
2.000
2.000
2.000
2.000
2.000
2.000
2.000
2.000
2.000
2.000
2.000
2.000
2.000
2.000
2.000
2.000
2.000
2.000
2.000
2.000
2.000
2.000
2.000
2.000
2.000
2.000
2.000
2.000
2.000
2.000
2.000
2.000
2.000
2.000
2.000
2.000
2.000
2.000
2.000
2.000
2.000
2.000
2.000
2.000
2.000
2.000
2.000
2.000
2.000
2.000
2.000
2.000
2.000
2.000
2.000
2.000
2.000
2.000
2.000
2.000
2.000
2.000
2.000
2.000
2.000
2.000
2.000
2.000
2.000
2.000
2.000
2.000
2.000
2.000
2.000
2.000
2.000
2.000
2.000
2.000
2.000
2.000
2.000
2.000
2.000
2.000
2.000
2.000
2.000
2.000
2.000
2.000
2.000
2.000
2.000
2.000
2.000
2.000
2.000
2.000
2.000
2.000
2.000
2.000
2.000
2.000
2.000
2.000
2.000
2.000
2.000
2.000
2.000
2.000
2.000
2.000
2.000
2.000
2.000
2.000
2.000
2.000
2.000
2.000
2.000
2.000
2.000
2.000
2.000
2.000
2.000
