0.921
0.938
0.929
0.933
0.946
0.959
0.975
0.984
0.997
0.998
0.998
1.004
1.045
1.040
1.038
1.068
1.055
1.097
1.096
1.094
1.109
1.116
1.138
1.163
1.157
1.178
1.203
1.205
1.217
1.228
1.254
1.248
1.248
1.259
1.290
1.276
1.309
1.331
1.313
1.313
1.365
1.377
1.385
1.399
1.407
1.407
1.438
1.426
1.431
1.442
1.469
1.457
1.475
1.489
1.523
1.521
1.501
1.532
1.543
1.553
1.583
1.583
1.599
1.603
1.617
1.628
1.605
1.633
1.626
1.668
1.684
1.675
1.705
1.685
1.703
1.717
1.746
1.774
1.751
1.761
1.784
1.777
1.799
1.789
1.827
1.804
1.824
1.827
1.831
1.849
1.864
1.864
1.899
1.882
1.867
1.901
1.903
1.904
1.931
1.908
1.937
1.960
1.966
1.965
1.968
1.992
1.979
1.996
2.011
2.009
1.997
2.025
2.027
1.996
2.036
2.033
2.044
2.048
2.063
2.071
2.077
2.080
2.085
2.091
2.113
2.091
2.107
2.115
2.101
2.155
2.137
2.163
2.148
2.148
2.156
2.138
2.126
2.186
2.155
2.182
2.163
2.189
2.191
2.202
2.179
2.204
2.216
2.232
2.221
2.225
2.251
2.220
2.243
2.241
2.233
2.265
2.266
2.245
2.250
2.268
2.279
2.257
2.281
2.275
2.285
2.286
2.292
2.315
2.282
2.295
2.322
2.325
2.303
2.325
2.324
2.344
2.327
2.322
2.341
2.327
2.353
2.361
2.343
2.339
2.326
2.360
2.347
2.362
2.338
2.390
2.364
2.379
2.376
2.385
2.360
2.387
2.399
2.406
2.405
2.391
2.392
2.393
2.389
2.389
2.411
2.386
2.405
2.420
2.404
2.412
2.403
2.422
2.428
2.431
2.427
2.443
2.443
2.409
2.437
2.432
2.431
2.410
2.458
2.447
2.471
2.445
2.455
2.442
2.427
2.476
2.457
2.449
2.484
2.468
2.466
2.447
2.469
2.499
2.490
2.494
2.497
2.463
2.498
2.473
2.457
2.486
2.482
2.498
2.493
2.479
2.492
2.492
2.498
2.479
2.491
2.511
2.488
2.498
2.508
2.515
2.501
2.503
2.487
2.490
2.490
2.524
2.510
2.515
2.513
2.538
2.482
2.524
2.522
2.522
2.527
2.498
2.533
2.521
2.525
2.527
2.515
2.531
2.529
2.555
2.535
2.524
2.526
2.555
2.526
2.526
2.528
2.555
2.560
2.528
2.528
2.541
2.539
2.544
2.522
2.534
2.539
2.537
2.552
2.540
2.547
2.523
2.534
2.556
2.544
2.551
2.543
2.561
2.564
2.530
2.546
2.551
2.551
2.559
2.573
2.582
2.560
2.579
2.562
2.576
2.564
2.571
2.540
2.565
2.581
2.572
2.548
2.583
2.563
2.552
2.570
2.564
2.559
2.558
2.583
2.580
2.580
2.590
2.550
2.580
2.553
2.585
2.612
2.571
2.608
2.573
2.578
2.576
2.586
2.585
2.558
2.556
2.572
2.571
2.578
2.564
2.582
2.577
2.585
2.570
2.569
2.582
2.567
2.585
2.585
2.593
2.562
2.594
2.583
2.581
2.580
2.575
2.580
2.573
2.589
2.564
2.577
2.590
2.571
2.575
2.565
2.590
2.579
2.605
2.577
2.572
2.588
2.579
2.596
2.555
2.599
2.575
2.589
2.591
2.578
2.574
2.586
2.595
2.581
2.574
2.591
2.595
2.600
2.606
2.592
2.606
2.606
2.599
2.593
2.624
2.612
2.587
2.570
2.582
2.591
2.604
2.584
2.603
2.590
2.610
2.593
2.574
2.603
2.598
2.601
2.562
2.609
2.571
2.587
2.573
2.578
2.620
2.591
2.599
2.602
2.619
2.597
2.592
2.589
2.601
2.596
2.580
2.581
2.614
2.616
2.603
2.591
2.592
2.602
2.577
2.590
2.606
2.604
2.599
2.600
2.592
2.601
2.581
2.591
2.587
2.598
2.589
2.600
2.596
2.611
2.616
2.615
2.600
2.581
2.613
2.582
2.606
2.605
2.595
2.601
2.605
2.605
2.613
2.597
2.624
2.594
2.621
2.591
2.603
2.575
2.605
2.588
2.612
2.586
2.585
2.621
2.594
2.620
2.608
2.601
2.595
2.606
2.591
2.588
2.611
2.614
2.602
2.607
2.614
2.630
2.615
2.608
2.601
2.581
2.599
2.604
2.611
2.585
2.597
2.591
2.640
2.622
2.597
2.607
2.612
2.608
2.608
2.607
2.620
2.594
2.603
2.593
2.639
2.604
2.591
2.608
2.600
2.590
2.574
2.610
2.592
2.601
2.600
2.611
2.605
2.602
2.599
2.593
2.613
2.617
2.599
2.615
2.614
2.620
2.613
2.609
2.607
2.600
2.596
2.581
2.599
2.587
2.609
2.585
2.613
2.596
2.601
2.609
2.609
2.620
2.601
2.589
2.615
2.599
2.601
2.612
2.583
2.578
2.593
2.607
2.631
2.592
2.605
2.601
2.594
2.631
2.592
2.583
2.613
2.597
2.588
2.615
2.598
2.602
2.621
2.617
2.595
2.593
2.599
2.625
2.623
2.591
2.620
2.605
2.585
2.590
2.631
2.576
2.623
2.591
2.593
2.608
2.604
2.609
2.596
2.607
2.611
2.619
2.591
2.603
2.610
2.566
2.612
2.631
2.601
2.608
2.600
2.569
2.616
2.589
2.607
2.604
2.589
2.593
2.605
2.594
2.606
2.616
2.606
2.617
2.608
2.621
2.605
2.606
2.601
2.624
2.613
2.592
2.598
2.596
2.612
2.585
2.604
2.613
2.589
2.628
2.616
2.619
2.589
2.607
2.619
2.607
2.609
2.605
2.604
2.588
2.618
2.603
2.623
2.620
2.585
2.571
2.615
2.585
2.611
2.587
2.605
2.605
2.600
2.590
2.584
2.612
2.597
2.602
2.601
2.611
2.588
2.609
2.601
2.617
2.598
2.617
2.600
2.614
2.591
2.620
2.617
2.594
2.597
2.599
2.583
2.569
2.584
2.590
2.604
2.581
2.593
2.590
2.605
2.594
2.590
2.596
2.616
2.617
2.580
2.596
2.590
2.605
2.602
2.593
2.600
2.588
2.594
2.589
2.617
2.600
2.594
2.595
2.607
2.577
2.619
2.618
2.597
2.611
2.608
2.614
2.602
2.577
2.602
2.606
2.590
2.594
2.597
2.617
2.582
2.618
2.606
2.591
2.587
2.609
2.598
2.595
2.604
2.610
2.580
2.618
2.595
2.592
2.569
2.620
2.590
2.613
2.596
2.604
2.584
2.598
2.598
2.599
2.613
2.587
2.581
2.585
2.621
2.603
2.593
2.591
2.584
2.604
2.606
2.599
2.578
2.576
2.602
2.604
2.592
2.583
2.597
2.618
2.610
2.595
2.581
2.573
2.597
2.602
2.599
2.605
2.594
2.622
2.582
2.628
2.578
2.609
2.591
2.598
2.615
2.599
2.600
2.606
2.590
2.585
2.615
2.582
2.602
2.574
2.607
2.599
2.586
2.607
2.601
2.600
2.618
2.586
2.619
2.583
2.568
2.613
2.576
2.610
2.587
2.619
2.606
2.581
2.584
2.611
2.595
2.592
2.588
2.594
2.598
2.607
2.590
2.596
2.617
2.615
2.601
2.601
2.595
2.580
2.614
2.603
2.607
2.611
2.606
2.601
2.587
2.578
2.619
2.612
2.598
2.585
2.579
2.610
2.593
2.585
2.577
2.612
2.609
2.586
2.597
2.584
2.589
2.596
2.583
2.584
2.580
2.606
2.585
2.598
2.624
2.594
2.606
2.598
2.572
2.620
2.600
2.586
2.618
2.596
2.597
2.597
2.625
2.600
2.593
2.619
2.596
2.595
2.612
2.602
2.609
2.607
2.579
2.609
2.588
2.578
2.590
2.616
2.617
2.600
2.574
2.596
2.589
2.577
2.614
2.584
2.603
2.599
2.620
2.584
2.591
2.597
2.593
2.608
2.560
2.602
2.580
2.582
2.609
2.572
2.610
2.602
2.607
2.596
2.604
2.601
2.607
2.610
2.588
2.587
2.599
2.577
2.604
2.569
2.599
2.601
2.584
2.613
2.615
2.611
2.603
2.587
2.598
2.606
2.622
2.591
2.611
2.624
2.597
2.570
2.617
2.612
2.627
2.582
2.567
2.596
2.596
2.609
2.595
2.568
2.592
2.598
2.608
2.610
2.613
2.583
2.580
2.609
2.587
2.598
2.581
2.588
2.580
2.578
2.602
2.593
2.598
2.602
2.584
2.558
2.597
2.604
2.626
2.602
2.582
2.586
2.586
2.595
2.573
2.585
2.594
2.592
2.601
2.625
2.597
2.585
2.577
2.599
2.605
2.603
2.586
2.601
2.587
2.601
2.600
2.589
2.590
2.609
2.571
2.596
2.601
2.574
2.605
2.589
2.591
2.583
2.592
