0.999
1.002
0.999
1.015
1.016
1.041
1.057
1.050
1.072
1.073
1.074
1.080
1.101
1.113
1.108
1.125
1.127
1.160
1.164
1.179
1.185
1.187
1.195
1.215
1.213
1.237
1.241
1.259
1.257
1.286
1.290
1.300
1.309
1.313
1.311
1.325
1.348
1.364
1.380
1.371
1.379
1.406
1.424
1.422
1.416
1.438
1.460
1.466
1.471
1.482
1.477
1.495
1.508
1.517
1.536
1.538
1.540
1.560
1.575
1.589
1.604
1.590
1.603
1.620
1.616
1.628
1.638
1.632
1.662
1.666
1.681
1.695
1.686
1.713
1.728
1.733
1.738
1.742
1.749
1.776
1.767
1.766
1.789
1.790
1.798
1.791
1.815
1.816
1.817
1.838
1.838
1.859
1.851
1.872
1.856
1.854
1.887
1.882
1.894
1.890
1.892
1.900
1.898
1.914
1.907
1.936
1.938
1.941
1.954
1.950
1.955
1.979
1.969
1.969
1.978
1.978
1.978
1.990
1.985
2.004
2.006
2.021
2.002
2.016
2.036
2.026
2.025
2.026
2.037
2.059
2.064
2.058
2.069
2.080
2.069
2.075
2.083
2.085
2.074
2.077
2.083
2.086
2.082
2.118
2.109
2.108
2.108
2.126
2.113
2.124
2.134
2.123
2.131
2.143
2.144
2.149
2.163
2.133
2.147
2.169
2.158
2.161
2.173
2.169
2.177
2.164
2.182
2.184
2.170
2.180
2.189
2.192
2.185
2.211
2.207
2.191
2.192
2.206
2.214
2.213
2.215
2.213
2.207
2.211
2.216
2.224
2.231
2.238
2.219
2.237
2.229
2.238
2.235
2.247
2.251
2.260
2.239
2.248
2.260
2.262
2.252
2.265
2.242
2.255
2.264
2.261
2.263
2.252
2.284
2.278
2.257
2.273
2.281
2.274
2.275
2.297
2.292
2.284
2.292
2.285
2.275
2.296
2.305
2.308
2.303
2.299
2.300
2.299
2.311
2.321
2.308
2.304
2.310
2.320
2.316
2.315
2.332
2.327
2.320
2.319
2.334
2.317
2.329
2.327
2.342
2.338
2.336
2.351
2.349
2.332
2.343
2.326
2.345
2.325
2.340
2.353
2.354
2.350
2.363
2.359
2.343
2.337
2.350
2.360
2.346
2.369
2.346
2.359
2.359
2.375
2.353
2.369
2.376
2.382
2.382
2.369
2.371
2.359
2.380
2.393
2.383
2.376
2.379
2.389
2.390
2.394
2.382
2.382
2.375
2.388
2.386
2.406
2.368
2.390
2.397
2.384
2.410
2.399
2.409
2.392
2.384
2.405
2.401
2.397
2.403
2.389
2.412
2.395
2.399
2.425
2.410
2.396
2.402
2.424
2.395
2.429
2.416
2.418
2.416
2.428
2.420
2.422
2.426
2.425
2.424
2.405
2.404
2.432
2.431
2.418
2.427
2.437
2.436
2.419
2.443
2.430
2.416
2.437
2.429
2.430
2.444
2.446
2.421
2.431
2.438
2.430
2.429
2.463
2.451
2.429
2.432
2.421
2.456
2.448
2.449
2.434
2.444
2.448
2.449
2.442
2.452
2.438
2.456
2.435
2.444
2.444
2.456
2.467
2.459
2.467
2.455
2.462
2.473
2.456
2.471
2.443
2.442
2.448
2.452
2.448
2.451
2.457
2.464
2.465
2.464
2.478
2.466
2.474
2.471
2.468
2.466
2.448
2.471
2.458
2.482
2.483
2.468
2.480
2.474
2.469
2.459
2.490
2.468
2.481
2.476
2.464
2.475
2.484
2.468
2.471
2.479
2.502
2.471
2.492
2.474
2.500
2.496
2.478
2.499
2.483
2.490
2.484
2.472
2.477
2.498
2.467
2.479
2.493
2.490
2.500
2.497
2.491
2.490
2.490
2.486
2.501
2.497
2.501
2.481
2.478
2.493
2.484
2.486
2.491
2.485
2.490
2.492
2.491
2.485
2.495
2.487
2.507
2.495
2.486
2.499
2.510
2.498
2.494
2.511
2.504
2.492
2.503
2.487
2.502
2.512
2.512
2.512
2.501
2.500
2.509
2.504
2.507
2.515
2.514
2.505
2.526
2.491
2.506
2.511
2.506
2.512
2.497
2.517
2.508
2.509
2.526
2.525
2.509
2.521
2.514
2.493
2.508
2.536
2.507
2.527
2.521
2.525
2.526
2.519
2.513
2.526
2.509
2.515
2.527
2.522
2.522
2.516
2.519
2.530
2.524
2.518
2.526
2.529
2.520
2.516
2.515
2.522
2.515
2.515
2.538
2.526
2.518
2.530
2.528
2.543
2.521
2.530
2.526
2.537
2.515
2.517
2.542
2.547
2.524
2.518
2.528
2.543
2.530
2.538
2.510
2.534
2.538
2.536
2.552
2.529
2.527
2.517
2.538
2.527
2.529
2.541
2.536
2.540
2.542
2.542
2.547
2.527
2.548
2.532
2.542
2.533
2.546
2.550
2.541
2.534
2.542
2.533
2.531
2.533
2.532
2.535
2.530
2.543
2.536
2.549
2.549
2.546
2.559
2.548
2.548
2.530
2.545
2.545
2.542
2.558
2.541
2.561
2.536
2.531
2.540
2.535
2.534
2.534
2.541
2.533
2.571
2.549
2.559
2.547
2.546
2.549
2.559
2.546
2.557
2.538
2.552
2.546
2.546
2.569
2.543
2.570
2.548
2.564
2.547
2.553
2.548
2.553
2.568
2.547
2.545
2.541
2.561
2.570
2.549
2.544
2.564
2.541
2.556
2.560
2.548
2.545
2.538
2.541
2.549
2.558
2.550
2.561
2.559
2.576
2.542
2.548
2.557
2.562
2.564
2.551
2.568
2.553
2.568
2.540
2.568
2.548
2.566
2.561
2.568
2.559
2.559
2.552
2.551
2.569
2.557
2.553
2.564
2.576
2.569
2.554
2.555
2.557
2.572
2.563
2.564
2.548
2.561
2.558
2.572
2.559
2.573
2.562
2.554
2.577
2.558
2.579
2.548
2.568
2.577
2.578
2.557
2.559
2.566
2.580
2.562
2.563
2.564
2.575
2.559
2.578
2.567
2.562
2.567
2.558
2.586
2.572
2.573
2.553
2.573
2.570
2.554
2.571
2.586
2.577
2.569
2.571
2.588
2.582
2.589
2.582
2.561
2.570
2.580
2.579
2.576
2.563
2.575
2.593
2.580
2.555
2.562
2.558
2.568
2.571
2.591
2.564
2.595
2.576
2.556
2.585
2.565
2.559
2.595
2.595
2.575
2.566
2.567
2.591
2.571
2.582
2.574
2.572
2.572
2.576
2.571
2.578
2.586
2.571
2.573
2.580
2.576
2.572
2.577
2.582
2.579
2.582
2.564
2.575
2.578
2.581
2.572
2.591
2.591
2.589
2.578
2.577
2.584
2.590
2.596
2.579
2.579
2.573
2.588
2.578
2.575
2.571
2.576
2.579
2.573
2.573
2.601
2.572
2.576
2.586
2.564
2.567
2.597
2.596
2.594
2.602
2.587
2.590
2.577
2.598
2.579
2.606
2.587
2.589
2.578
2.577
2.581
2.589
2.587
2.583
2.587
2.607
2.573
2.573
2.597
2.567
2.573
2.590
2.583
2.577
2.599
2.589
2.569
2.581
2.578
2.583
2.593
2.591
2.593
2.592
2.600
2.584
2.577
2.590
2.598
2.603
2.590
2.585
2.579
2.597
2.576
2.577
2.584
2.581
2.589
2.591
2.586
2.594
2.591
2.590
2.572
2.583
2.597
2.591
2.590
2.595
2.603
2.584
2.596
2.577
2.602
2.582
2.598
2.576
2.584
2.582
2.595
2.586
2.594
2.597
2.593
2.592
2.590
2.582
2.582
2.603
2.583
2.596
2.578
2.603
2.578
2.578
2.584
2.607
2.607
2.603
2.595
2.597
2.607
2.590
2.598
2.591
2.596
2.609
2.584
2.591
2.594
2.581
2.607
2.589
2.599
2.604
2.613
2.590
2.596
2.592
2.608
2.608
2.582
2.593
2.594
2.583
2.604
2.600
2.614
2.602
2.602
2.609
2.584
2.596
2.599
2.599
2.593
2.593
2.591
2.584
2.610
2.587
2.600
2.591
2.585
2.589
2.601
2.601
2.599
2.612
2.606
2.587
2.613
2.593
2.610
2.600
2.595
2.617
2.591
2.591
2.597
2.609
2.587
2.592
2.600
2.613
2.611
2.582
2.611
2.599
2.589
2.593
2.627
2.601
2.613
2.596
2.591
2.603
2.612
2.614
2.613
2.603
2.597
2.604
2.601
2.595
2.612
2.596
2.604
2.594
2.618
2.602
2.587
2.598
2.597
2.609
2.607
2.596
2.619
2.597
2.604
2.602
2.608
2.602
2.599
2.599
2.614
2.609
2.594
2.600
2.598
2.597
2.613
2.604
2.611
2.588
2.598
2.596
2.611
2.615
2.589
2.621
2.614
2.613
2.605
2.596
2.605
2.604
2.599
2.595
2.607
2.600
2.610
2.596
2.620
2.604
2.583
2.615
2.607
