2.096
2.117
2.133
2.156
2.177
2.205
2.228
2.241
2.273
2.291
2.308
2.331
2.363
2.387
2.403
2.428
2.450
2.486
2.507
2.530
2.555
2.575
2.601
2.632
2.650
2.678
2.701
2.730
2.753
2.792
2.810
2.839
2.865
2.885
2.906
2.935
2.966
2.994
3.022
3.039
3.068
3.098
3.125
3.149
3.167
3.199
3.226
3.252
3.278
3.302
3.322
3.348
3.369
3.397
3.426
3.446
3.466
3.503
3.526
3.548
3.577
3.590
3.612
3.639
3.655
3.683
3.704
3.721
3.755
3.772
3.794
3.820
3.828
3.860
3.883
3.904
3.922
3.939
3.958
3.985
3.998
4.012
4.036
4.055
4.074
4.081
4.110
4.121
4.136
4.158
4.177
4.196
4.207
4.231
4.235
4.251
4.275
4.286
4.305
4.316
4.324
4.341
4.355
4.370
4.378
4.401
4.415
4.431
4.445
4.452
4.461
4.485
4.490
4.502
4.517
4.529
4.532
4.548
4.554
4.575
4.580
4.596
4.597
4.615
4.632
4.634
4.644
4.651
4.664
4.682
4.690
4.698
4.709
4.723
4.730
4.736
4.744
4.758
4.759
4.764
4.776
4.783
4.790
4.806
4.815
4.816
4.826
4.842
4.842
4.851
4.866
4.864
4.869
4.884
4.891
4.898
4.908
4.903
4.914
4.931
4.932
4.937
4.950
4.950
4.958
4.960
4.972
4.975
4.975
4.986
4.995
5.001
5.004
5.019
5.026
5.021
5.027
5.035
5.041
5.049
5.055
5.058
5.057
5.061
5.067
5.082
5.085
5.092
5.088
5.100
5.104
5.110
5.110
5.126
5.127
5.138
5.126
5.137
5.150
5.149
5.154
5.156
5.153
5.161
5.171
5.169
5.174
5.174
5.194
5.193
5.189
5.198
5.203
5.203
5.205
5.221
5.221
5.220
5.226
5.227
5.228
5.238
5.242
5.250
5.252
5.253
5.253
5.257
5.265
5.275
5.271
5.269
5.272
5.286
5.282
5.286
5.299
5.297
5.296
5.298
5.308
5.302
5.314
5.309
5.321
5.324
5.322
5.331
5.337
5.333
5.339
5.331
5.345
5.335
5.348
5.358
5.357
5.358
5.361
5.366
5.360
5.364
5.365
5.370
5.369
5.387
5.377
5.379
5.383
5.392
5.386
5.394
5.400
5.401
5.406
5.399
5.405
5.403
5.413
5.421
5.420
5.417
5.420
5.431
5.428
5.433
5.430
5.430
5.432
5.436
5.437
5.447
5.436
5.441
5.449
5.449
5.458
5.455
5.459
5.456
5.459
5.464
5.464
5.464
5.468
5.467
5.476
5.473
5.476
5.486
5.481
5.476
5.484
5.491
5.482
5.497
5.497
5.496
5.497
5.503
5.501
5.505
5.507
5.510
5.509
5.501
5.504
5.520
5.520
5.513
5.522
5.523
5.524
5.523
5.529
5.529
5.524
5.530
5.526
5.531
5.537
5.541
5.534
5.536
5.544
5.545
5.541
5.554
5.552
5.544
5.548
5.543
5.562
5.557
5.560
5.550
5.560
5.562
5.568
5.564
5.570
5.564
5.569
5.568
5.571
5.567
5.575
5.581
5.580
5.584
5.581
5.585
5.588
5.582
5.590
5.583
5.580
5.583
5.585
5.587
5.587
5.587
5.597
5.595
5.598
5.603
5.603
5.605
5.604
5.601
5.604
5.598
5.608
5.603
5.614
5.616
5.610
5.617
5.614
5.614
5.613
5.623
5.614
5.621
5.626
5.616
5.623
5.626
5.620
5.625
5.627
5.637
5.624
5.635
5.628
5.635
5.642
5.634
5.640
5.635
5.639
5.644
5.635
5.640
5.648
5.635
5.644
5.649
5.649
5.649
5.652
5.651
5.651
5.648
5.650
5.658
5.652
5.660
5.653
5.651
5.657
5.652
5.655
5.657
5.656
5.660
5.660
5.663
5.663
5.665
5.666
5.672
5.671
5.663
5.672
5.673
5.673
5.669
5.680
5.676
5.671
5.676
5.671
5.673
5.680
5.683
5.683
5.677
5.678
5.683
5.679
5.686
5.690
5.688
5.681
5.693
5.682
5.686
5.690
5.688
5.692
5.686
5.697
5.692
5.693
5.701
5.701
5.696
5.699
5.701
5.692
5.699
5.705
5.697
5.708
5.704
5.709
5.705
5.703
5.705
5.709
5.701
5.706
5.714
5.712
5.711
5.707
5.709
5.714
5.708
5.711
5.713
5.719
5.715
5.708
5.713
5.718
5.714
5.714
5.722
5.719
5.714
5.721
5.723
5.729
5.717
5.726
5.725
5.727
5.720
5.723
5.731
5.732
5.723
5.724
5.727
5.731
5.728
5.730
5.720
5.735
5.731
5.729
5.737
5.733
5.731
5.726
5.734
5.731
5.733
5.740
5.736
5.741
5.740
5.741
5.744
5.735
5.746
5.739
5.740
5.736
5.747
5.749
5.748
5.743
5.746
5.741
5.742
5.740
5.744
5.744
5.744
5.750
5.741
5.755
5.751
5.752
5.756
5.753
5.750
5.742
5.757
5.752
5.752
5.759
5.752
5.762
5.750
5.750
5.752
5.755
5.748
5.752
5.751
5.752
5.762
5.761
5.767
5.758
5.763
5.757
5.764
5.764
5.763
5.759
5.765
5.763
5.763
5.772
5.767
5.772
5.766
5.772
5.761
5.767
5.766
5.767
5.772
5.766
5.766
5.764
5.774
5.775
5.770
5.765
5.777
5.766
5.778
5.774
5.769
5.769
5.767
5.768
5.769
5.774
5.774
5.779
5.777
5.781
5.769
5.776
5.778
5.781
5.783
5.775
5.785
5.774
5.785
5.775
5.784
5.773
5.785
5.781
5.783
5.781
5.782
5.780
5.777
5.789
5.782
5.782
5.787
5.790
5.789
5.783
5.782
5.784
5.792
5.789
5.790
5.783
5.786
5.784
5.795
5.789
5.794
5.788
5.786
5.796
5.786
5.795
5.785
5.794
5.793
5.799
5.795
5.789
5.795
5.801
5.790
5.795
5.795
5.800
5.792
5.804
5.796
5.793
5.799
5.788
5.804
5.796
5.799
5.791
5.803
5.801
5.792
5.803
5.802
5.804
5.800
5.801
5.807
5.806
5.808
5.805
5.799
5.803
5.808
5.806
5.804
5.797
5.802
5.808
5.811
5.799
5.798
5.797
5.802
5.801
5.812
5.799
5.813
5.808
5.800
5.812
5.806
5.804
5.815
5.813
5.808
5.803
5.809
5.814
5.804
5.816
5.814
5.804
5.809
5.808
5.808
5.813
5.814
5.810
5.807
5.813
5.818
5.810
5.814
5.815
5.816
5.814
5.807
5.817
5.811
5.817
5.810
5.820
5.822
5.818
5.812
5.814
5.817
5.823
5.824
5.815
5.819
5.813
5.820
5.814
5.819
5.815
5.821
5.814
5.814
5.817
5.827
5.813
5.821
5.821
5.815
5.816
5.828
5.828
5.826
5.828
5.823
5.826
5.815
5.831
5.817
5.831
5.829
5.823
5.819
5.820
5.821
5.830
5.826
5.829
5.826
5.834
5.819
5.820
5.833
5.820
5.821
5.827
5.826
5.820
5.832
5.828
5.822
5.825
5.822
5.826
5.832
5.833
5.833
5.832
5.836
5.827
5.826
5.835
5.837
5.838
5.833
5.828
5.827
5.835
5.830
5.825
5.827
5.826
5.835
5.837
5.830
5.834
5.829
5.835
5.828
5.834
5.830
5.837
5.833
5.838
5.843
5.831
5.838
5.828
5.840
5.831
5.838
5.829
5.831
5.833
5.839
5.833
5.837
5.839
5.838
5.831
5.834
5.831
5.831
5.844
5.835
5.839
5.838
5.845
5.833
5.831
5.832
5.845
5.841
5.845
5.842
5.843
5.844
5.839
5.842
5.838
5.840
5.844
5.834
5.842
5.844
5.840
5.846
5.837
5.843
5.847
5.850
5.841
5.840
5.845
5.848
5.847
5.839
5.847
5.845
5.837
5.848
5.842
5.850
5.844
5.845
5.851
5.842
5.846
5.845
5.846
5.845
5.848
5.846
5.838
5.851
5.840
5.842
5.846
5.842
5.842
5.850
5.850
5.854
5.853
5.849
5.840
5.854
5.848
5.851
5.846
5.846
5.857
5.842
5.846
5.848
5.856
5.844
5.843
5.848
5.859
5.853
5.844
5.857
5.846
5.848
5.846
5.860
5.853
5.860
5.851
5.843
5.855
5.854
5.857
5.858
5.853
5.847
5.852
5.853
5.850
5.857
5.852
5.855
5.852
5.858
5.852
5.848
5.851
5.850
5.855
5.856
5.849
5.862
5.853
5.857
5.853
5.857
5.857
5.851
5.851
5.859
5.857
5.851
5.856
5.853
5.850
5.859
5.851
5.862
5.849
5.857
5.848
5.860
5.859
5.850
5.862
5.860
5.863
5.857
5.854
5.858
5.857
5.855
5.853
5.857
5.854
5.856
5.855
5.863
5.857
5.850
5.863
5.862
