-0.0	0.9	-0.8	-0.0	-0.6	-0.8	-0.4	1.0	-0.1	-0.5	-0.9	-0.9	0.6	0.3	-0.6	0.6	0.9	0.5	-0.1	0.7	-0.5
-0.0	0.9	-0.8	-0.0	-0.6	-0.8	-0.4	1.0	-0.1	-0.5	-0.9	-0.9	0.6	0.3	-0.6	0.6	0.9	0.5	-0.1	0.7	-0.5
-0.71241 1.66454 -1.00266 0.57634 -1.14075 0.22529 -0.29548 2.00246 -1.16209 -0.31361 -1.44194 -0.82622 0.27082 1.06563 -0.12106 1.02045 1.59618 -0.04059 -0.21465 0.78248 -1.45562 
-0.99595 1.25260 -1.18530 1.82180 -1.31938 0.34468 -0.53701 2.88395 -0.69551 0.03979 -0.88546 -0.78850 0.24108 2.05461 0.02358 -0.06177 1.32478 -0.94228 -0.35051 0.19051 -1.45978 
-1.20630 1.02660 -1.62854 2.49076 -0.84369 0.90446 -0.88050 3.77416 -0.40805 1.07677 -0.28876 -0.77006 0.17313 2.93555 0.30873 -0.33413 1.17797 -1.96850 -1.32484 0.08690 -1.96057 
-1.36842 0.98349 -1.71611 2.66294 -0.84212 1.11185 -1.04328 4.51008 -0.26998 1.11310 0.38060 -0.77862 0.16082 3.46625 0.35019 -0.67520 1.47479 -2.12499 -1.25758 0.33734 -2.31713 
-1.48069 1.26286 -1.95974 2.98802 -0.84357 1.35595 -1.11577 5.10645 -0.18897 1.87207 0.44029 -0.77064 0.31665 4.19550 0.31598 -1.40884 2.02607 -2.09419 -1.97392 -0.00202 -2.38506 
-1.79411 1.80980 -1.93465 2.85714 -0.65056 1.55050 -1.25221 5.51323 -0.13455 2.51246 0.85746 -0.76466 0.58647 4.85615 0.24111 -1.01990 1.77326 -2.04224 -2.01398 -0.97501 -2.29776 
-1.78751 1.58103 -2.13309 3.53182 -0.46490 1.67978 -1.23028 5.86875 0.46004 3.03872 0.93653 -0.70787 0.67417 5.01156 0.38414 -1.41362 1.87214 -1.59959 -2.23576 -0.88648 -2.57424 
-1.86032 1.61413 -1.94784 3.57244 -0.72496 1.41338 -1.03693 6.17633 0.95355 2.78919 1.46432 -0.76118 1.45178 5.24099 0.54410 -1.97903 2.06436 -1.72577 -2.33106 -0.12288 -2.77349 
-2.18012 2.32460 -1.77287 3.98323 -1.16912 1.46799 -1.04144 6.13236 0.73860 3.35918 1.53752 -0.71866 1.95545 5.66414 0.59190 -2.52705 2.65354 -1.21191 -2.45421 -0.34500 -2.60310 
-2.27517 2.54270 -1.64080 5.17081 -2.23960 1.89688 -0.88699 6.30372 0.30822 3.98797 1.86964 -0.65358 2.78773 5.88744 0.74322 -4.13776 4.21890 -1.57992 -3.18552 -0.11614 -2.62406 
-2.46538 3.06275 -1.48430 4.92751 -2.60860 2.35295 -1.05797 6.28328 0.80067 4.42609 1.82848 -0.51992 3.32698 5.91733 1.01841 -4.50556 5.45105 -1.50351 -3.73932 0.74047 -2.83934 
-2.62776 2.95387 -1.21967 5.35244 -2.56466 2.56317 -1.23574 6.68964 1.24315 5.32171 1.52891 -0.41665 3.61333 5.66974 1.44044 -5.04497 6.06972 -1.65589 -4.22424 1.27960 -3.16101 
-2.57826 2.76329 -0.90423 5.29647 -2.50668 2.93907 -1.21307 6.50345 2.39207 5.39259 1.96214 -0.29557 4.05322 5.81323 1.72886 -5.43014 6.06904 -1.54292 -4.22826 1.37037 -3.20336 
-2.77996 2.83164 -0.59488 5.79448 -2.39101 3.79623 -1.04391 6.46399 2.96714 5.47794 1.61951 -0.25715 4.74089 5.77775 2.36618 -6.32862 7.28665 -2.77258 -4.41360 1.20076 -3.50486 
-3.09975 2.89347 -0.31054 6.32967 -2.27796 4.45005 -1.03126 6.47445 3.34454 5.65083 1.73131 -0.15930 4.97828 5.69938 2.60505 -6.77171 6.80246 -2.85922 -4.41178 1.71608 -3.85107 
-3.10021 2.81225 -0.26089 6.97927 -2.55102 4.69457 -0.98612 6.54707 3.07402 6.02784 2.23433 -0.03825 4.93021 6.10422 2.99747 -7.15446 8.08824 -3.02279 -5.10667 2.12632 -4.16803 
-3.19601 2.62348 -0.04518 7.78918 -2.70616 4.87333 -0.71816 6.70449 2.77509 4.87174 2.69664 0.06299 4.90842 6.04661 3.38127 -6.44795 7.08058 -2.80190 -3.86644 2.42505 -4.23375 
-3.31471 2.29365 0.14457 8.13907 -2.69392 5.36086 -0.76144 6.89050 3.38244 5.15052 2.98638 0.14418 5.45393 5.75145 3.54349 -6.81128 7.44691 -3.22308 -4.04167 3.07614 -4.29558 
-3.75009 2.29545 0.54503 8.70380 -2.54339 5.82279 -0.80801 6.74974 3.91383 5.78580 3.08796 0.16107 5.54499 6.28609 4.09319 -7.08888 6.89748 -3.44975 -4.39147 2.87022 -4.44976 
-3.83134 2.63177 0.48027 9.26916 -3.04589 6.39928 -0.78613 6.52020 4.03571 5.99219 3.23024 0.24377 6.07776 6.45274 4.44938 -7.57707 7.51594 -3.88142 -4.49300 3.34085 -4.61631 
-3.97928 2.36332 0.60070 9.67883 -2.36178 6.50412 -0.89122 6.82370 3.99803 6.56573 4.01693 0.31358 6.34112 6.16545 4.87593 -8.06050 8.46916 -4.90802 -5.10932 3.12428 -4.62793 
-4.34177 2.25699 1.03746 10.10896 -1.58514 6.49360 -0.93750 6.89573 4.26915 7.11610 4.39827 0.35011 6.66622 5.89961 5.22032 -8.42575 7.66902 -4.84176 -5.42380 2.96464 -4.75357 
-4.54278 2.45512 1.25952 10.31347 -1.56543 6.62231 -0.83886 6.65589 4.26180 7.56917 4.49377 0.42427 6.70161 6.42175 5.48670 -8.41129 8.33501 -4.67912 -6.00062 2.79186 -4.73333 
-4.56448 2.65301 1.39376 10.51128 -2.34731 7.07017 -0.84369 6.87265 4.65207 7.33648 4.41347 0.49606 6.95906 6.24626 5.61976 -8.84612 9.12419 -4.51640 -5.70461 3.41199 -4.88607 
-4.88698 2.50745 1.70278 11.05749 -2.30361 7.39735 -0.79634 6.97338 5.19821 7.91412 4.31416 0.51921 7.44752 6.35235 5.69870 -9.63819 9.40653 -4.69864 -6.19815 3.73581 -4.73820 
-4.87408 2.64111 1.63322 11.14013 -2.27203 8.04974 -0.90348 7.03520 5.00211 7.95929 4.59643 0.61161 7.77650 6.12871 6.22250 -9.44730 9.54810 -4.70139 -6.13828 3.81896 -5.21534 
-4.89535 2.28355 1.88805 10.76909 -1.67040 7.51895 -0.87763 7.36609 5.66176 7.74960 4.95075 0.66993 7.93932 6.40056 6.12871 -9.22742 8.49458 -4.11042 -5.71678 3.02628 -4.83310 
-4.80030 1.74569 1.61612 10.79793 -1.28904 8.21002 -0.83911 7.77573 5.83805 7.77332 5.01510 0.83303 8.14465 6.33161 6.25336 -9.60983 8.80326 -4.22631 -5.67851 3.16289 -4.97207 
-4.99041 2.23070 1.69855 10.62600 -1.26284 8.81723 -0.91053 7.69200 5.70934 8.22952 5.06704 0.96503 8.45196 6.47795 6.23424 -9.57097 9.29348 -4.44011 -6.12640 3.11406 -4.91283 
-5.07382 1.96549 1.76230 10.97501 -1.49392 9.09387 -0.86603 8.14177 6.10589 7.98374 4.82530 1.02672 8.44890 6.46665 6.25282 -9.72871 9.52666 -4.11855 -5.99609 3.79646 -4.96581 
-5.46725 2.10231 1.99975 11.19632 -0.85910 9.28494 -0.90924 8.55221 5.34119 8.68271 4.87860 1.04269 8.37588 6.34671 6.63810 -9.56083 10.12952 -4.00605 -6.49807 2.95429 -5.02412 
-5.70217 2.16572 2.12410 12.29415 -1.76740 10.21743 -0.89213 8.74249 6.59992 8.45057 4.32241 0.99543 8.81266 6.79923 6.66191 -9.81588 8.44612 -5.67569 -6.09692 4.09163 -5.00222 
-5.86366 1.95244 2.35385 12.01136 -1.57442 10.61966 -0.84424 8.81420 7.00987 8.70885 4.48247 1.04128 8.97928 6.82726 6.97588 -10.23948 9.35556 -5.92599 -6.54525 3.95939 -5.13017 
-5.84754 2.48396 2.50394 12.22249 -2.18739 10.48420 -0.93391 8.79331 7.04854 9.28212 4.22386 1.08630 9.23267 7.06501 7.06676 -10.30291 9.91876 -6.09129 -7.04848 4.49974 -5.05189 
-5.85912 2.57393 2.63354 12.42848 -2.45001 10.65615 -1.30254 8.72009 7.82169 10.04481 4.75587 1.20781 9.54890 6.95289 7.21099 -10.45954 9.50233 -6.44781 -7.32727 4.96779 -5.26675 
-5.86704 2.62181 2.66907 12.33234 -2.12014 10.21202 -1.23001 9.04402 7.54177 9.92774 4.97030 1.22467 9.70021 6.81663 7.62792 -10.31646 10.03766 -5.99584 -7.21034 4.25814 -5.19130 
-5.78955 2.75402 2.69200 12.42993 -2.45176 10.65534 -1.06709 8.97282 8.01579 9.45945 4.88192 1.23032 10.02905 6.89993 8.16570 -10.35659 9.38250 -6.43068 -6.86718 4.89141 -5.50602 
-5.90229 3.17785 2.87756 12.53955 -2.71154 10.50082 -1.02329 9.49388 6.82589 9.54798 4.46909 1.19473 10.31977 6.99713 8.01068 -10.00355 9.82388 -5.79040 -6.68312 4.83938 -5.12596 
-5.93307 3.69577 2.96786 13.04066 -2.93104 10.01082 -0.93373 9.68434 6.24682 9.43877 4.60169 1.25514 10.58863 7.20864 7.87924 -10.41667 10.44700 -4.91899 -6.71726 4.33281 -4.91093 
-6.04958 3.71255 3.04497 13.36231 -2.52765 10.43721 -0.86984 9.77301 5.44357 9.70262 5.38680 1.29901 10.78697 7.18530 8.22120 -10.43168 11.69655 -6.39800 -6.99234 3.40931 -4.86874 
-6.23789 3.78664 2.98647 13.55440 -2.18375 10.95203 -0.85046 9.55298 6.11082 10.03284 5.46792 1.34562 10.92557 7.73861 8.42488 -10.52581 10.69973 -6.00511 -7.09283 2.77307 -5.01636 
-6.02602 3.62419 2.74679 13.94905 -2.29816 10.95273 -0.86330 9.68007 6.40632 10.00157 5.85131 1.33781 11.38958 7.94844 8.84753 -10.64665 10.06467 -6.27949 -6.98724 3.06149 -5.28605 
-6.17362 3.43080 2.87880 14.13417 -1.94512 11.14540 -0.77439 9.41408 6.90388 10.31152 6.36705 1.32397 11.91701 8.57563 8.95304 -10.96903 9.81136 -6.95491 -7.46006 2.89362 -5.23671 
-6.44025 3.39610 2.90155 14.49985 -1.64181 11.90305 -0.91126 9.92048 7.09896 10.34619 5.97423 1.36108 12.16948 8.31544 8.87644 -11.43143 9.86353 -6.53793 -7.25160 2.84105 -5.24101 
-6.62635 3.14615 3.06677 14.84065 -1.34362 12.11613 -0.96454 10.05511 7.33411 10.82224 6.25578 1.39547 12.20616 8.36189 9.14811 -11.56660 9.76861 -7.18233 -7.64744 2.97747 -5.35735 
-6.22473 3.40287 2.77120 15.47203 -2.67222 12.03234 -0.87007 10.52386 6.96218 10.62658 6.14080 1.37159 12.70719 8.40541 9.69323 -11.88491 9.85220 -7.77316 -7.30077 3.58140 -5.41208 
-6.49345 3.40003 2.95351 15.38279 -2.31964 12.44705 -0.97532 10.66490 7.26610 11.03254 6.59010 1.37597 12.81716 8.32195 9.76909 -11.49987 9.58776 -8.10053 -7.43279 3.37600 -5.47920 
-6.82278 3.59069 3.11488 16.63126 -2.58056 12.51831 -1.03068 10.80017 7.20961 11.21106 6.89621 1.45730 12.52166 8.24060 9.95125 -12.34666 10.39362 -8.09325 -7.61823 3.35085 -5.61307 
-6.85248 3.62719 3.16142 15.93977 -2.71565 13.23044 -1.01543 10.87998 7.38416 11.33376 7.11107 1.51606 12.61415 8.48972 9.94345 -12.15691 10.55385 -7.78440 -7.77433 3.36208 -5.92199 
-6.82961 3.78806 2.99181 15.94924 -2.56363 13.33872 -1.06915 11.34799 7.13333 11.66855 6.75194 1.61351 12.57794 8.47304 9.94895 -12.02192 10.54927 -7.23000 -7.90976 3.55251 -5.89169 
-6.92528 3.87240 3.09571 15.82531 -2.24876 13.65303 -1.00915 11.36343 7.03176 11.73647 7.00885 1.69339 12.79416 8.41136 9.86291 -11.88042 10.75340 -7.06227 -7.90100 3.21037 -5.88324 
-7.09277 3.75431 3.37361 16.43359 -2.64284 13.88396 -0.97229 11.60538 6.32230 12.13589 7.26253 1.64699 12.98252 8.54602 9.77488 -12.21597 11.67489 -7.02872 -8.13647 2.94940 -5.76000 
-7.08898 4.02042 3.44626 15.88155 -2.32330 13.62715 -1.16069 11.68248 6.83621 12.34925 7.39674 1.70831 13.11290 8.60098 9.83403 -12.21649 11.73289 -6.48209 -8.18909 2.47930 -5.57675 
-7.15565 4.33604 3.53289 16.03876 -2.36974 13.93792 -1.00283 11.73527 7.07027 12.02758 7.06038 1.71866 12.96582 8.98719 10.18401 -12.01471 11.88784 -7.27931 -8.22584 2.69762 -5.62143 
-7.24680 3.92442 3.61092 15.75703 -1.79993 14.31479 -0.83767 11.92227 7.80890 11.74700 6.82113 1.80435 13.12186 8.58490 10.50595 -11.67305 11.37533 -7.30941 -7.98145 3.01175 -5.85029 
-7.48072 3.93681 3.65612 16.44209 -2.30949 15.26225 -0.80143 11.75599 8.29349 11.69186 7.16453 1.79489 13.66874 8.73529 10.62123 -12.49179 11.71372 -8.11785 -7.96614 3.32156 -6.18161 
-7.51801 4.29607 3.60092 16.39939 -2.33620 15.18317 -0.78776 12.19998 7.46199 11.94354 7.13728 1.86179 13.63948 8.67206 10.86175 -12.63400 11.90373 -6.86044 -7.97005 2.77121 -6.21625 
-7.42479 3.97672 3.61305 16.52376 -2.47294 15.24320 -0.82164 12.42028 7.87893 11.76548 7.60306 1.94956 13.69093 8.92540 10.74757 -12.80198 11.91844 -6.62902 -7.74512 2.16597 -6.07704 
-7.56754 3.96041 3.50526 16.69095 -2.38476 15.58919 -0.71078 12.32715 8.32017 11.49407 7.89300 1.83457 14.52788 9.16966 11.33255 -13.58743 12.45183 -7.69522 -7.84968 2.45384 -6.31412 
-7.82030 3.75730 3.58500 16.59841 -1.66311 15.98396 -0.57506 12.73117 8.57587 11.02357 7.60705 1.87716 14.82225 9.24717 11.11840 -13.36439 11.63396 -7.28932 -7.56805 2.24026 -6.10740 
-8.00174 3.92191 3.67227 16.88427 -1.97320 16.47897 -0.55032 13.01699 9.09447 9.96653 7.10026 1.91284 15.06893 9.40150 10.90916 -13.57986 11.01120 -7.28137 -6.51139 2.91539 -6.06797 
-8.14989 4.72524 3.78603 16.93397 -2.78069 16.65231 -0.50716 13.20854 8.21496 9.58508 6.94097 2.00298 14.69592 9.52862 11.04307 -13.21779 11.71428 -7.40158 -6.13696 3.49555 -6.07862 
-8.50844 4.77110 3.84677 18.10196 -3.20917 17.09399 -0.54440 13.39659 8.95403 9.26369 6.94596 1.98031 15.15851 9.12511 11.46403 -14.18796 12.20813 -8.73011 -5.92599 4.37099 -6.45939 
-8.44893 4.88585 3.79196 17.90673 -3.51387 17.33845 -0.63843 13.26558 9.09931 10.00924 7.38791 2.03229 15.21359 9.59377 11.70028 -14.01021 12.44763 -8.91330 -6.50999 3.87467 -6.48000 
-8.28963 5.34941 3.80365 18.26495 -3.47511 16.51860 -0.65106 13.36406 7.98305 10.42741 7.72392 1.96784 15.48479 9.53760 12.34362 -14.15423 13.12169 -8.64999 -6.75472 3.52266 -6.44396 
-8.15215 4.82695 4.12497 17.79107 -4.23899 17.03508 -0.57784 13.42026 8.40401 10.52511 8.48244 1.95579 15.78255 9.90483 12.03014 -14.41935 14.47845 -8.82661 -7.18016 3.14014 -6.27965 
-8.21567 5.26232 4.06858 16.64181 -4.21507 17.69533 -0.64534 13.44922 8.32386 11.30142 8.02413 1.98754 15.91859 10.52858 11.92907 -13.80632 14.74603 -8.00475 -7.74823 2.12756 -6.18425 
-8.11346 5.81204 3.81301 16.35394 -4.26858 17.55825 -0.56980 13.79927 7.15047 11.39268 8.26790 1.99273 16.07580 10.80528 12.35568 -13.16964 15.19437 -8.21512 -7.68639 1.20181 -6.24622 
-8.27342 5.50711 4.06940 16.20007 -4.82282 18.10117 -0.53317 13.87244 7.43942 11.64275 8.65384 2.01635 16.01524 11.01249 12.60452 -12.94690 16.20359 -9.00359 -7.97483 1.33516 -6.63137 
-8.34227 6.00129 4.11267 15.78628 -4.80478 17.95324 -0.49467 13.94921 7.44772 12.03264 8.40873 2.01027 16.00647 10.86137 13.12049 -12.55468 16.08459 -8.39825 -8.26892 1.57791 -6.89777 
-8.75934 6.10854 4.13133 17.22157 -5.06612 18.40445 -0.43118 14.26245 6.30790 12.44260 8.87825 2.10775 15.97081 10.67529 13.22495 -13.19883 17.36441 -9.15032 -8.58508 1.34411 -6.94807 
-8.99856 6.33267 4.21759 17.84867 -4.89717 18.30216 -0.21324 14.64750 5.01084 12.27356 8.70917 2.14913 15.90147 10.43557 13.41439 -13.57408 18.85608 -8.82233 -8.54238 0.86068 -6.70820 
-8.72218 6.04837 3.99508 17.48490 -4.79687 18.50751 -0.24659 14.51284 6.04566 12.26995 9.22183 2.17449 16.46206 10.71336 13.53969 -13.48729 17.99930 -8.98129 -8.53792 0.94730 -6.75136 
-8.77190 5.85889 3.86105 18.63367 -4.88575 18.66362 -0.32592 14.89245 6.01273 12.59896 9.62406 2.20819 16.59419 10.60266 13.76985 -13.97999 18.40041 -10.45823 -8.89546 1.31562 -6.77360 
-8.99461 5.72376 4.04470 18.37884 -4.36501 18.87611 -0.20031 14.82389 6.27219 12.45124 9.88242 2.20662 16.51051 10.95030 13.98293 -13.16713 16.91269 -9.82219 -8.75068 1.19386 -7.09108 
-8.87958 5.82621 3.96749 17.62719 -4.36741 18.61756 -0.15309 15.05713 6.76188 12.54910 9.70412 2.22534 16.53074 11.14171 14.22148 -13.01189 17.24100 -9.25622 -8.86538 1.25270 -7.18918 
-9.40599 5.88011 3.91789 18.80016 -4.71191 20.10042 -0.32733 15.36803 7.55820 12.40137 9.07538 2.35839 16.32164 11.29530 13.98441 -13.37544 17.49181 -10.96386 -8.64462 2.02819 -7.16128 
-9.36680 5.20232 3.75872 18.22755 -4.42822 21.30049 -0.25070 15.57842 8.09970 12.15068 9.61657 2.47934 16.69248 11.32602 13.67485 -13.54631 17.44787 -11.23908 -8.63976 2.09889 -7.30340 
-9.50580 4.74197 3.61889 18.71386 -3.96495 22.18720 -0.10899 15.80943 8.23666 12.06305 9.55543 2.50617 16.96660 11.56373 13.57522 -13.47604 16.10281 -11.10306 -8.46465 2.27864 -7.62736 
-9.39541 4.96264 3.58924 18.49156 -4.06473 21.75198 -0.20558 16.10886 8.03504 12.52529 9.27969 2.44625 17.17383 11.46328 13.94093 -13.29938 15.96184 -10.24116 -8.59477 2.69419 -7.74618 
-9.79284 5.58302 3.90349 19.23934 -3.79262 22.30572 -0.18628 16.01355 8.00647 13.13004 8.58855 2.51666 16.91938 11.82799 14.05426 -13.58643 16.32489 -9.95873 -8.96944 0.41809 -7.56344 
-9.69070 5.16585 3.83879 18.89860 -3.13628 22.28150 -0.34451 16.28367 8.49817 13.83970 9.12313 2.55975 17.02480 11.57702 14.40934 -13.15073 15.16579 -9.65385 -9.35791 -0.02329 -7.62298 
-9.59022 4.99172 3.78776 18.99557 -3.46065 22.59611 -0.38000 16.55644 8.70150 14.21423 9.36652 2.67982 16.79283 11.34369 14.66444 -13.14616 16.13263 -9.94542 -9.98457 0.49272 -8.02567 
-9.33517 4.78051 3.57130 19.74437 -3.39562 22.26375 -0.37426 16.70574 8.52509 14.65298 10.06247 2.65141 17.21290 11.36717 15.02297 -13.68528 16.20905 -10.09165 -10.30092 0.29802 -8.11891 
-9.26155 4.93828 3.60627 19.68941 -3.67174 22.13353 -0.26998 16.60015 9.07981 14.31173 10.17789 2.63101 17.59243 11.77817 15.22882 -13.49007 16.50726 -11.19970 -10.20607 0.57545 -8.12029 
-9.24272 4.76573 3.57409 20.08568 -3.46503 22.11873 -0.19458 16.70710 9.11980 14.60724 10.42128 2.72137 17.98060 11.77592 14.97525 -13.67391 15.73554 -11.08517 -10.46117 1.10278 -8.06837 
-9.51224 5.34265 3.79974 19.80608 -3.80058 22.58611 -0.26891 16.74700 8.85709 14.60267 10.40023 2.79001 17.82725 11.83948 14.93732 -13.51528 16.23834 -10.77845 -10.23379 0.83006 -8.10709 
-9.35212 5.35066 3.53378 19.68095 -3.84179 22.62739 -0.35909 17.00326 8.80069 14.82500 10.44318 2.75794 18.21844 11.74978 15.36565 -13.54944 16.72979 -10.99207 -10.42852 1.32715 -8.30409 
-9.49159 5.53330 3.32654 20.65779 -3.58662 22.87635 -0.34938 16.83725 9.63396 14.65482 10.31642 2.73437 18.85062 11.78063 15.93703 -14.16858 16.17842 -12.59731 -10.25841 1.84710 -8.48460 
-9.83522 5.67192 3.84607 21.03805 -4.29473 23.07708 -0.46658 16.97324 10.01416 14.73109 10.14865 2.79762 18.85714 11.71525 15.57486 -14.38325 16.44405 -12.41253 -10.39807 2.76087 -8.47684 
-9.97958 6.13772 3.87785 21.12595 -4.38296 23.23456 -0.53518 17.30437 9.85254 14.68350 9.33993 2.89946 18.72178 11.87653 15.50474 -14.40539 16.21162 -12.07444 -10.22320 2.96077 -8.24281 
-9.90338 6.21987 3.98544 20.98656 -5.60137 23.83908 -0.57870 17.33269 9.77551 14.56989 9.63399 2.92464 18.99249 11.74063 15.70199 -14.43898 17.15072 -12.19271 -9.96921 3.86686 -8.70697 
-9.90048 5.98506 4.15067 21.29711 -5.42653 23.49587 -0.73067 17.41059 10.46908 14.89193 9.81872 2.95661 19.15580 11.64179 15.58449 -14.79140 16.74759 -11.80640 -9.98564 4.00491 -8.39623 
-9.83363 5.09998 4.06538 21.42045 -5.11537 23.78917 -0.61536 17.68242 11.08013 14.67873 10.63072 2.91703 19.12140 12.42171 15.77165 -14.46941 15.24664 -12.41937 -9.81025 3.66519 -8.40574 
-9.71470 4.62259 3.99144 21.93505 -4.84950 23.66410 -0.46407 17.99662 10.76377 14.75840 11.18368 2.89738 19.23753 12.47092 16.13696 -14.47808 15.30588 -13.05418 -9.90243 3.48018 -8.52799 
-9.70525 4.40300 4.21448 21.79140 -4.42450 23.04515 -0.46932 18.23671 11.09732 14.87120 11.25962 2.93547 19.43322 12.10335 16.18119 -14.91952 15.64227 -12.22027 -10.03739 3.37722 -8.32568 
-9.77834 4.27468 4.41796 21.90969 -4.64145 22.90593 -0.42676 18.29782 11.54801 14.70365 11.46655 2.88104 19.30190 12.56756 16.51170 -14.63972 14.80545 -11.71574 -9.77940 3.13650 -8.33452 
-9.96422 4.16150 4.58111 22.01094 -4.38096 23.20450 -0.34530 18.20109 11.96898 14.88999 11.66863 2.98014 18.97216 13.03441 16.32548 -14.41444 14.62265 -11.78088 -10.02984 3.29566 -8.47695 
-9.73688 4.50037 4.34346 22.10331 -4.55106 22.65475 -0.28566 18.61263 11.34926 15.28045 11.52121 3.04913 19.11513 12.98327 16.37825 -14.48694 14.67872 -11.19307 -10.19033 3.32665 -8.22385 
-9.97525 4.89946 4.49176 22.31789 -4.57249 22.07695 -0.26078 18.62023 11.65206 15.05694 11.58301 3.02745 19.29291 12.91432 16.56629 -14.57998 14.69995 -10.83910 -10.12489 3.80951 -8.18706 
