3.982679544000217
3.5310273399445444
2.9070720266437546
2.3829383235489114
1.847272443060159
1.54792822003005
1.155975226959735
0.9790832402299383
0.8247762173086234
0.7067993158295076
0.5949710574615341
0.5013431182857285
0.4567193485941985
0.383075676285628
0.3656178464810484
0.33686566131490814
0.3226920526190993
0.3021951899512874
0.2853396300808607
0.27831602006490763
0.2636507775095908
0.25609027427985626
0.2578232520353471
0.24255724532437734
0.22949763538425647
0.23083394519332837
0.22220881560075584
0.22958419109944433
0.22118240043052914
0.20779194542749344
0.20129470705727096
0.20248131046957052
0.21167878212649063
0.20337991669390654
0.2070983492275796
0.191791238818017
0.19884999916217816
0.18511031058681132
0.18591746549826185
0.19892443509571245
0.18113241306039032
0.1836036412888907
0.18770697252717908
0.17400599557836915
0.17913252519914635
0.17695334771504095
0.1721937634722051
0.17626532358314598
0.18103003738681928
0.17243459153765173
0.17796465690366606
0.1664045794397603
0.1744297937514941
0.17140463414449433
0.18089085099570637
0.16429819221861544
0.16790933987163706
0.16763824736093197
0.15771459392826695
0.16626039949402166
0.16122040757307576
0.167891189142185
0.15807596061010812
0.17537065280353611
0.1613526597353248
0.164386432998626
0.1639214994156436
0.16493701586082438
0.1655321538445854
0.156433813055315
0.15603063184705532
0.15828502342194053
0.16536474544070015
0.15245595002378498
0.1544862447019689
0.16226992709655633
0.15297431290775695
0.16027992737537938
0.15003396208468464
0.15200570643719724
0.15916895317041943
0.1527572077415696
0.16150255445222317
0.14971879983633643
0.15829748662507462
0.15560770065993898
0.15176553635697726
0.15066719702748926
0.14980211198219884
0.14889070525365652
0.15079532505929943
0.15181813143242248
0.14526887177265171
0.14704036645279303
0.14612055177916797
0.14749273471780192
0.14687992634502844
0.15203762976235574
0.15143073597842935
0.14266859635652662
