5.277
5.578
5.895
5.877
6.280
6.889
7.051
7.441
7.956
8.373
8.993
9.378
9.741
10.467
10.888
11.586
12.255
12.790
13.454
14.110
14.784
15.483
16.255
17.016
17.731
18.368
19.188
19.958
20.726
21.359
22.113
22.780
23.569
24.256
24.923
25.418
26.256
26.814
27.390
28.165
28.502
29.260
29.612
30.145
30.553
30.993
31.586
31.843
32.260
32.495
32.862
33.099
33.455
33.768
34.019
34.292
34.474
34.752
34.893
34.983
35.255
35.506
35.669
35.613
35.779
36.062
36.157
36.314
36.470
36.550
36.596
36.717
36.827
36.791
36.988
37.071
37.229
37.167
37.190
37.316
37.505
37.460
37.423
37.607
37.644
37.786
37.702
37.837
37.922
37.908
37.988
38.010
38.015
38.145
38.080
38.162
38.134
38.197
38.221
38.451
38.342
38.377
38.343
38.332
38.431
38.453
38.531
38.447
38.469
38.580
38.404
38.651
38.609
38.643
38.542
38.742
38.620
38.641
38.777
38.696
38.715
38.745
38.631
38.459
38.790
38.857
38.814
38.703
38.925
38.674
38.933
38.893
38.895
38.849
38.994
38.740
38.846
38.954
38.887
38.728
38.899
38.994
38.992
38.910
38.901
39.062
39.049
38.951
38.890
39.052
38.887
39.043
39.036
38.971
39.032
39.160
39.072
39.030
39.216
39.059
39.155
39.208
39.121
39.232
39.073
39.244
39.090
39.207
39.024
39.258
39.212
39.210
39.086
39.152
39.043
39.077
39.043
39.209
39.224
39.096
39.136
39.105
39.263
39.219
39.271
39.316
39.252
39.317
39.094
38.901
39.116
39.186
39.294
39.291
39.322
39.303
39.181
39.169
39.222
39.268
39.109
39.323
39.137
39.243
39.149
39.266
39.122
39.169
39.365
39.287
39.380
39.299
39.327
39.250
39.108
39.262
39.376
39.196
39.211
39.295
39.191
39.211
39.268
39.228
39.316
39.321
39.282
39.284
39.297
39.231
39.364
39.223
39.244
39.266
39.181
39.245
39.367
39.362
39.342
39.283
39.340
39.268
39.260
39.170
39.158
39.367
39.182
39.371
39.413
39.322
39.296
39.320
39.322
39.232
39.403
39.411
39.284
39.387
39.283
39.216
39.270
39.209
39.418
39.102
39.286
39.342
39.269
39.288
39.372
39.244
39.256
39.274
39.244
39.261
39.441
39.261
39.387
39.384
39.391
39.372
39.383
39.373
39.410
39.362
39.274
39.306
39.325
39.376
39.271
39.140
39.409
39.307
39.260
39.316
39.304
39.381
39.400
39.355
39.404
39.116
39.438
39.358
39.305
39.479
39.243
39.266
39.264
39.239
39.345
39.437
39.528
39.397
39.362
39.251
39.225
39.244
39.299
39.277
39.308
39.312
39.414
39.313
39.364
39.439
39.309
39.274
39.420
39.294
39.274
39.179
39.411
39.359
39.383
39.352
39.363
39.266
39.406
39.353
39.491
39.414
39.359
39.454
39.386
39.312
39.403
39.358
39.244
39.254
39.382
39.212
39.396
39.085
39.453
39.228
39.354
39.286
39.444
39.353
39.358
39.267
39.377
39.314
39.428
39.345
39.386
39.297
39.376
39.232
39.341
39.416
39.314
39.325
39.287
39.150
39.326
39.252
39.309
39.149
39.376
39.208
39.251
39.258
39.363
39.454
39.232
39.338
39.306
39.332
39.427
39.291
39.134
39.411
39.148
39.241
39.283
39.326
39.386
39.334
39.276
39.363
39.291
39.226
39.399
39.296
39.353
39.378
39.168
39.389
39.276
39.387
39.423
39.401
39.324
39.280
39.406
39.371
39.336
39.438
39.357
39.112
39.451
39.381
39.420
39.363
39.305
39.409
39.216
39.181
39.388
39.154
39.304
39.347
39.269
39.217
39.283
39.340
39.413
39.183
39.372
39.227
39.255
39.434
39.098
39.351
39.325
39.295
39.259
39.325
39.291
39.395
39.423
39.264
39.093
39.457
39.458
39.418
39.190
39.334
39.292
39.222
39.241
39.382
39.453
39.323
39.308
39.286
39.333
39.143
39.127
39.232
39.348
39.368
39.305
39.175
39.411
39.247
39.390
39.212
39.396
39.435
39.286
39.332
39.136
39.233
39.491
39.434
39.093
39.433
39.401
39.399
39.187
39.346
39.505
39.287
39.334
39.346
39.170
39.395
39.253
39.382
39.328
39.314
39.375
39.293
39.337
39.356
39.192
39.100
39.285
39.387
39.423
39.350
39.359
39.270
39.226
39.361
39.281
39.309
39.326
39.261
39.334
39.388
39.206
39.355
39.376
39.316
39.250
39.418
39.376
39.328
39.260
39.395
39.407
39.342
39.381
39.408
39.303
39.397
39.403
39.368
39.265
39.237
39.256
39.408
39.367
39.427
39.262
39.275
39.345
39.185
39.375
39.192
39.432
39.236
39.354
39.361
39.400
39.403
39.128
39.365
39.302
39.339
39.377
39.264
39.346
39.319
39.434
39.218
39.378
39.319
39.382
39.351
39.309
39.368
39.389
39.418
39.406
39.483
39.253
39.406
39.502
39.452
39.237
39.251
39.362
39.271
39.393
39.287
39.458
39.333
39.205
39.298
39.248
39.173
39.372
39.358
39.269
39.262
39.437
39.444
39.263
39.361
39.312
39.244
39.219
39.343
39.373
39.362
39.303
39.354
39.433
39.385
39.316
39.348
39.234
39.461
39.335
39.347
39.419
39.299
39.272
39.245
39.329
39.393
39.254
39.215
39.313
39.461
39.388
39.327
39.312
39.413
39.344
39.315
39.177
39.253
39.134
39.255
39.403
39.280
39.264
39.373
39.414
39.407
39.174
39.410
39.403
39.323
39.258
39.230
39.289
39.406
39.311
39.326
39.115
39.233
39.225
39.478
39.388
39.229
39.275
39.128
39.334
39.344
39.197
39.282
39.367
39.225
39.362
39.305
39.331
39.269
39.300
39.279
39.420
39.407
39.396
39.374
39.363
39.167
39.274
39.383
39.189
39.409
39.418
39.138
39.370
39.131
39.403
39.206
39.464
39.419
39.377
39.284
39.356
39.417
39.440
39.406
39.392
39.350
39.397
39.370
39.367
39.483
39.386
39.318
39.323
39.268
39.348
39.389
39.264
39.509
39.228
39.293
39.400
39.379
39.360
39.243
39.333
39.254
39.213
39.217
39.371
39.346
39.070
39.397
39.299
39.460
39.317
39.194
39.222
39.267
39.424
39.444
39.468
39.275
39.289
39.239
39.447
39.418
39.298
39.327
39.335
39.250
39.244
39.371
39.366
39.219
39.350
39.232
39.207
39.225
39.370
39.364
39.424
39.239
39.224
39.388
39.455
39.276
39.164
39.481
39.431
39.336
39.198
39.192
39.181
39.378
39.531
39.424
39.297
39.436
39.269
39.349
39.340
39.342
39.143
39.375
39.246
39.296
39.338
39.329
39.375
39.317
39.429
39.308
39.376
39.319
39.442
39.367
39.372
39.373
39.344
39.310
39.394
39.386
39.477
39.392
39.288
39.346
39.094
39.405
39.330
39.212
39.255
39.308
39.320
39.333
39.407
39.385
39.332
39.307
39.188
39.403
39.322
39.339
39.358
39.328
39.314
39.309
39.420
39.425
39.282
39.369
39.246
39.337
39.362
39.376
39.297
39.332
39.412
39.353
39.343
39.341
39.394
39.352
39.303
39.264
39.217
39.352
39.218
39.452
39.244
39.194
39.307
39.291
39.346
39.443
39.224
39.358
39.339
39.429
39.340
39.389
39.361
39.405
39.381
39.247
39.176
39.317
39.299
39.366
39.303
39.507
39.382
39.387
39.402
39.317
39.405
39.440
39.328
39.156
39.416
39.148
39.348
39.306
39.392
39.278
39.368
39.261
39.340
39.276
39.421
39.374
39.445
39.421
39.146
39.255
39.410
39.269
39.295
39.150
39.402
39.245
39.437
39.406
39.332
39.253
39.229
39.252
39.368
39.224
39.359
39.260
39.298
39.400
39.458
39.370
39.294
39.350
39.279
39.199
39.348
39.293
39.361
39.473
39.325
39.184
39.416
39.380
39.436
39.335
39.160
39.343
39.282
39.288
39.274
39.247
39.344
39.293
39.339
39.379
39.327
39.133
39.317
39.392
39.361
39.403
39.166
39.213
39.361
39.392
39.416
39.380
39.247
39.427
39.337
39.446
39.259
39.476
39.356
39.406
39.275
39.312
39.389
39.320
39.265
39.368
39.298
39.245
39.304
39.319
39.421
39.258
39.415
39.404
39.325
39.247
39.317
39.277
39.350
39.312
39.273
39.375
39.287
39.294
39.275
39.204
39.368
39.394
39.345
39.421
39.268
39.444
39.232
39.394
39.256
39.367
39.243
39.409
39.165
39.397
39.321
39.284
39.340
39.314
39.170
39.327
39.288
39.269
39.455
39.318
39.299
39.134
39.261
39.366
39.346
39.371
39.222
39.437
39.333
39.408
39.311
39.387
39.341
39.338
39.270
39.469
39.244
39.387
39.316
39.338
39.426
39.354
