1.771
1.784
1.796
1.816
1.832
1.856
1.876
1.882
1.910
1.925
1.938
1.955
1.983
2.004
2.015
2.034
2.052
2.083
2.102
2.118
2.136
2.152
2.176
2.200
2.212
2.238
2.254
2.279
2.292
2.327
2.342
2.365
2.385
2.401
2.417
2.437
2.466
2.491
2.513
2.524
2.545
2.572
2.597
2.615
2.622
2.650
2.675
2.694
2.711
2.732
2.748
2.769
2.785
2.807
2.832
2.848
2.862
2.892
2.910
2.930
2.953
2.960
2.977
3.001
3.009
3.034
3.048
3.063
3.092
3.105
3.122
3.145
3.148
3.175
3.196
3.210
3.224
3.237
3.252
3.275
3.285
3.295
3.315
3.330
3.345
3.347
3.373
3.379
3.392
3.411
3.428
3.442
3.449
3.471
3.470
3.482
3.505
3.514
3.527
3.537
3.542
3.556
3.564
3.578
3.584
3.606
3.615
3.628
3.644
3.646
3.652
3.676
3.675
3.685
3.698
3.707
3.708
3.721
3.727
3.745
3.748
3.762
3.760
3.776
3.793
3.792
3.800
3.804
3.816
3.834
3.840
3.844
3.855
3.869
3.871
3.876
3.883
3.894
3.891
3.894
3.908
3.912
3.915
3.937
3.942
3.938
3.947
3.964
3.960
3.971
3.981
3.979
3.982
3.996
4.002
4.009
4.019
4.009
4.020
4.040
4.035
4.040
4.049
4.052
4.058
4.057
4.069
4.073
4.068
4.080
4.087
4.093
4.095
4.111
4.116
4.108
4.112
4.120
4.124
4.133
4.140
4.138
4.136
4.140
4.144
4.159
4.161
4.169
4.163
4.175
4.176
4.182
4.180
4.197
4.199
4.209
4.190
4.204
4.216
4.215
4.219
4.221
4.216
4.223
4.234
4.228
4.234
4.231
4.255
4.252
4.245
4.255
4.259
4.258
4.259
4.278
4.276
4.271
4.279
4.277
4.277
4.289
4.293
4.297
4.301
4.299
4.297
4.300
4.310
4.322
4.314
4.312
4.317
4.331
4.324
4.328
4.340
4.339
4.337
4.337
4.351
4.339
4.353
4.345
4.359
4.360
4.361
4.369
4.371
4.366
4.374
4.361
4.378
4.365
4.378
4.390
4.391
4.389
4.392
4.396
4.386
4.390
4.392
4.397
4.395
4.413
4.401
4.401
4.408
4.418
4.407
4.416
4.426
4.423
4.430
4.420
4.426
4.424
4.433
4.443
4.439
4.436
4.437
4.449
4.446
4.452
4.449
4.445
4.448
4.454
4.453
4.463
4.447
4.455
4.463
4.462
4.475
4.468
4.473
4.467
4.471
4.477
4.474
4.474
4.478
4.475
4.486
4.482
4.483
4.496
4.491
4.485
4.489
4.500
4.488
4.505
4.503
4.504
4.504
4.510
4.507
4.510
4.512
4.515
4.513
4.504
4.505
4.523
4.526
4.512
4.523
4.527
4.525
4.523
4.532
4.531
4.523
4.531
4.526
4.532
4.538
4.542
4.529
4.533
4.541
4.544
4.536
4.553
4.550
4.540
4.544
4.539
4.559
4.555
4.557
4.543
4.556
4.557
4.562
4.556
4.564
4.557
4.563
4.559
4.564
4.559
4.566
4.575
4.571
4.576
4.573
4.578
4.580
4.572
4.583
4.573
4.568
4.572
4.573
4.573
4.574
4.577
4.586
4.581
4.587
4.595
4.589
4.592
4.591
4.587
4.591
4.582
4.594
4.588
4.600
4.602
4.595
4.605
4.599
4.598
4.596
4.609
4.595
4.608
4.609
4.598
4.606
4.609
4.602
4.606
4.612
4.622
4.607
4.618
4.610
4.620
4.625
4.614
4.621
4.616
4.621
4.623
4.613
4.620
4.632
4.613
4.621
4.629
4.627
4.631
4.632
4.629
4.631
4.629
4.628
4.637
4.631
4.639
4.627
4.626
4.636
4.628
4.631
4.633
4.632
4.633
4.637
4.639
4.637
4.640
4.642
4.650
4.647
4.638
4.647
4.651
4.648
4.643
4.657
4.649
4.645
4.650
4.640
4.647
4.655
4.659
4.657
4.650
4.651
4.657
4.653
4.660
4.664
4.661
4.652
4.668
4.653
4.658
4.663
4.658
4.664
4.656
4.669
4.663
4.663
4.675
4.674
4.666
4.670
4.671
4.660
4.667
4.677
4.666
4.680
4.673
4.677
4.675
4.673
4.674
4.679
4.669
4.676
4.684
4.681
4.681
4.676
4.679
4.683
4.674
4.679
4.681
4.687
4.682
4.675
4.681
4.685
4.680
4.678
4.693
4.685
4.681
4.691
4.690
4.697
4.683
4.693
4.691
4.694
4.684
4.690
4.699
4.700
4.689
4.689
4.694
4.699
4.693
4.696
4.684
4.703
4.697
4.694
4.705
4.697
4.693
4.690
4.698
4.693
4.698
4.705
4.700
4.706
4.707
4.704
4.709
4.700
4.711
4.701
4.704
4.699
4.712
4.714
4.710
4.705
4.711
4.703
4.706
4.703
4.706
4.704
4.705
4.713
4.703
4.719
4.713
4.715
4.719
4.717
4.713
4.705
4.718
4.714
4.714
4.723
4.712
4.726
4.711
4.711
4.712
4.716
4.710
4.712
4.712
4.711
4.726
4.723
4.729
4.717
4.723
4.718
4.726
4.725
4.726
4.719
4.727
4.723
4.724
4.735
4.727
4.734
4.726
4.733
4.720
4.726
4.725
4.728
4.735
4.724
4.724
4.721
4.733
4.737
4.727
4.723
4.737
4.723
4.737
4.732
4.727
4.726
4.724
4.726
4.729
4.732
4.731
4.740
4.735
4.741
4.726
4.734
4.737
4.739
4.741
4.732
4.742
4.731
4.743
4.731
4.743
4.731
4.745
4.738
4.744
4.737
4.740
4.737
4.734
4.749
4.739
4.738
4.744
4.748
4.747
4.741
4.738
4.739
4.748
4.745
4.748
4.736
4.743
4.740
4.752
4.744
4.752
4.745
4.742
4.755
4.742
4.753
4.739
4.749
4.750
4.756
4.749
4.743
4.752
4.759
4.746
4.750
4.752
4.756
4.744
4.761
4.750
4.748
4.756
4.744
4.761
4.750
4.755
4.746
4.759
4.756
4.748
4.758
4.761
4.759
4.756
4.758
4.765
4.764
4.766
4.763
4.753
4.758
4.765
4.761
4.761
4.753
4.758
4.766
4.767
4.749
4.753
4.750
4.754
4.754
4.769
4.754
4.770
4.763
4.754
4.768
4.760
4.756
4.771
4.770
4.763
4.758
4.763
4.771
4.757
4.770
4.767
4.759
4.764
4.761
4.762
4.766
4.768
4.762
4.761
4.768
4.771
4.766
4.769
4.769
4.770
4.767
4.761
4.768
4.764
4.770
4.762
4.777
4.776
4.773
4.764
4.766
4.770
4.776
4.776
4.768
4.772
4.767
4.775
4.768
4.772
4.768
4.772
4.765
4.768
4.768
4.781
4.766
4.771
4.774
4.765
4.767
4.782
4.782
4.781
4.781
4.776
4.778
4.768
4.786
4.769
4.784
4.782
4.775
4.772
4.772
4.774
4.783
4.776
4.783
4.779
4.791
4.771
4.771
4.786
4.771
4.773
4.781
4.780
4.772
4.787
4.780
4.771
4.776
4.773
4.778
4.785
4.785
4.785
4.784
4.789
4.779
4.776
4.786
4.789
4.791
4.784
4.782
4.778
4.788
4.780
4.776
4.780
4.778
4.788
4.790
4.780
4.786
4.781
4.787
4.778
4.786
4.784
4.788
4.784
4.790
4.796
4.782
4.791
4.779
4.791
4.781
4.793
4.780
4.780
4.785
4.790
4.781
4.790
4.790
4.789
4.784
4.786
4.783
4.781
4.796
4.785
4.791
4.788
4.799
4.782
4.782
4.784
4.797
4.794
4.796
4.792
4.793
4.796
4.791
4.795
4.788
4.793
4.797
4.784
4.793
4.797
4.789
4.798
4.787
4.795
4.799
4.802
4.791
4.790
4.796
4.801
4.799
4.789
4.797
4.796
4.787
4.799
4.793
4.803
4.796
4.797
4.801
4.790
4.796
4.796
4.796
4.796
4.798
4.795
4.788
4.803
4.789
4.794
4.796
4.792
4.792
4.801
4.802
4.807
4.806
4.800
4.791
4.807
4.799
4.803
4.794
4.796
4.808
4.793
4.795
4.797
4.807
4.793
4.793
4.798
4.809
4.804
4.793
4.810
4.797
4.797
4.796
4.813
4.802
4.811
4.801
4.792
4.806
4.806
4.806
4.809
4.804
4.797
4.803
4.803
4.801
4.810
4.800
4.806
4.802
4.809
4.802
4.797
4.799
4.798
4.806
4.807
4.796
4.813
4.800
4.808
4.803
4.809
4.804
4.800
4.801
4.809
4.812
4.800
4.805
4.802
4.800
4.809
4.802
4.812
4.799
4.805
4.796
4.810
4.810
4.798
4.816
4.813
4.814
4.807
4.804
4.810
4.807
4.804
4.802
4.808
4.803
4.806
4.804
4.815
4.806
4.798
4.816
4.814
