1.255
1.221
1.224
1.212
1.248
1.230
1.271
1.400
1.391
1.386
1.558
1.439
1.511
1.560
1.552
1.559
1.578
1.606
1.646
1.689
1.720
1.744
1.777
1.834
1.804
1.753
1.858
1.905
1.932
1.971
2.042
2.084
2.064
2.051
2.070
2.108
2.192
2.257
2.203
2.213
2.273
2.290
2.321
2.416
2.365
2.500
2.482
2.521
2.625
2.633
2.592
2.671
2.591
2.683
2.713
2.668
2.706
2.777
2.811
2.737
2.925
2.903
2.936
2.854
2.943
2.981
3.001
2.997
2.955
2.998
3.110
3.072
3.084
3.168
3.225
3.179
3.154
3.226
3.273
3.236
3.265
3.368
3.304
3.395
3.361
3.371
3.368
3.351
3.382
3.431
3.457
3.485
3.538
3.502
3.528
3.453
3.492
3.543
3.505
3.526
3.606
3.574
3.657
3.615
3.633
3.611
3.541
3.607
3.586
3.625
3.640
3.660
3.742
3.716
3.625
3.777
3.724
3.697
3.779
3.757
3.750
3.712
3.848
3.773
3.830
3.766
3.800
3.847
3.774
3.918
3.808
3.909
3.949
3.854
3.798
3.787
3.905
3.848
3.904
3.901
3.842
3.871
3.855
3.864
3.902
3.952
4.021
3.900
3.875
3.876
4.021
4.000
3.978
3.945
3.908
3.877
3.986
3.926
3.959
3.997
3.991
3.870
4.054
3.909
3.980
3.983
3.985
3.983
4.027
4.090
4.032
3.945
4.101
4.095
3.996
4.060
4.044
3.942
3.935
3.982
4.023
3.959
4.024
4.045
3.945
4.066
3.987
4.067
3.983
4.074
4.005
3.982
3.963
4.052
4.107
3.971
4.088
3.986
4.050
4.007
4.003
4.046
4.056
4.063
3.981
4.035
4.071
4.050
4.060
4.039
4.096
4.075
4.073
4.061
3.989
4.078
4.122
3.942
4.106
4.072
4.014
4.076
4.087
4.061
4.097
4.106
4.053
3.985
4.062
4.131
4.027
4.045
4.087
4.068
4.088
4.150
4.063
4.146
4.046
4.133
4.055
4.083
4.143
4.050
4.025
4.039
4.051
4.101
4.031
4.036
4.130
4.114
4.091
4.018
4.106
4.148
4.066
4.087
4.059
4.044
4.121
4.012
4.071
4.087
4.007
4.072
4.102
4.012
4.062
4.044
4.066
4.098
4.133
4.059
4.048
4.038
4.119
4.072
4.118
4.113
4.041
4.139
4.005
3.964
4.082
4.042
4.095
4.121
4.009
4.151
4.214
4.054
4.032
4.076
4.159
4.059
4.129
4.153
4.108
4.057
4.024
4.079
4.066
4.000
3.957
4.165
4.122
4.117
4.152
4.081
4.126
4.091
4.058
3.956
4.044
4.101
4.105
4.036
4.069
4.108
4.126
4.067
4.101
4.054
4.069
4.091
4.103
4.118
4.111
4.073
4.045
4.104
4.156
4.123
4.091
4.041
4.010
4.098
4.105
4.059
4.086
4.150
4.006
4.056
4.089
4.012
4.124
4.067
4.131
4.084
4.120
4.085
4.115
4.040
4.126
4.036
4.099
4.045
4.104
4.151
4.097
3.972
4.042
4.142
4.060
4.021
4.070
4.122
4.081
4.086
4.071
4.095
4.058
4.054
4.145
4.094
4.177
4.082
4.041
4.131
4.104
4.105
4.141
3.994
4.075
4.133
4.067
4.080
4.080
4.052
4.024
4.001
4.118
4.099
4.099
4.067
4.072
4.054
4.063
4.067
4.132
4.056
4.093
4.061
4.075
4.056
4.068
4.083
3.993
4.170
4.208
4.076
4.174
3.979
4.114
4.127
4.105
4.081
4.014
4.087
4.194
4.123
4.025
4.089
4.107
3.990
4.080
4.073
4.162
4.087
4.020
4.073
4.139
4.148
4.100
4.042
4.075
4.083
4.111
4.065
4.050
4.118
4.029
4.064
4.013
4.096
4.124
3.997
4.133
4.008
4.190
4.116
4.058
4.151
4.068
4.082
4.091
4.061
4.087
3.979
4.011
4.111
3.977
4.056
4.035
4.112
4.097
4.058
4.052
4.100
4.029
4.060
4.122
4.114
4.061
4.027
4.141
3.987
4.079
4.108
4.001
4.030
4.037
4.036
4.075
4.117
4.074
4.117
4.057
4.054
4.025
4.093
4.111
4.050
4.090
4.043
4.052
4.076
4.040
4.073
4.007
4.022
4.069
4.062
4.077
4.097
4.107
4.105
4.078
4.093
4.026
4.237
4.024
4.074
4.060
4.067
4.119
4.004
4.006
4.147
4.052
4.104
3.997
4.151
4.125
4.107
4.092
4.079
4.032
4.038
4.100
4.088
4.140
4.043
4.041
4.036
4.157
4.015
4.070
4.003
4.115
3.956
3.984
4.094
4.170
4.017
4.066
4.013
3.984
4.063
3.987
4.066
4.096
4.090
4.013
4.051
4.006
4.078
3.971
4.092
3.998
4.065
4.059
3.980
4.087
4.061
4.090
4.076
4.167
4.050
4.065
4.052
4.100
4.039
4.027
4.076
4.065
4.042
4.104
4.088
4.100
4.083
4.050
4.024
4.121
4.085
4.015
4.169
4.087
4.038
4.074
4.003
4.131
3.977
4.106
3.993
4.016
4.130
4.094
4.072
4.011
4.074
4.076
4.010
4.065
4.092
4.122
4.115
4.007
4.138
4.123
4.058
3.998
4.105
4.110
4.052
4.039
4.169
4.061
4.035
4.001
4.062
4.044
4.004
4.068
3.941
4.007
4.068
4.006
4.045
4.022
4.090
4.210
4.038
4.038
4.089
4.058
4.075
4.122
4.074
4.079
4.113
4.064
4.063
4.079
4.089
4.044
3.980
4.013
4.104
4.058
4.073
4.014
4.056
4.110
4.075
4.069
4.163
4.086
4.021
3.991
4.012
3.991
3.948
4.089
4.028
4.094
4.014
4.029
4.041
4.053
4.009
4.028
4.105
4.097
4.028
4.114
4.142
4.118
4.098
4.061
4.075
4.051
4.103
4.156
4.087
4.083
4.115
4.127
3.987
4.082
4.164
3.989
4.068
4.049
4.030
4.098
4.021
4.112
4.098
4.072
4.119
4.093
4.019
4.032
4.011
3.939
4.028
4.036
4.096
4.102
4.127
4.032
4.087
4.030
4.004
4.019
4.022
4.011
3.967
3.955
4.026
4.016
4.120
4.072
4.023
4.041
4.065
3.954
4.075
3.999
4.060
3.997
4.022
4.089
4.034
4.092
4.053
3.983
4.050
3.995
4.125
4.089
4.031
4.028
4.041
3.982
4.121
4.078
4.082
4.050
4.078
4.141
4.015
4.085
4.064
4.054
4.058
4.080
4.139
4.035
4.095
4.031
4.007
4.027
4.029
4.067
4.069
4.065
4.129
4.049
4.090
4.092
4.071
4.114
4.064
4.071
4.074
4.023
3.969
4.095
4.055
4.077
4.067
4.103
4.003
4.070
4.118
4.127
4.000
4.058
4.084
4.034
3.970
3.996
4.064
4.087
4.148
4.103
4.041
4.110
4.078
4.034
4.040
4.050
4.068
4.034
4.059
4.047
4.090
4.148
4.065
4.091
4.087
4.075
3.994
4.145
4.148
3.998
4.181
4.024
4.071
4.088
4.111
4.079
4.004
4.067
4.027
4.138
4.138
4.057
4.118
4.026
4.020
4.082
4.069
4.073
4.064
4.019
4.145
4.064
4.079
4.045
4.097
4.068
4.061
4.086
4.110
4.022
4.032
4.209
4.081
4.004
4.093
3.971
4.146
4.017
3.994
4.028
4.093
4.134
4.071
4.038
3.899
4.067
4.061
4.082
4.068
4.057
4.029
4.012
4.080
4.088
4.000
4.056
4.117
4.024
4.069
4.060
4.031
4.032
4.020
4.032
4.125
4.076
4.055
4.088
4.128
4.072
4.098
4.020
3.986
4.078
4.093
4.007
4.103
4.049
3.971
3.994
4.052
4.112
4.037
4.028
4.134
4.025
4.060
4.060
4.009
4.063
4.085
4.122
4.080
4.077
4.108
4.077
3.998
4.053
3.998
4.081
4.090
4.011
4.099
3.939
4.084
4.087
4.059
4.032
4.049
4.137
4.062
4.009
4.088
4.076
4.057
4.128
4.019
4.045
4.056
4.094
4.080
4.124
4.018
4.127
4.097
4.081
4.033
4.046
4.090
4.093
4.074
4.006
4.062
4.159
4.155
4.133
4.078
4.089
4.065
3.956
4.036
4.020
4.010
4.132
4.174
4.126
4.050
4.001
4.043
4.000
4.124
4.052
4.099
4.029
4.015
4.053
4.081
4.124
4.050
4.066
4.098
4.125
4.061
3.950
4.108
4.063
4.064
4.040
4.012
4.052
4.073
4.011
4.041
4.040
4.082
4.083
4.069
4.022
4.135
4.123
4.030
4.057
4.046
4.066
4.001
4.087
3.990
4.092
4.093
4.081
4.068
4.010
4.072
4.079
4.070
4.045
4.124
4.089
4.018
4.061
4.078
4.042
4.092
4.149
4.138
