1.914
1.990
1.953
2.000
2.014
2.043
2.032
2.056
2.084
2.078
2.071
2.082
1.993
2.125
2.080
2.126
2.089
2.158
2.227
2.120
2.131
2.167
2.147
2.215
2.217
2.165
2.215
2.239
2.268
2.206
2.300
2.238
2.246
2.320
2.253
2.310
2.235
2.355
2.363
2.321
2.353
2.379
2.482
2.431
2.329
2.405
2.370
2.529
2.438
2.416
2.457
2.502
2.442
2.534
2.491
2.439
2.499
2.535
2.517
2.537
2.538
2.584
2.545
2.633
2.609
2.601
2.580
2.643
2.609
2.606
2.598
2.652
2.659
2.684
2.737
2.738
2.663
2.710
2.730
2.764
2.698
2.753
2.682
2.797
2.783
2.790
2.768
2.789
2.837
2.806
2.790
2.796
2.800
2.858
2.793
2.852
2.811
2.898
2.867
2.871
2.961
2.848
2.983
2.851
2.978
2.940
2.916
3.013
2.867
3.016
2.998
2.919
3.017
3.061
2.936
2.988
3.043
2.974
3.051
2.998
3.049
3.031
3.051
3.033
3.058
3.046
3.091
3.079
3.099
3.092
3.034
3.162
3.180
3.052
3.104
3.144
3.089
3.118
3.192
3.154
3.179
3.123
3.133
3.186
3.144
3.200
3.274
3.259
3.217
3.229
3.198
3.133
3.214
3.225
3.274
3.258
3.262
3.238
3.262
3.305
3.217
3.297
3.290
3.343
3.397
3.355
3.350
3.324
3.314
3.410
3.380
3.353
3.374
3.383
3.359
3.328
3.399
3.431
3.331
3.383
3.382
3.410
3.376
3.407
3.476
3.457
3.408
3.435
3.407
3.386
3.456
3.454
3.423
3.441
3.462
3.388
3.501
3.449
3.523
3.544
3.517
3.470
3.532
3.542
3.474
3.474
3.528
3.489
3.475
3.465
3.585
3.504
3.480
3.580
3.595
3.569
3.542
3.605
3.540
3.457
3.571
3.568
3.537
3.540
3.588
3.495
3.561
3.584
3.575
3.621
3.610
3.627
3.643
3.583
3.653
3.659
3.638
3.654
3.672
3.602
3.683
3.618
3.673
3.710
3.647
3.711
3.652
3.649
3.696
3.695
3.756
3.668
3.675
3.720
3.694
3.738
3.689
3.680
3.720
3.665
3.722
3.736
3.777
3.741
3.744
3.807
3.727
3.705
3.681
3.648
3.655
3.773
3.722
3.762
3.697
3.728
3.785
3.691
3.859
3.716
3.828
3.771
3.901
3.759
3.757
3.814
3.747
3.793
3.765
3.809
3.771
3.875
3.795
3.794
3.830
3.848
3.853
3.873
3.838
3.797
3.859
3.892
3.820
3.922
3.907
3.820
3.886
3.814
3.922
3.866
3.886
3.858
3.903
3.908
3.876
3.852
3.926
3.882
3.883
3.881
3.888
3.910
3.947
3.915
3.948
3.917
3.895
3.939
3.923
3.859
3.899
3.974
3.922
3.899
3.844
3.962
3.954
3.968
3.954
3.985
4.066
3.969
3.860
4.002
4.004
3.978
3.930
3.952
3.990
3.989
3.949
3.991
4.028
3.928
4.029
3.978
3.991
4.016
3.952
3.996
4.052
3.981
3.931
4.012
4.051
3.989
4.000
4.113
4.061
4.019
4.111
4.039
4.046
4.060
3.970
4.053
4.050
4.036
4.042
4.012
4.120
4.051
4.083
4.000
4.102
4.015
4.004
4.025
4.067
4.035
4.051
4.114
4.095
4.057
3.999
4.068
4.031
4.074
4.069
4.102
4.125
4.028
4.053
4.091
4.056
4.081
4.104
4.090
4.084
4.126
4.115
4.067
4.154
4.125
4.069
4.060
4.090
4.118
4.150
4.195
4.128
4.095
4.190
4.139
4.132
4.132
4.142
4.128
4.161
4.192
4.196
4.203
4.141
4.063
4.212
4.121
4.161
4.197
4.163
4.177
4.190
4.189
4.184
4.136
4.113
4.147
4.227
4.161
4.260
4.135
4.220
4.192
4.202
4.172
4.115
4.276
4.223
4.118
4.172
4.252
4.162
4.196
4.215
4.140
4.160
4.153
4.241
4.173
4.197
4.170
4.222
4.210
4.156
4.256
4.206
4.209
4.288
4.149
4.193
4.177
4.205
4.153
4.204
4.149
4.250
4.284
4.219
4.172
4.257
4.278
4.240
4.231
4.233
4.210
4.244
4.236
4.198
4.322
4.261
4.297
4.266
4.227
4.234
4.234
4.211
4.313
4.319
4.236
4.310
4.276
4.296
4.281
4.219
4.193
4.204
4.254
4.269
4.233
4.249
4.324
4.256
4.286
4.259
4.268
4.304
4.268
4.329
4.234
4.313
4.294
4.252
4.295
4.284
4.249
4.230
4.247
4.288
4.326
4.296
4.296
4.283
4.277
4.260
4.327
4.301
4.211
4.319
4.289
4.387
4.293
4.366
4.322
4.334
4.368
4.226
4.281
4.298
4.276
4.324
4.387
4.348
4.287
4.383
4.365
4.321
4.306
4.325
4.354
4.341
4.302
4.321
4.299
4.372
4.365
4.348
4.379
4.324
4.351
4.355
4.343
4.367
4.294
4.352
4.341
4.362
4.282
4.361
4.345
4.338
4.331
4.433
4.355
4.378
4.345
4.314
4.394
4.358
4.391
4.381
4.373
4.300
4.314
4.378
4.401
4.335
4.318
4.348
4.393
4.384
4.416
4.454
4.433
4.329
4.346
4.361
4.365
4.332
4.450
4.362
4.352
4.464
4.398
4.361
4.329
4.354
4.324
4.392
4.378
4.333
4.375
4.360
4.390
4.347
4.401
4.376
4.365
4.420
4.424
4.490
4.449
4.364
4.478
4.495
4.400
4.362
4.492
4.433
4.425
4.400
4.473
4.339
4.379
4.419
4.412
4.326
4.384
4.451
4.417
4.459
4.390
4.379
4.378
4.483
4.421
4.453
4.399
4.377
4.467
4.464
4.413
4.415
4.378
4.430
4.502
4.419
4.451
4.403
4.419
4.383
4.445
4.395
4.471
4.411
4.403
4.442
4.439
4.401
4.465
4.473
4.477
4.426
4.439
4.427
4.496
4.400
4.407
4.457
4.349
4.400
4.479
4.473
4.399
4.451
4.375
4.417
4.439
4.438
4.487
4.449
4.371
4.509
4.412
4.550
4.419
4.451
4.453
4.425
4.363
4.472
4.524
4.490
4.444
4.487
4.458
4.507
4.455
4.367
4.474
4.515
4.523
4.479
4.456
4.453
4.464
4.411
4.485
4.418
4.444
4.485
4.439
4.519
4.438
4.472
4.460
4.494
4.497
4.476
4.444
4.531
4.495
4.513
4.480
4.481
4.406
4.512
4.469
4.468
4.488
4.485
4.525
4.480
4.455
4.519
4.479
4.465
4.490
4.469
4.416
4.469
4.531
4.476
4.457
4.448
4.491
4.402
4.437
4.525
4.522
4.451
4.516
4.513
4.539
4.454
4.501
4.559
4.495
4.486
4.506
4.500
4.533
4.508
4.478
4.553
4.526
4.465
4.463
4.482
4.498
4.504
4.493
4.534
4.466
4.513
4.620
4.481
4.415
4.493
4.535
4.577
4.553
4.554
4.468
4.504
4.529
4.519
4.504
4.466
4.446
4.488
4.518
4.485
4.536
4.448
4.530
4.525
4.596
4.492
4.523
4.525
4.513
4.556
4.529
4.497
4.534
4.549
4.558
4.482
4.479
4.512
4.480
4.511
4.487
4.534
4.587
4.445
4.523
4.464
4.494
4.460
4.574
4.623
4.503
4.568
4.496
4.570
4.512
4.589
4.535
4.432
4.449
4.504
4.531
4.546
4.497
4.561
4.512
4.551
4.586
4.517
4.574
4.505
4.494
4.494
4.541
4.516
4.585
4.590
4.583
4.568
4.569
4.521
4.496
4.532
4.501
4.513
4.561
4.554
4.523
4.555
4.540
4.519
4.490
4.504
4.518
4.531
4.585
4.499
4.561
4.452
4.488
4.589
4.552
4.565
4.514
4.584
4.562
4.531
4.516
4.545
4.566
4.536
4.549
4.533
4.511
4.602
4.505
4.526
4.578
4.569
4.510
4.506
4.564
4.578
4.594
4.517
4.582
4.564
4.466
4.517
4.588
4.500
4.601
4.593
4.574
4.559
4.566
4.501
4.500
4.577
4.581
4.471
4.579
4.552
4.568
4.500
4.498
4.625
4.559
4.651
4.544
4.669
4.625
4.590
4.583
4.563
4.528
4.535
4.599
4.529
4.622
4.579
4.540
4.615
4.541
4.519
4.556
4.645
4.622
4.539
4.554
4.567
4.503
4.653
4.612
4.637
4.555
4.631
4.624
4.603
4.496
4.528
4.575
4.552
4.658
4.538
4.549
4.556
4.644
4.493
4.538
4.513
4.595
4.537
4.638
4.537
4.544
4.572
4.609
4.549
4.578
4.553
4.555
4.562
4.574
4.616
4.580
4.595
4.537
4.540
4.625
4.579
4.558
4.505
4.621
4.539
4.636
4.615
4.590
4.639
4.590
4.568
4.592
4.605
4.657
