2.454
2.468
2.545
2.565
2.588
2.653
2.663
2.685
2.707
2.781
2.766
2.805
2.928
2.905
2.915
2.991
3.057
3.128
3.085
3.119
3.217
3.252
3.231
3.198
3.331
3.380
3.354
3.440
3.470
3.536
3.573
3.612
3.695
3.702
3.765
3.779
3.791
3.800
3.868
3.984
3.958
4.000
4.076
4.100
4.183
4.168
4.165
4.240
4.323
4.339
4.383
4.421
4.444
4.532
4.533
4.576
4.646
4.679
4.736
4.729
4.748
4.755
4.842
4.866
4.830
4.923
4.975
5.002
5.060
5.043
5.091
5.165
5.207
5.165
5.227
5.292
5.283
5.284
5.333
5.392
5.370
5.392
5.482
5.491
5.492
5.505
5.558
5.579
5.663
5.656
5.686
5.713
5.757
5.744
5.830
5.825
5.798
5.874
5.925
5.882
5.861
5.853
5.967
5.943
5.963
6.028
6.041
6.069
6.038
6.141
6.146
6.151
6.069
6.157
6.149
6.183
6.277
6.237
6.247
6.258
6.288
6.301
6.283
6.350
6.305
6.362
6.408
6.366
6.387
6.404
6.415
6.459
6.445
6.483
6.420
6.529
6.538
6.523
6.538
6.499
6.524
6.553
6.546
6.613
6.565
6.574
6.603
6.606
6.655
6.686
6.735
6.668
6.668
6.699
6.685
6.697
6.742
6.694
6.658
6.796
6.707
6.805
6.819
6.779
6.800
6.768
6.848
6.816
6.829
6.846
6.889
6.833
6.852
6.855
6.872
6.891
6.817
6.932
6.965
6.932
6.893
6.919
6.920
6.927
6.942
6.923
6.931
6.982
6.964
6.967
7.055
7.033
6.992
7.098
7.008
7.092
6.993
7.005
6.999
6.988
7.050
7.018
7.139
7.064
7.090
7.049
7.090
7.107
7.101
7.151
7.056
7.122
7.108
7.128
7.107
7.131
7.045
7.164
7.166
7.196
7.175
7.106
7.196
7.179
7.183
7.216
7.218
7.195
7.241
7.184
7.229
7.213
7.190
7.216
7.128
7.254
7.247
7.194
7.130
7.196
7.239
7.272
7.240
7.267
7.216
7.287
7.287
7.294
7.308
7.254
7.281
7.314
7.252
7.288
7.295
7.301
7.278
7.302
7.249
7.342
7.372
7.329
7.326
7.321
7.402
7.313
7.366
7.286
7.321
7.294
7.366
7.398
7.310
7.351
7.325
7.371
7.390
7.321
7.364
7.427
7.283
7.332
7.412
7.366
7.378
7.394
7.389
7.361
7.426
7.426
7.432
7.393
7.350
7.427
7.325
7.461
7.413
7.361
7.361
7.459
7.461
7.441
7.413
7.455
7.437
7.414
7.436
7.389
7.381
7.456
7.439
7.495
7.443
7.460
7.432
7.441
7.458
7.505
7.492
7.453
7.498
7.450
7.447
7.458
7.435
7.386
7.439
7.496
7.445
7.456
7.566
7.450
7.419
7.443
7.447
7.521
7.543
7.486
7.490
7.440
7.494
7.466
7.526
7.483
7.460
7.469
7.429
7.456
7.478
7.514
7.439
7.488
7.514
7.497
7.520
7.531
7.497
7.497
7.481
7.491
7.458
7.583
7.541
7.579
7.536
7.557
7.521
7.577
7.505
7.545
7.560
7.549
7.572
7.614
7.523
7.557
7.488
7.601
7.582
7.454
7.590
7.539
7.561
7.576
7.552
7.547
7.501
7.576
7.593
7.550
7.560
7.574
7.564
7.572
7.643
7.595
7.589
7.544
7.607
7.535
7.536
7.612
7.552
7.575
7.558
7.584
7.586
7.540
7.613
7.656
7.613
7.568
7.561
7.582
7.497
7.522
7.576
7.601
7.619
7.573
7.643
7.636
7.616
7.512
7.569
7.544
7.563
7.662
7.586
7.590
7.584
7.642
7.617
7.627
7.584
7.648
7.583
7.555
7.595
7.613
7.559
7.593
7.571
7.553
7.638
7.690
7.622
7.655
7.635
7.619
7.566
7.634
7.577
7.600
7.579
7.673
7.542
7.666
7.632
7.654
7.648
7.711
7.599
7.653
7.655
7.621
7.559
7.594
7.650
7.609
7.588
7.634
7.577
7.682
7.635
7.634
7.626
7.607
7.632
7.626
7.575
7.680
7.628
7.707
7.600
7.646
7.615
7.575
7.662
7.600
7.635
7.624
7.637
7.703
7.633
7.624
7.647
7.603
7.595
7.654
7.673
7.562
7.614
7.577
7.684
7.661
7.665
7.636
7.683
7.661
7.633
7.593
7.665
7.638
7.658
7.648
7.637
7.667
7.730
7.642
7.676
7.645
7.706
7.555
7.617
7.624
7.587
7.602
7.659
7.627
7.676
7.656
7.653
7.705
7.688
7.673
7.580
7.689
7.662
7.613
7.665
7.669
7.690
7.669
7.695
7.722
7.666
7.688
7.671
7.639
7.704
7.615
7.608
7.716
7.638
7.626
7.657
7.677
7.691
7.664
7.656
7.679
7.671
7.736
7.703
7.587
7.669
7.712
7.654
7.701
7.748
7.689
7.661
7.646
7.698
7.660
7.647
7.679
7.604
7.697
7.633
7.604
7.660
7.637
7.641
7.710
7.647
7.662
7.607
7.673
7.702
7.697
7.669
7.708
7.617
7.689
7.693
7.696
7.683
7.721
7.658
7.751
7.625
7.699
7.653
7.646
7.634
7.670
7.605
7.631
7.691
7.666
7.654
7.669
7.709
7.668
7.666
7.637
7.684
7.647
7.714
7.738
7.685
7.697
7.677
7.705
7.689
7.638
7.692
7.681
7.674
7.645
7.690
7.710
7.688
7.639
7.648
7.753
7.709
7.681
7.691
7.682
7.694
7.695
7.686
7.728
7.695
7.659
7.739
7.667
7.704
7.754
7.701
7.654
7.669
7.690
7.720
7.798
7.722
7.744
7.714
7.743
7.718
7.637
7.658
7.729
7.715
7.682
7.701
7.739
7.734
7.677
7.703
7.692
7.741
7.722
7.754
7.687
7.693
7.793
7.643
7.587
7.694
7.756
7.671
7.688
7.724
7.680
7.734
7.717
7.709
7.636
7.760
7.719
7.698
7.726
7.697
7.667
7.723
7.666
7.697
7.686
7.691
7.688
7.700
7.677
7.720
7.725
7.650
7.707
7.771
7.675
7.679
7.676
7.742
7.734
7.644
7.709
7.714
7.727
7.732
7.647
7.720
7.738
7.749
7.645
7.658
7.742
7.691
7.684
7.584
7.630
7.767
7.666
7.618
7.765
7.697
7.703
7.695
7.682
7.719
7.636
7.682
7.775
7.674
7.711
7.684
7.705
7.693
7.708
7.702
7.654
7.652
7.726
7.658
7.746
7.711
7.704
7.651
7.657
7.746
7.699
7.748
7.768
7.718
7.697
7.754
7.701
7.691
7.687
7.666
7.747
7.747
7.751
7.742
7.719
7.705
7.710
7.716
7.712
7.750
7.679
7.679
7.683
7.749
7.694
7.731
7.713
7.697
7.691
7.675
7.664
7.698
7.785
7.676
7.714
7.720
7.665
7.739
7.649
7.730
7.684
7.692
7.700
7.689
7.670
7.702
7.678
7.700
7.698
7.714
7.700
7.749
7.667
7.682
7.801
7.655
7.709
7.639
7.727
7.749
7.741
7.681
7.686
7.696
7.703
7.708
7.723
7.719
7.680
7.745
7.640
7.712
7.695
7.719
7.711
7.683
7.755
7.687
7.727
7.701
7.710
7.763
7.654
7.676
7.692
7.740
7.650
7.662
7.672
7.647
7.686
7.751
7.698
7.792
7.652
7.656
7.780
7.710
7.641
7.673
7.733
7.727
7.754
7.658
7.737
7.716
7.691
7.680
7.699
7.649
7.738
7.714
7.676
7.703
7.727
7.691
7.700
7.751
7.659
7.677
7.684
7.761
7.691
7.684
7.680
7.684
7.685
7.714
7.695
7.711
7.736
7.649
7.682
7.680
7.656
7.710
7.716
7.681
7.715
7.681
7.679
7.727
7.726
7.695
7.746
7.681
7.704
7.720
7.731
7.669
7.763
7.662
7.625
7.693
7.667
7.726
7.676
7.684
7.659
7.692
7.746
7.727
7.718
7.748
7.752
7.815
7.671
7.699
7.683
7.750
7.748
7.670
7.695
7.649
7.765
7.744
7.714
7.647
7.695
7.740
7.642
7.732
7.649
7.722
7.801
7.763
7.732
7.694
7.733
7.708
7.757
7.726
7.715
7.706
7.695
7.759
7.699
7.744
7.710
7.682
7.727
7.739
7.661
7.684
7.658
7.667
7.717
7.677
7.654
7.725
7.647
7.713
7.707
7.731
7.712
7.627
7.747
7.747
7.767
7.694
7.784
7.713
7.660
7.666
7.739
7.687
7.710
7.663
7.640
7.707
7.694
7.735
7.658
7.664
7.690
7.694
7.684
7.683
7.715
7.643
7.633
7.636
7.733
7.648
7.701
7.682
7.732
7.701
7.708
7.691
7.734
7.689
7.734
7.728
7.698
7.704
7.692
7.714
7.671
7.718
7.674
7.661
7.738
