0.896
0.903
0.906
0.914
0.919
0.928
0.935
0.936
0.943
0.953
0.962
0.961
0.973
0.980
0.981
0.984
0.998
1.001
1.005
1.013
1.022
1.024
1.034
1.045
1.044
1.050
1.058
1.065
1.070
1.080
1.081
1.080
1.092
1.105
1.104
1.112
1.115
1.126
1.131
1.132
1.143
1.145
1.151
1.164
1.161
1.170
1.181
1.186
1.191
1.201
1.197
1.209
1.211
1.217
1.224
1.227
1.236
1.246
1.253
1.260
1.260
1.262
1.272
1.275
1.282
1.286
1.295
1.302
1.310
1.318
1.323
1.326
1.335
1.346
1.346
1.352
1.355
1.359
1.362
1.371
1.375
1.379
1.390
1.394
1.405
1.401
1.415
1.413
1.416
1.432
1.438
1.441
1.449
1.449
1.450
1.459
1.468
1.471
1.473
1.479
1.483
1.496
1.489
1.490
1.509
1.504
1.513
1.523
1.525
1.527
1.530
1.544
1.540
1.540
1.549
1.560
1.562
1.571
1.560
1.578
1.576
1.579
1.587
1.592
1.596
1.600
1.601
1.613
1.607
1.610
1.620
1.624
1.624
1.631
1.639
1.641
1.643
1.647
1.651
1.652
1.652
1.662
1.670
1.669
1.674
1.673
1.673
1.686
1.682
1.686
1.693
1.695
1.703
1.703
1.709
1.716
1.711
1.718
1.724
1.730
1.730
1.724
1.734
1.732
1.733
1.749
1.742
1.752
1.744
1.751
1.754
1.755
1.763
1.766
1.770
1.771
1.765
1.778
1.776
1.782
1.784
1.785
1.783
1.786
1.785
1.791
1.798
1.798
1.796
1.802
1.803
1.813
1.808
1.813
1.817
1.810
1.817
1.822
1.834
1.823
1.829
1.830
1.835
1.836
1.839
1.834
1.832
1.836
1.840
1.844
1.835
1.846
1.852
1.850
1.855
1.855
1.852
1.860
1.866
1.863
1.863
1.857
1.871
1.864
1.869
1.870
1.865
1.872
1.876
1.881
1.874
1.880
1.873
1.881
1.883
1.883
1.893
1.887
1.890
1.884
1.896
1.899
1.895
1.906
1.898
1.894
1.901
1.911
1.903
1.904
1.913
1.908
1.904
1.911
1.905
1.915
1.920
1.915
1.915
1.925
1.917
1.926
1.923
1.922
1.921
1.923
1.922
1.926
1.923
1.931
1.920
1.930
1.926
1.932
1.939
1.930
1.927
1.936
1.934
1.938
1.941
1.934
1.948
1.944
1.948
1.948
1.949
1.945
1.941
1.950
1.946
1.953
1.956
1.952
1.950
1.958
1.957
1.944
1.948
1.954
1.954
1.960
1.958
1.964
1.958
1.958
1.959
1.960
1.962
1.960
1.961
1.963
1.963
1.962
1.967
1.968
1.971
1.974
1.971
1.971
1.975
1.971
1.967
1.975
1.971
1.974
1.971
1.974
1.986
1.977
1.971
1.980
1.973
1.982
1.982
1.978
1.969
1.991
1.982
1.988
1.992
1.983
1.981
1.986
1.994
1.986
1.994
1.992
1.992
1.983
1.994
1.990
1.993
1.995
2.000
1.988
1.990
1.992
1.993
1.996
1.995
1.993
1.997
1.995
1.990
1.995
2.000
2.003
2.006
1.999
1.999
2.002
1.999
2.006
2.012
2.003
2.000
2.001
2.004
2.001
1.997
1.997
2.006
1.999
2.006
2.013
2.005
2.004
2.007
2.015
2.006
2.005
2.006
2.001
2.013
2.017
2.003
2.011
2.005
2.012
2.014
2.014
2.007
2.017
2.014
2.011
2.011
2.020
2.020
2.020
2.013
2.018
2.015
2.024
2.018
2.014
2.023
2.017
2.017
2.013
2.021
2.013
2.023
2.027
2.023
2.017
2.022
2.022
2.028
2.024
2.025
2.025
2.026
2.019
2.028
2.025
2.025
2.026
2.022
2.025
2.026
2.029
2.025
2.029
2.026
2.027
2.030
2.027
2.036
2.025
2.029
2.030
2.035
2.031
2.026
2.023
2.021
2.028
2.035
2.028
2.033
2.025
2.030
2.029
2.036
2.032
2.040
2.028
2.033
2.038
2.030
2.039
2.038
2.042
2.035
2.034
2.030
2.033
2.036
2.035
2.039
2.033
2.035
2.039
2.035
2.044
2.037
2.040
2.043
2.040
2.039
2.047
2.038
2.043
2.043
2.031
2.045
2.039
2.046
2.041
2.044
2.047
2.039
2.047
2.042
2.047
2.044
2.043
2.040
2.045
2.042
2.041
2.047
2.051
2.047
2.044
2.043
2.043
2.035
2.045
2.050
2.048
2.052
2.051
2.049
2.044
2.048
2.051
2.045
2.043
2.054
2.044
2.049
2.049
2.043
2.061
2.046
2.045
2.053
2.046
2.049
2.044
2.053
2.047
2.050
2.050
2.048
2.055
2.052
2.050
2.055
2.055
2.051
2.062
2.058
2.057
2.059
2.053
2.060
2.054
2.053
2.057
2.065
2.057
2.060
2.055
2.052
2.053
2.057
2.060
2.062
2.056
2.060
2.054
2.055
2.057
2.060
2.058
2.057
2.061
2.059
2.059
2.063
2.057
2.068
2.063
2.061
2.058
2.050
2.057
2.061
2.057
2.060
2.056
2.066
2.060
2.068
2.062
2.058
2.057
2.062
2.065
2.066
2.070
2.065
2.070
2.063
2.058
2.070
2.061
2.072
2.063
2.069
2.058
2.063
2.059
2.068
2.073
2.063
2.067
2.057
2.068
2.071
2.062
2.065
2.064
2.067
2.069
2.070
2.068
2.066
2.062
2.063
2.065
2.068
2.065
2.074
2.070
2.067
2.061
2.075
2.076
2.071
2.072
2.074
2.071
2.072
2.070
2.067
2.073
2.066
2.073
2.069
2.077
2.070
2.074
2.065
2.068
2.076
2.075
2.073
2.071
2.076
2.074
2.072
2.072
2.070
2.077
2.076
2.077
2.070
2.066
2.069
2.078
2.076
2.077
2.073
2.066
2.076
2.076
2.076
2.074
2.076
2.074
2.079
2.072
2.080
2.072
2.076
2.076
2.076
2.077
2.077
2.069
2.079
2.079
2.085
2.079
2.080
2.081
2.077
2.076
2.085
2.081
2.073
2.077
2.090
2.080
2.082
2.083
2.086
2.083
2.082
2.080
2.079
2.079
2.076
2.083
2.085
2.086
2.075
2.083
2.083
2.088
2.075
2.077
2.077
2.088
2.082
2.087
2.076
2.081
2.083
2.086
2.087
2.082
2.079
2.086
2.091
2.081
2.077
2.085
2.090
2.080
2.086
2.087
2.075
2.081
2.080
2.088
2.087
2.080
2.082
2.079
2.089
2.092
2.088
2.083
2.083
2.090
2.089
2.087
2.086
2.085
2.094
2.091
2.088
2.089
2.087
2.081
2.085
2.082
2.090
2.083
2.083
2.088
2.087
2.092
2.087
2.094
2.084
2.086
2.084
2.091
2.094
2.093
2.089
2.090
2.088
2.087
2.087
2.097
2.088
2.093
2.086
2.093
2.089
2.087
2.092
2.088
2.095
2.104
2.084
2.092
2.089
2.093
2.098
2.093
2.092
2.096
2.092
2.087
2.086
2.099
2.093
2.096
2.095
2.094
2.093
2.095
2.096
2.090
2.089
2.095
2.097
2.098
2.094
2.090
2.097
2.099
2.099
2.093
2.102
2.096
2.094
2.101
2.096
2.097
2.092
2.090
2.090
2.091
2.089
2.100
2.095
2.096
2.097
2.085
2.098
2.094
2.097
2.091
2.096
2.088
2.105
2.102
2.102
2.105
2.095
2.101
2.101
2.095
2.096
2.095
2.096
2.103
2.090
2.096
2.098
2.109
2.097
2.103
2.103
2.105
2.102
2.090
2.101
2.099
2.107
2.097
2.093
2.097
2.098
2.100
2.099
2.093
2.101
2.100
2.102
2.094
2.093
2.099
2.107
2.105
2.104
2.098
2.105
2.104
2.102
2.097
2.103
2.106
2.103
2.100
2.100
2.106
2.103
2.109
2.099
2.108
2.101
2.101
2.111
2.100
2.102
2.100
2.109
2.103
2.114
2.106
2.108
2.108
2.105
2.109
2.109
2.110
2.102
2.108
2.103
2.103
2.098
2.111
2.113
2.111
2.110
2.099
2.098
2.105
2.100
2.106
2.109
2.100
2.121
2.107
2.107
2.104
2.109
2.105
2.107
2.106
2.107
2.107
2.102
2.109
2.106
2.110
2.111
2.111
2.107
2.108
2.107
2.107
2.111
2.112
2.111
2.116
2.117
2.104
2.113
2.111
2.107
2.108
2.108
2.116
2.113
2.111
2.105
2.107
2.115
2.102
2.104
2.116
2.110
2.109
2.114
2.112
2.114
2.112
2.111
2.111
2.107
2.119
2.112
2.110
2.111
2.108
2.111
2.121
2.108
2.122
2.113
2.108
2.114
2.108
2.120
2.106
2.118
2.113
2.125
2.112
2.110
2.116
2.111
2.117
2.113
2.112
2.115
2.117
2.115
2.117
2.119
2.114
2.124
2.119
