3.038
2.965
3.048
2.984
3.143
3.117
3.175
3.188
3.375
3.349
3.305
3.398
3.450
3.467
3.564
3.600
3.601
3.675
3.589
3.634
3.749
3.855
3.796
3.853
3.916
4.013
3.977
4.056
4.154
4.177
4.249
4.205
4.240
4.376
4.385
4.279
4.457
4.526
4.546
4.603
4.642
4.575
4.649
4.799
4.815
4.908
4.868
4.918
5.021
5.059
5.034
5.075
5.043
5.124
5.142
5.128
5.319
5.388
5.313
5.401
5.411
5.484
5.429
5.535
5.590
5.631
5.643
5.706
5.841
5.773
5.796
5.741
5.868
5.862
6.016
5.908
6.073
6.060
6.137
6.120
6.135
6.170
6.239
6.194
6.250
6.321
6.365
6.344
6.446
6.394
6.392
6.438
6.488
6.511
6.652
6.666
6.567
6.637
6.614
6.580
6.747
6.733
6.861
6.831
6.775
6.852
6.909
6.824
6.878
6.921
6.947
6.940
6.900
6.960
6.976
6.998
7.055
6.991
7.122
7.122
7.098
7.126
7.132
7.142
7.148
7.135
7.219
7.266
7.208
7.168
7.319
7.265
7.310
7.239
7.298
7.439
7.364
7.496
7.423
7.421
7.500
7.486
7.479
7.500
7.470
7.456
7.555
7.533
7.565
7.562
7.596
7.560
7.689
7.606
7.620
7.588
7.525
7.642
7.623
7.636
7.700
7.675
7.709
7.810
7.675
7.617
7.763
7.714
7.810
7.846
7.789
7.752
7.929
7.760
7.861
7.774
7.782
7.834
7.724
7.864
7.889
7.853
7.896
7.906
7.835
7.859
7.862
7.946
8.007
7.850
7.912
7.997
7.991
7.943
8.038
7.842
7.945
8.006
7.928
7.918
7.968
7.990
8.074
8.037
7.964
8.017
8.090
8.060
7.938
8.096
8.044
8.001
8.138
8.088
8.100
8.027
8.111
8.070
8.092
8.132
8.155
8.125
8.106
8.146
8.052
8.121
8.094
8.217
8.271
8.219
8.150
8.101
8.126
8.114
8.011
8.193
8.163
8.204
8.212
8.224
8.180
8.259
8.324
8.182
8.277
8.185
8.309
8.292
8.234
8.287
8.273
8.239
8.285
8.223
8.338
8.149
8.265
8.331
8.339
8.334
8.244
8.344
8.319
8.278
8.308
8.363
8.338
8.322
8.297
8.267
8.393
8.421
8.280
8.400
8.384
8.327
8.392
8.293
8.386
8.327
8.365
8.270
8.332
8.440
8.324
8.350
8.325
8.392
8.348
8.326
8.310
8.393
8.348
8.325
8.452
8.331
8.332
8.511
8.474
8.430
8.415
8.413
8.369
8.411
8.402
8.425
8.433
8.491
8.444
8.363
8.502
8.423
8.483
8.404
8.420
8.388
8.471
8.279
8.431
8.417
8.542
8.469
8.469
8.482
8.519
8.381
8.500
8.438
8.436
8.432
8.357
8.513
8.435
8.455
8.482
8.495
8.478
8.507
8.450
8.497
8.540
8.541
8.475
8.439
8.566
8.502
8.480
8.552
8.537
8.509
8.510
8.509
8.579
8.502
8.547
8.534
8.429
8.601
8.562
8.620
8.520
8.585
8.637
8.546
8.617
8.417
8.562
8.516
8.516
8.491
8.523
8.601
8.563
8.587
8.474
8.536
8.622
8.589
8.485
8.572
8.575
8.634
8.533
8.570
8.588
8.557
8.563
8.507
8.575
8.611
8.640
8.558
8.586
8.576
8.585
8.597
8.551
8.600
8.577
8.557
8.619
8.521
8.606
8.528
8.642
8.555
8.604
8.600
8.645
8.686
8.508
8.637
8.652
8.661
8.623
8.586
8.587
8.623
8.588
8.637
8.574
8.528
8.654
8.616
8.619
8.645
8.559
8.606
8.611
8.702
8.638
8.704
8.696
8.610
8.682
8.588
8.650
8.569
8.676
8.707
8.658
8.648
8.603
8.652
8.629
8.565
8.678
8.592
8.655
8.624
8.498
8.720
8.674
8.612
8.634
8.644
8.704
8.577
8.695
8.608
8.765
8.706
8.669
8.741
8.686
8.680
8.614
8.631
8.606
8.664
8.633
8.740
8.600
8.659
8.666
8.564
8.671
8.727
8.677
8.733
8.639
8.730
8.638
8.517
8.624
8.679
8.712
8.687
8.719
8.663
8.792
8.663
8.663
8.623
8.653
8.796
8.621
8.747
8.676
8.701
8.724
8.689
8.730
8.606
8.705
8.645
8.692
8.685
8.721
8.697
8.708
8.754
8.766
8.648
8.628
8.688
8.638
8.788
8.742
8.723
8.609
8.730
8.695
8.707
8.737
8.780
8.646
8.631
8.749
8.724
8.675
8.726
8.699
8.718
8.754
8.719
8.720
8.734
8.631
8.680
8.738
8.727
8.724
8.694
8.786
8.725
8.775
8.696
8.735
8.713
8.592
8.730
8.709
8.688
8.728
8.670
8.747
8.716
8.694
8.690
8.702
8.735
8.688
8.780
8.736
8.640
8.703
8.759
8.804
8.751
8.925
8.827
8.701
8.691
8.725
8.772
8.716
8.804
8.772
8.743
8.781
8.722
8.839
8.750
8.701
8.781
8.677
8.722
8.792
8.726
8.660
8.699
8.646
8.722
8.778
8.744
8.672
8.741
8.753
8.701
8.700
8.752
8.737
8.869
8.857
8.741
8.731
8.685
8.648
8.797
8.718
8.662
8.783
8.836
8.825
8.727
8.731
8.704
8.732
8.775
8.741
8.697
8.744
8.781
8.736
8.746
8.706
8.690
8.800
8.667
8.808
8.734
8.782
8.772
8.752
8.772
8.811
8.790
8.762
8.788
8.718
8.789
8.806
8.747
8.748
8.747
8.695
8.740
8.817
8.761
8.793
8.705
8.767
8.721
8.710
8.825
8.733
8.817
8.752
8.788
8.792
8.722
8.776
8.748
8.802
8.781
8.829
8.723
8.800
8.754
8.805
8.843
8.720
8.808
8.862
8.751
8.786
8.822
8.746
8.781
8.747
8.787
8.689
8.764
8.809
8.711
8.781
8.800
8.854
8.730
8.753
8.677
8.800
8.742
8.844
8.795
8.682
8.805
8.776
8.750
8.755
8.778
8.758
8.843
8.752
8.825
8.784
8.787
8.733
8.722
8.766
8.745
8.813
8.796
8.758
8.812
8.750
8.820
8.722
8.728
8.743
8.758
8.738
8.733
8.738
8.742
8.789
8.729
8.772
8.814
8.807
8.735
8.755
8.777
8.761
8.843
8.715
8.760
8.763
8.734
8.768
8.836
8.709
8.825
8.756
8.818
8.815
8.883
8.775
8.757
8.788
8.835
8.810
8.749
8.817
8.773
8.819
8.809
8.804
8.804
8.875
8.831
8.749
8.752
8.814
8.777
8.787
8.766
8.741
8.770
8.789
8.736
8.713
8.810
8.792
8.795
8.794
8.788
8.683
8.776
8.694
8.741
8.742
8.801
8.914
8.768
8.737
8.804
8.781
8.843
8.812
8.754
8.786
8.775
8.822
8.837
8.791
8.738
8.873
8.777
8.834
8.790
8.808
8.773
8.823
8.687
8.818
8.812
8.652
8.746
8.847
8.741
8.894
8.695
8.814
8.748
8.755
8.753
8.795
8.817
8.815
8.873
8.795
8.687
8.738
8.837
8.846
8.854
8.756
8.745
8.820
8.825
8.831
8.759
8.797
8.780
8.765
8.779
8.819
8.818
8.735
8.789
8.792
8.684
8.789
8.772
8.865
8.859
8.800
8.800
8.752
8.789
8.815
8.800
8.771
8.821
8.844
8.760
8.743
8.735
8.759
8.719
8.758
8.877
8.863
8.814
8.679
8.744
8.879
8.827
8.783
8.779
8.787
8.779
8.798
8.810
8.738
8.777
8.784
8.907
8.758
8.751
8.812
8.715
8.841
8.890
8.759
8.793
8.705
8.770
8.817
8.791
8.779
8.752
8.793
8.762
8.858
8.714
8.786
8.798
8.810
8.775
8.785
8.863
8.791
8.800
8.762
8.850
8.889
8.822
8.848
8.723
8.763
8.755
8.795
8.750
8.899
8.783
8.811
8.740
8.709
8.914
8.905
8.803
8.884
8.835
8.811
8.750
8.796
8.927
8.780
8.810
8.716
8.749
8.842
8.864
8.853
8.770
8.810
8.761
8.867
8.886
8.765
8.859
8.815
8.919
8.807
8.807
8.853
8.829
8.791
8.792
8.888
8.883
8.789
8.756
8.858
8.822
8.833
8.786
8.859
8.755
8.790
8.755
8.901
8.817
8.792
8.879
8.843
8.844
8.692
8.786
8.756
8.884
8.810
8.740
8.860
8.857
8.679
8.780
8.870
8.834
8.843
8.795
8.864
8.870
8.835
8.813
8.900
8.735
8.747
8.900
8.788
8.769
8.818
8.873
8.781
8.809
8.804
8.803
8.742
8.840
8.821
8.811
8.748
8.789
8.846
8.819
8.696
8.818
8.794
8.750
8.823
8.854
8.844
8.933
8.814
8.766
8.881
8.809
8.853
8.846
8.787
8.736
