3.699
3.740
3.785
3.823
3.867
3.906
3.949
3.996
4.036
4.083
4.129
4.176
4.218
4.261
4.312
4.359
4.407
4.449
4.497
4.546
4.596
4.647
4.693
4.741
4.794
4.841
4.893
4.941
4.997
5.040
5.093
5.144
5.194
5.247
5.302
5.354
5.400
5.449
5.499
5.555
5.608
5.656
5.703
5.755
5.813
5.859
5.907
5.957
6.010
6.059
6.110
6.157
6.207
6.257
6.301
6.351
6.401
6.443
6.491
6.536
6.579
6.630
6.676
6.719
6.766
6.807
6.852
6.896
6.933
6.978
7.018
7.055
7.102
7.137
7.175
7.214
7.253
7.292
7.330
7.362
7.402
7.441
7.473
7.507
7.542
7.581
7.609
7.646
7.679
7.708
7.738
7.768
7.802
7.828
7.865
7.893
7.917
7.946
7.975
8.004
8.032
8.058
8.087
8.111
8.139
8.157
8.185
8.207
8.229
8.256
8.282
8.297
8.325
8.348
8.369
8.389
8.415
8.434
8.456
8.473
8.494
8.512
8.538
8.551
8.566
8.589
8.608
8.627
8.643
8.655
8.674
8.693
8.707
8.720
8.740
8.758
8.773
8.789
8.808
8.824
8.836
8.851
8.868
8.876
8.891
8.908
8.923
8.931
8.950
8.959
8.971
8.989
9.001
9.011
9.024
9.034
9.045
9.066
9.075
9.079
9.095
9.108
9.117
9.129
9.140
9.154
9.161
9.171
9.187
9.195
9.204
9.213
9.226
9.228
9.240
9.255
9.266
9.273
9.282
9.291
9.298
9.310
9.323
9.330
9.341
9.345
9.353
9.360
9.374
9.378
9.390
9.396
9.405
9.410
9.417
9.422
9.441
9.443
9.448
9.457
9.468
9.474
9.485
9.491
9.494
9.506
9.512
9.522
9.519
9.529
9.542
9.545
9.551
9.559
9.568
9.568
9.577
9.587
9.591
9.600
9.607
9.610
9.615
9.621
9.627
9.636
9.643
9.649
9.653
9.654
9.665
9.673
9.677
9.677
9.687
9.694
9.695
9.701
9.709
9.715
9.715
9.728
9.729
9.738
9.738
9.745
9.751
9.752
9.759
9.768
9.769
9.781
9.780
9.792
9.792
9.793
9.800
9.803
9.808
9.813
9.824
9.827
9.831
9.835
9.842
9.839
9.850
9.855
9.857
9.857
9.869
9.869
9.871
9.877
9.879
9.889
9.893
9.898
9.898
9.897
9.906
9.911
9.917
9.915
9.922
9.925
9.931
9.937
9.941
9.941
9.946
9.948
9.960
9.959
9.961
9.967
9.965
9.974
9.973
9.983
9.985
9.986
9.991
9.997
9.998
10.005
10.003
10.010
10.014
10.013
10.019
10.025
10.028
10.026
10.036
10.033
10.037
10.039
10.045
10.044
10.050
10.053
10.056
10.059
10.065
10.072
10.076
10.070
10.073
10.083
10.082
10.083
10.087
10.092
10.091
10.097
10.104
10.101
10.107
10.109
10.109
10.111
10.122
10.123
10.123
10.125
10.131
10.126
10.131
10.140
10.140
10.147
10.140
10.145
10.149
10.157
10.155
10.157
10.159
10.164
10.165
10.172
10.170
10.176
10.176
10.181
10.180
10.179
10.186
10.186
10.191
10.191
10.192
10.199
10.196
10.205
10.210
10.211
10.213
10.215
10.217
10.219
10.219
10.223
10.224
10.221
10.228
10.229
10.233
10.235
10.237
10.245
10.241
10.246
10.244
10.245
10.250
10.250
10.255
10.258
10.261
10.257
10.266
10.262
10.267
10.271
10.271
10.272
10.278
10.278
10.279
10.275
10.285
10.281
10.287
10.285
10.286
10.294
10.292
10.298
10.297
10.299
10.305
10.304
10.300
10.313
10.311
10.309
10.312
10.310
10.314
10.318
10.320
10.322
10.324
10.322
10.327
10.326
10.334
10.336
10.334
10.339
10.339
10.340
10.344
10.346
10.345
10.346
10.350
10.350
10.351
10.348
10.353
10.359
10.357
10.356
10.361
10.364
10.359
10.364
10.369
10.367
10.377
10.372
10.372
10.371
10.373
10.379
10.381
10.379
10.382
10.382
10.381
10.384
10.390
10.383
10.395
10.393
10.392
10.396
10.396
10.401
10.397
10.401
10.403
10.398
10.401
10.405
10.406
10.407
10.415
10.414
10.409
10.417
10.411
10.415
10.415
10.418
10.421
10.423
10.420
10.427
10.425
10.423
10.428
10.427
10.431
10.432
10.430
10.436
10.435
10.437
10.437
10.439
10.444
10.444
10.443
10.446
10.450
10.442
10.448
10.450
10.447
10.451
10.447
10.457
10.453
10.456
10.455
10.461
10.460
10.456
10.457
10.465
10.465
10.466
10.462
10.468
10.468
10.475
10.468
10.471
10.474
10.469
10.475
10.477
10.481
10.477
10.481
10.482
10.479
10.481
10.481
10.482
10.485
10.482
10.490
10.483
10.490
10.490
10.493
10.489
10.489
10.493
10.495
10.493
10.499
10.499
10.501
10.501
10.504
10.505
10.501
10.506
10.500
10.504
10.506
10.503
10.506
10.509
10.514
10.510
10.513
10.514
10.509
10.516
10.509
10.519
10.520
10.521
10.520
10.523
10.524
10.525
10.527
10.519
10.523
10.522
10.527
10.526
10.529
10.526
10.528
10.530
10.532
10.529
10.534
10.534
10.528
10.535
10.531
10.536
10.533
10.541
10.538
10.540
10.539
10.537
10.544
10.545
10.548
10.542
10.541
10.547
10.551
10.544
10.553
10.546
10.548
10.553
10.554
10.555
10.556
10.555
10.553
10.557
10.554
10.557
10.553
10.563
10.559
10.559
10.559
10.558
10.564
10.558
10.566
10.563
10.568
10.563
10.569
10.565
10.568
10.565
10.569
10.570
10.571
10.574
10.567
10.574
10.574
10.571
10.570
10.573
10.575
10.579
10.579
10.573
10.577
10.578
10.584
10.580
10.583
10.579
10.583
10.579
10.582
10.585
10.579
10.587
10.583
10.590
10.586
10.586
10.584
10.589
10.592
10.588
10.585
10.592
10.591
10.590
10.590
10.597
10.589
10.595
10.598
10.593
10.599
10.591
10.597
10.595
10.600
10.596
10.598
10.603
10.600
10.597
10.600
10.601
10.602
10.598
10.600
10.599
10.602
10.608
10.605
10.602
10.605
10.605
10.609
10.608
10.606
10.606
10.615
10.614
10.614
10.614
10.614
10.608
10.616
10.609
10.613
10.619
10.611
10.615
10.620
10.612
10.613
10.617
10.620
10.619
10.613
10.623
10.617
10.620
10.623
10.621
10.623
10.623
10.622
10.621
10.626
10.626
10.624
10.623
10.626
10.624
10.625
10.626
10.627
10.631
10.630
10.630
10.628
10.632
10.625
10.627
10.628
10.634
10.633
10.632
10.630
10.630
10.634
10.634
10.636
10.634
10.637
10.636
10.638
10.637
10.640
10.640
10.641
10.634
10.642
10.640
10.640
10.645
10.643
10.636
10.637
10.639
10.638
10.643
10.640
10.646
10.639
10.647
10.639
10.641
10.645
10.648
10.647
10.647
10.644
10.648
10.645
10.647
10.642
10.652
10.653
10.644
10.654
10.653
10.649
10.650
10.655
10.648
10.652
10.657
10.655
10.656
10.654
10.651
10.652
10.652
10.654
10.651
10.657
10.659
10.657
10.653
10.653
10.657
10.657
10.661
10.655
10.661
10.663
10.660
10.662
10.658
10.658
10.663
10.660
10.662
10.661
10.665
10.664
10.663
10.662
10.664
10.663
10.661
10.667
10.663
10.668
10.663
10.668
10.662
10.670
10.672
10.669
10.666
10.670
10.665
10.667
10.669
10.670
10.669
10.672
10.673
10.666
10.671
10.670
10.672
10.667
10.675
10.676
10.674
10.670
10.670
10.671
10.674
10.673
10.672
10.675
10.672
10.677
10.673
10.673
10.679
10.677
10.674
10.680
10.675
10.680
10.677
10.674
10.674
10.681
10.680
10.679
10.675
10.677
10.682
10.679
10.680
10.685
10.678
10.682
10.676
10.681
10.681
10.679
10.686
10.683
10.683
10.683
10.684
10.684
10.686
10.689
10.682
10.688
10.686
10.687
10.690
10.689
10.685
10.685
10.683
10.683
10.686
10.691
10.683
10.688
10.686
10.690
10.690
10.685
10.692
10.691
10.690
10.687
10.693
10.693
10.692
10.687
10.688
10.695
10.686
10.693
10.694
10.695
10.686
10.692
10.687
10.694
10.697
10.693
10.691
10.693
10.690
10.693
10.697
10.695
10.695
10.696
10.692
10.697
10.696
10.698
10.693
10.698
10.701
10.699
10.700
10.696
10.696
10.704
10.694
10.701
10.696
10.699
10.698
10.700
10.702
10.702
10.698
10.698
10.703
10.701
10.703
10.704
10.700
10.702
10.699
10.706
10.704
10.707
10.702
10.701
10.708
10.698
10.702
10.702
10.704
10.706
10.703
10.704
10.707
10.708
10.705
10.707
10.705
10.708
10.702
10.707
10.712
10.703
10.705
