0.0	0.010526315789473684	0.021052631578947368	0.031578947368421054	0.042105263157894736	0.05263157894736842	0.06315789473684211	0.07368421052631578	0.08421052631578947	0.09473684210526316	0.10526315789473684	0.11578947368421053	0.12631578947368421	0.1368421052631579	0.14736842105263157	0.15789473684210525	0.16842105263157894	0.17894736842105263	0.18947368421052632	0.2
0.0	0.010526315789473684	0.021052631578947368	0.031578947368421054	0.042105263157894736	0.05263157894736842	0.06315789473684211	0.07368421052631578	0.08421052631578947	0.09473684210526316	0.10526315789473684	0.11578947368421053	0.12631578947368421	0.1368421052631579	0.14736842105263157	0.15789473684210525	0.16842105263157894	0.17894736842105263	0.18947368421052632	0.2
0.00000 0.01053 0.02105 0.03158 0.04211 0.05263 0.06316 0.07368 0.08421 0.09474 0.10526 0.11579 0.12632 0.13684 0.14737 0.15789 0.16842 0.17895 0.18947 0.20000 
0.00000 0.01053 0.02105 0.03158 0.04211 0.05263 0.06316 0.07368 0.08421 0.09474 0.10526 0.11579 0.12632 0.13684 0.14737 0.15789 0.16842 0.17895 0.18947 0.20000 
0.00000 0.01053 0.02105 0.03158 0.04211 0.05263 0.06316 0.07368 0.08421 0.09474 0.10526 0.11579 0.12632 0.13684 0.14737 0.15789 0.16842 0.17895 0.18947 0.20000 
0.00000 0.01053 0.02105 0.03158 0.04211 0.05263 0.06316 0.07368 0.08421 0.09474 0.10526 0.11579 0.12632 0.13684 0.14737 0.15789 0.16842 0.17895 0.18947 0.20000 
0.00000 0.01053 0.02105 0.03158 0.04211 0.05263 0.06316 0.07368 0.08421 0.09474 0.10526 0.11579 0.12632 0.13684 0.14737 0.15789 0.16842 0.17895 0.18947 0.20000 
0.00000 0.01053 0.02105 0.03158 0.04211 0.05263 0.06316 0.07368 0.08421 0.09474 0.10526 0.11579 0.12632 0.13684 0.14737 0.15789 0.16842 0.17895 0.18947 0.20000 
0.00000 0.01053 0.02105 0.03158 0.04211 0.05263 0.06316 0.07368 0.08421 0.09474 0.10526 0.11579 0.12632 0.13684 0.14737 0.15789 0.16842 0.17895 0.18947 0.20000 
0.00000 0.01053 0.02105 0.03158 0.04211 0.05263 0.06316 0.07368 0.08421 0.09474 0.10526 0.11579 0.12632 0.13684 0.14737 0.15789 0.16842 0.17895 0.18947 0.20000 
0.00000 0.01053 0.02105 0.03158 0.04211 0.05263 0.06316 0.07368 0.08421 0.09474 0.10526 0.11579 0.12632 0.13684 0.14737 0.15789 0.16842 0.17895 0.18947 0.20000 
0.00000 0.01053 0.02105 0.03158 0.04211 0.05263 0.06316 0.07368 0.08421 0.09474 0.10526 0.11579 0.12632 0.13684 0.14737 0.15789 0.16842 0.17895 0.18947 0.20000 
0.00000 0.01053 0.02105 0.03158 0.04211 0.05263 0.06316 0.07368 0.08421 0.09474 0.10526 0.11579 0.12632 0.13684 0.14737 0.15789 0.16842 0.17895 0.18947 0.20000 
0.00000 0.01053 0.02105 0.03158 0.04211 0.05263 0.06316 0.07368 0.08421 0.09474 0.10526 0.11579 0.12632 0.13684 0.14737 0.15789 0.16842 0.17895 0.18947 0.20000 
0.00000 0.01053 0.02105 0.03158 0.04211 0.05263 0.06316 0.07368 0.08421 0.09474 0.10526 0.11579 0.12632 0.13684 0.14737 0.15789 0.16842 0.17895 0.18947 0.20000 
0.00000 0.01053 0.02105 0.03158 0.04211 0.05263 0.06316 0.07368 0.08421 0.09474 0.10526 0.11579 0.12632 0.13684 0.14737 0.15789 0.16842 0.17895 0.18947 0.20000 
0.00000 0.01053 0.02105 0.03158 0.04211 0.05263 0.06316 0.07368 0.08421 0.09474 0.10526 0.11579 0.12632 0.13684 0.14737 0.15789 0.16842 0.17895 0.18947 0.20000 
0.00000 0.01053 0.02105 0.03158 0.04211 0.05263 0.06316 0.07368 0.08421 0.09474 0.10526 0.11579 0.12632 0.13684 0.14737 0.15789 0.16842 0.17895 0.18947 0.20000 
0.00000 0.01053 0.02105 0.03158 0.04211 0.05263 0.06316 0.07368 0.08421 0.09474 0.10526 0.11579 0.12632 0.13684 0.14737 0.15789 0.16842 0.17895 0.18947 0.20000 
0.00000 0.01053 0.02105 0.03158 0.04211 0.05263 0.06316 0.07368 0.08421 0.09474 0.10526 0.11579 0.12632 0.13684 0.14737 0.15789 0.16842 0.17895 0.18947 0.20000 
0.00000 0.01053 0.02105 0.03158 0.04211 0.05263 0.06316 0.07368 0.08421 0.09474 0.10526 0.11579 0.12632 0.13684 0.14737 0.15789 0.16842 0.17895 0.18947 0.20000 
0.00000 0.01053 0.02105 0.03158 0.04211 0.05263 0.06316 0.07368 0.08421 0.09474 0.10526 0.11579 0.12632 0.13684 0.14737 0.15789 0.16842 0.17895 0.18947 0.20000 
0.00000 0.01053 0.02105 0.03158 0.04211 0.05263 0.06316 0.07368 0.08421 0.09474 0.10526 0.11579 0.12632 0.13684 0.14737 0.15789 0.16842 0.17895 0.18947 0.20000 
0.00000 0.01053 0.02105 0.03158 0.04211 0.05263 0.06316 0.07368 0.08421 0.09474 0.10526 0.11579 0.12632 0.13684 0.14737 0.15789 0.16842 0.17895 0.18947 0.20000 
0.00000 0.01053 0.02105 0.03158 0.04211 0.05263 0.06316 0.07368 0.08421 0.09474 0.10526 0.11579 0.12632 0.13684 0.14737 0.15789 0.16842 0.17895 0.18947 0.20000 
0.00000 0.01053 0.02105 0.03158 0.04211 0.05263 0.06316 0.07368 0.08421 0.09474 0.10526 0.11579 0.12632 0.13684 0.14737 0.15789 0.16842 0.17895 0.18947 0.20000 
0.00000 0.01053 0.02105 0.03158 0.04211 0.05263 0.06316 0.07368 0.08421 0.09474 0.10526 0.11579 0.12632 0.13684 0.14737 0.15789 0.16842 0.17895 0.18947 0.20000 
0.00000 0.01053 0.02105 0.03158 0.04211 0.05263 0.06316 0.07368 0.08421 0.09474 0.10526 0.11579 0.12632 0.13684 0.14737 0.15789 0.16842 0.17895 0.18947 0.20000 
0.00000 0.01053 0.02105 0.03158 0.04211 0.05263 0.06316 0.07368 0.08421 0.09474 0.10526 0.11579 0.12632 0.13684 0.14737 0.15789 0.16842 0.17895 0.18947 0.20000 
0.00000 0.01053 0.02105 0.03158 0.04211 0.05263 0.06316 0.07368 0.08421 0.09474 0.10526 0.11579 0.12632 0.13684 0.14737 0.15789 0.16842 0.17895 0.18947 0.20000 
0.00000 0.01053 0.02105 0.03158 0.04211 0.05263 0.06316 0.07368 0.08421 0.09474 0.10526 0.11579 0.12632 0.13684 0.14737 0.15789 0.16842 0.17895 0.18947 0.20000 
0.00000 0.01053 0.02105 0.03158 0.04211 0.05263 0.06316 0.07368 0.08421 0.09474 0.10526 0.11579 0.12632 0.13684 0.14737 0.15789 0.16842 0.17895 0.18947 0.20000 
0.00000 0.01053 0.02105 0.03158 0.04211 0.05263 0.06316 0.07368 0.08421 0.09474 0.10526 0.11579 0.12632 0.13684 0.14737 0.15789 0.16842 0.17895 0.18947 0.20000 
0.00000 0.01053 0.02105 0.03158 0.04211 0.05263 0.06316 0.07368 0.08421 0.09474 0.10526 0.11579 0.12632 0.13684 0.14737 0.15789 0.16842 0.17895 0.18947 0.20000 
0.00000 0.01053 0.02105 0.03158 0.04211 0.05263 0.06316 0.07368 0.08421 0.09474 0.10526 0.11579 0.12632 0.13684 0.14737 0.15789 0.16842 0.17895 0.18947 0.20000 
0.00000 0.01053 0.02105 0.03158 0.04211 0.05263 0.06316 0.07368 0.08421 0.09474 0.10526 0.11579 0.12632 0.13684 0.14737 0.15789 0.16842 0.17895 0.18947 0.20000 
0.00000 0.01053 0.02105 0.03158 0.04211 0.05263 0.06316 0.07368 0.08421 0.09474 0.10526 0.11579 0.12632 0.13684 0.14737 0.15789 0.16842 0.17895 0.18947 0.20000 
0.00000 0.01053 0.02105 0.03158 0.04211 0.05263 0.06316 0.07368 0.08421 0.09474 0.10526 0.11579 0.12632 0.13684 0.14737 0.15789 0.16842 0.17895 0.18947 0.20000 
0.00000 0.01053 0.02105 0.03158 0.04211 0.05263 0.06316 0.07368 0.08421 0.09474 0.10526 0.11579 0.12632 0.13684 0.14737 0.15789 0.16842 0.17895 0.18947 0.20000 
0.00000 0.01053 0.02105 0.03158 0.04211 0.05263 0.06316 0.07368 0.08421 0.09474 0.10526 0.11579 0.12632 0.13684 0.14737 0.15789 0.16842 0.17895 0.18947 0.20000 
0.00000 0.01053 0.02105 0.03158 0.04211 0.05263 0.06316 0.07368 0.08421 0.09474 0.10526 0.11579 0.12632 0.13684 0.14737 0.15789 0.16842 0.17895 0.18947 0.20000 
0.00000 0.01053 0.02105 0.03158 0.04211 0.05263 0.06316 0.07368 0.08421 0.09474 0.10526 0.11579 0.12632 0.13684 0.14737 0.15789 0.16842 0.17895 0.18947 0.20000 
0.00000 0.01053 0.02105 0.03158 0.04211 0.05263 0.06316 0.07368 0.08421 0.09474 0.10526 0.11579 0.12632 0.13684 0.14737 0.15789 0.16842 0.17895 0.18947 0.20000 
0.00000 0.01053 0.02105 0.03158 0.04211 0.05263 0.06316 0.07368 0.08421 0.09474 0.10526 0.11579 0.12632 0.13684 0.14737 0.15789 0.16842 0.17895 0.18947 0.20000 
0.00000 0.01053 0.02105 0.03158 0.04211 0.05263 0.06316 0.07368 0.08421 0.09474 0.10526 0.11579 0.12632 0.13684 0.14737 0.15789 0.16842 0.17895 0.18947 0.20000 
0.00000 0.01053 0.02105 0.03158 0.04211 0.05263 0.06316 0.07368 0.08421 0.09474 0.10526 0.11579 0.12632 0.13684 0.14737 0.15789 0.16842 0.17895 0.18947 0.20000 
0.00000 0.01053 0.02105 0.03158 0.04211 0.05263 0.06316 0.07368 0.08421 0.09474 0.10526 0.11579 0.12632 0.13684 0.14737 0.15789 0.16842 0.17895 0.18947 0.20000 
0.00000 0.01053 0.02105 0.03158 0.04211 0.05263 0.06316 0.07368 0.08421 0.09474 0.10526 0.11579 0.12632 0.13684 0.14737 0.15789 0.16842 0.17895 0.18947 0.20000 
0.00000 0.01053 0.02105 0.03158 0.04211 0.05263 0.06316 0.07368 0.08421 0.09474 0.10526 0.11579 0.12632 0.13684 0.14737 0.15789 0.16842 0.17895 0.18947 0.20000 
0.00000 0.01053 0.02105 0.03158 0.04211 0.05263 0.06316 0.07368 0.08421 0.09474 0.10526 0.11579 0.12632 0.13684 0.14737 0.15789 0.16842 0.17895 0.18947 0.20000 
0.00000 0.01053 0.02105 0.03158 0.04211 0.05263 0.06316 0.07368 0.08421 0.09474 0.10526 0.11579 0.12632 0.13684 0.14737 0.15789 0.16842 0.17895 0.18947 0.20000 
0.00000 0.01053 0.02105 0.03158 0.04211 0.05263 0.06316 0.07368 0.08421 0.09474 0.10526 0.11579 0.12632 0.13684 0.14737 0.15789 0.16842 0.17895 0.18947 0.20000 
0.00000 0.01053 0.02105 0.03158 0.04211 0.05263 0.06316 0.07368 0.08421 0.09474 0.10526 0.11579 0.12632 0.13684 0.14737 0.15789 0.16842 0.17895 0.18947 0.20000 
0.00000 0.01053 0.02105 0.03158 0.04211 0.05263 0.06316 0.07368 0.08421 0.09474 0.10526 0.11579 0.12632 0.13684 0.14737 0.15789 0.16842 0.17895 0.18947 0.20000 
0.00000 0.01053 0.02105 0.03158 0.04211 0.05263 0.06316 0.07368 0.08421 0.09474 0.10526 0.11579 0.12632 0.13684 0.14737 0.15789 0.16842 0.17895 0.18947 0.20000 
0.00000 0.01053 0.02105 0.03158 0.04211 0.05263 0.06316 0.07368 0.08421 0.09474 0.10526 0.11579 0.12632 0.13684 0.14737 0.15789 0.16842 0.17895 0.18947 0.20000 
0.00000 0.01053 0.02105 0.03158 0.04211 0.05263 0.06316 0.07368 0.08421 0.09474 0.10526 0.11579 0.12632 0.13684 0.14737 0.15789 0.16842 0.17895 0.18947 0.20000 
0.00000 0.01053 0.02105 0.03158 0.04211 0.05263 0.06316 0.07368 0.08421 0.09474 0.10526 0.11579 0.12632 0.13684 0.14737 0.15789 0.16842 0.17895 0.18947 0.20000 
0.00000 0.01053 0.02105 0.03158 0.04211 0.05263 0.06316 0.07368 0.08421 0.09474 0.10526 0.11579 0.12632 0.13684 0.14737 0.15789 0.16842 0.17895 0.18947 0.20000 
0.00000 0.01053 0.02105 0.03158 0.04211 0.05263 0.06316 0.07368 0.08421 0.09474 0.10526 0.11579 0.12632 0.13684 0.14737 0.15789 0.16842 0.17895 0.18947 0.20000 
0.00000 0.01053 0.02105 0.03158 0.04211 0.05263 0.06316 0.07368 0.08421 0.09474 0.10526 0.11579 0.12632 0.13684 0.14737 0.15789 0.16842 0.17895 0.18947 0.20000 
0.00000 0.01053 0.02105 0.03158 0.04211 0.05263 0.06316 0.07368 0.08421 0.09474 0.10526 0.11579 0.12632 0.13684 0.14737 0.15789 0.16842 0.17895 0.18947 0.20000 
0.00000 0.01053 0.02105 0.03158 0.04211 0.05263 0.06316 0.07368 0.08421 0.09474 0.10526 0.11579 0.12632 0.13684 0.14737 0.15789 0.16842 0.17895 0.18947 0.20000 
0.00000 0.01053 0.02105 0.03158 0.04211 0.05263 0.06316 0.07368 0.08421 0.09474 0.10526 0.11579 0.12632 0.13684 0.14737 0.15789 0.16842 0.17895 0.18947 0.20000 
0.00000 0.01053 0.02105 0.03158 0.04211 0.05263 0.06316 0.07368 0.08421 0.09474 0.10526 0.11579 0.12632 0.13684 0.14737 0.15789 0.16842 0.17895 0.18947 0.20000 
0.00000 0.01053 0.02105 0.03158 0.04211 0.05263 0.06316 0.07368 0.08421 0.09474 0.10526 0.11579 0.12632 0.13684 0.14737 0.15789 0.16842 0.17895 0.18947 0.20000 
0.00000 0.01053 0.02105 0.03158 0.04211 0.05263 0.06316 0.07368 0.08421 0.09474 0.10526 0.11579 0.12632 0.13684 0.14737 0.15789 0.16842 0.17895 0.18947 0.20000 
0.00000 0.01053 0.02105 0.03158 0.04211 0.05263 0.06316 0.07368 0.08421 0.09474 0.10526 0.11579 0.12632 0.13684 0.14737 0.15789 0.16842 0.17895 0.18947 0.20000 
0.00000 0.01053 0.02105 0.03158 0.04211 0.05263 0.06316 0.07368 0.08421 0.09474 0.10526 0.11579 0.12632 0.13684 0.14737 0.15789 0.16842 0.17895 0.18947 0.20000 
0.00000 0.01053 0.02105 0.03158 0.04211 0.05263 0.06316 0.07368 0.08421 0.09474 0.10526 0.11579 0.12632 0.13684 0.14737 0.15789 0.16842 0.17895 0.18947 0.20000 
0.00000 0.01053 0.02105 0.03158 0.04211 0.05263 0.06316 0.07368 0.08421 0.09474 0.10526 0.11579 0.12632 0.13684 0.14737 0.15789 0.16842 0.17895 0.18947 0.20000 
0.00000 0.01053 0.02105 0.03158 0.04211 0.05263 0.06316 0.07368 0.08421 0.09474 0.10526 0.11579 0.12632 0.13684 0.14737 0.15789 0.16842 0.17895 0.18947 0.20000 
0.00000 0.01053 0.02105 0.03158 0.04211 0.05263 0.06316 0.07368 0.08421 0.09474 0.10526 0.11579 0.12632 0.13684 0.14737 0.15789 0.16842 0.17895 0.18947 0.20000 
0.00000 0.01053 0.02105 0.03158 0.04211 0.05263 0.06316 0.07368 0.08421 0.09474 0.10526 0.11579 0.12632 0.13684 0.14737 0.15789 0.16842 0.17895 0.18947 0.20000 
0.00000 0.01053 0.02105 0.03158 0.04211 0.05263 0.06316 0.07368 0.08421 0.09474 0.10526 0.11579 0.12632 0.13684 0.14737 0.15789 0.16842 0.17895 0.18947 0.20000 
0.00000 0.01053 0.02105 0.03158 0.04211 0.05263 0.06316 0.07368 0.08421 0.09474 0.10526 0.11579 0.12632 0.13684 0.14737 0.15789 0.16842 0.17895 0.18947 0.20000 
0.00000 0.01053 0.02105 0.03158 0.04211 0.05263 0.06316 0.07368 0.08421 0.09474 0.10526 0.11579 0.12632 0.13684 0.14737 0.15789 0.16842 0.17895 0.18947 0.20000 
0.00000 0.01053 0.02105 0.03158 0.04211 0.05263 0.06316 0.07368 0.08421 0.09474 0.10526 0.11579 0.12632 0.13684 0.14737 0.15789 0.16842 0.17895 0.18947 0.20000 
0.00000 0.01053 0.02105 0.03158 0.04211 0.05263 0.06316 0.07368 0.08421 0.09474 0.10526 0.11579 0.12632 0.13684 0.14737 0.15789 0.16842 0.17895 0.18947 0.20000 
0.00000 0.01053 0.02105 0.03158 0.04211 0.05263 0.06316 0.07368 0.08421 0.09474 0.10526 0.11579 0.12632 0.13684 0.14737 0.15789 0.16842 0.17895 0.18947 0.20000 
0.00000 0.01053 0.02105 0.03158 0.04211 0.05263 0.06316 0.07368 0.08421 0.09474 0.10526 0.11579 0.12632 0.13684 0.14737 0.15789 0.16842 0.17895 0.18947 0.20000 
0.00000 0.01053 0.02105 0.03158 0.04211 0.05263 0.06316 0.07368 0.08421 0.09474 0.10526 0.11579 0.12632 0.13684 0.14737 0.15789 0.16842 0.17895 0.18947 0.20000 
0.00000 0.01053 0.02105 0.03158 0.04211 0.05263 0.06316 0.07368 0.08421 0.09474 0.10526 0.11579 0.12632 0.13684 0.14737 0.15789 0.16842 0.17895 0.18947 0.20000 
0.00000 0.01053 0.02105 0.03158 0.04211 0.05263 0.06316 0.07368 0.08421 0.09474 0.10526 0.11579 0.12632 0.13684 0.14737 0.15789 0.16842 0.17895 0.18947 0.20000 
0.00000 0.01053 0.02105 0.03158 0.04211 0.05263 0.06316 0.07368 0.08421 0.09474 0.10526 0.11579 0.12632 0.13684 0.14737 0.15789 0.16842 0.17895 0.18947 0.20000 
0.00000 0.01053 0.02105 0.03158 0.04211 0.05263 0.06316 0.07368 0.08421 0.09474 0.10526 0.11579 0.12632 0.13684 0.14737 0.15789 0.16842 0.17895 0.18947 0.20000 
0.00000 0.01053 0.02105 0.03158 0.04211 0.05263 0.06316 0.07368 0.08421 0.09474 0.10526 0.11579 0.12632 0.13684 0.14737 0.15789 0.16842 0.17895 0.18947 0.20000 
0.00000 0.01053 0.02105 0.03158 0.04211 0.05263 0.06316 0.07368 0.08421 0.09474 0.10526 0.11579 0.12632 0.13684 0.14737 0.15789 0.16842 0.17895 0.18947 0.20000 
0.00000 0.01053 0.02105 0.03158 0.04211 0.05263 0.06316 0.07368 0.08421 0.09474 0.10526 0.11579 0.12632 0.13684 0.14737 0.15789 0.16842 0.17895 0.18947 0.20000 
0.00000 0.01053 0.02105 0.03158 0.04211 0.05263 0.06316 0.07368 0.08421 0.09474 0.10526 0.11579 0.12632 0.13684 0.14737 0.15789 0.16842 0.17895 0.18947 0.20000 
0.00000 0.01053 0.02105 0.03158 0.04211 0.05263 0.06316 0.07368 0.08421 0.09474 0.10526 0.11579 0.12632 0.13684 0.14737 0.15789 0.16842 0.17895 0.18947 0.20000 
0.00000 0.01053 0.02105 0.03158 0.04211 0.05263 0.06316 0.07368 0.08421 0.09474 0.10526 0.11579 0.12632 0.13684 0.14737 0.15789 0.16842 0.17895 0.18947 0.20000 
0.00000 0.01053 0.02105 0.03158 0.04211 0.05263 0.06316 0.07368 0.08421 0.09474 0.10526 0.11579 0.12632 0.13684 0.14737 0.15789 0.16842 0.17895 0.18947 0.20000 
0.00000 0.01053 0.02105 0.03158 0.04211 0.05263 0.06316 0.07368 0.08421 0.09474 0.10526 0.11579 0.12632 0.13684 0.14737 0.15789 0.16842 0.17895 0.18947 0.20000 
0.00000 0.01053 0.02105 0.03158 0.04211 0.05263 0.06316 0.07368 0.08421 0.09474 0.10526 0.11579 0.12632 0.13684 0.14737 0.15789 0.16842 0.17895 0.18947 0.20000 
0.00000 0.01053 0.02105 0.03158 0.04211 0.05263 0.06316 0.07368 0.08421 0.09474 0.10526 0.11579 0.12632 0.13684 0.14737 0.15789 0.16842 0.17895 0.18947 0.20000 
0.00000 0.01053 0.02105 0.03158 0.04211 0.05263 0.06316 0.07368 0.08421 0.09474 0.10526 0.11579 0.12632 0.13684 0.14737 0.15789 0.16842 0.17895 0.18947 0.20000 
0.00000 0.01053 0.02105 0.03158 0.04211 0.05263 0.06316 0.07368 0.08421 0.09474 0.10526 0.11579 0.12632 0.13684 0.14737 0.15789 0.16842 0.17895 0.18947 0.20000 
0.00000 0.01053 0.02105 0.03158 0.04211 0.05263 0.06316 0.07368 0.08421 0.09474 0.10526 0.11579 0.12632 0.13684 0.14737 0.15789 0.16842 0.17895 0.18947 0.20000 
0.00000 0.01053 0.02105 0.03158 0.04211 0.05263 0.06316 0.07368 0.08421 0.09474 0.10526 0.11579 0.12632 0.13684 0.14737 0.15789 0.16842 0.17895 0.18947 0.20000 
0.00000 0.01053 0.02105 0.03158 0.04211 0.05263 0.06316 0.07368 0.08421 0.09474 0.10526 0.11579 0.12632 0.13684 0.14737 0.15789 0.16842 0.17895 0.18947 0.20000 
0.00000 0.01053 0.02105 0.03158 0.04211 0.05263 0.06316 0.07368 0.08421 0.09474 0.10526 0.11579 0.12632 0.13684 0.14737 0.15789 0.16842 0.17895 0.18947 0.20000 
