-0.0	0.2	0.4
-0.0	0.2	0.4
-51.60728 -17.57264 -12.28827 
-84.81974 -30.50202 -26.20402 
-114.41327 -27.16602 -41.50254 
-132.39507 -33.56097 -49.76864 
-152.75989 -34.88177 -62.45003 
-164.54551 -37.60306 -66.33529 
-176.34048 -32.17673 -69.33074 
-184.07431 -32.31830 -79.90574 
-185.37971 -34.90051 -84.08483 
-190.68891 -35.02814 -89.28926 
-194.13824 -31.57271 -93.38339 
-195.28001 -30.78649 -93.57135 
-193.65214 -28.64461 -92.58163 
-197.09573 -26.31299 -97.43171 
-202.29942 -25.11078 -98.12266 
-201.27241 -21.68637 -96.24902 
-202.61889 -16.21351 -100.05220 
-205.92425 -18.00558 -107.15019 
-205.21368 -20.37352 -107.04817 
-204.37844 -24.63056 -103.50071 
-206.18750 -30.02744 -106.75169 
-202.99655 -27.57791 -105.67203 
-202.70268 -25.37846 -109.56514 
-204.88071 -20.92092 -106.99276 
-202.88587 -18.76784 -113.65721 
-201.68970 -30.54391 -117.32975 
-202.23272 -25.80753 -118.98985 
-204.28552 -30.71316 -117.93891 
-204.17839 -27.85076 -117.47555 
-209.29692 -22.37199 -116.90978 
-211.32078 -18.63351 -115.38191 
-211.70813 -19.64596 -121.83843 
-214.60148 -17.14244 -120.15981 
-215.25057 -14.28392 -117.91513 
-214.09918 -12.10185 -121.70922 
-212.70390 -6.76320 -121.50058 
-209.46058 -11.98614 -119.80262 
-211.91675 -20.83564 -121.12855 
-216.48264 -16.59555 -120.04254 
-218.87172 -13.65908 -120.99202 
-217.68905 -16.55746 -122.00673 
-216.30942 -18.31114 -126.72324 
-214.43175 -18.06255 -129.77114 
-214.46901 -13.56603 -127.54776 
-216.74499 -11.79127 -125.32924 
-218.10005 -7.96374 -124.45863 
-218.36038 -7.86774 -121.96067 
-219.42425 -5.97165 -119.40918 
-227.70790 -0.45219 -117.73429 
-223.71179 -3.94581 -115.77438 
-220.20159 -6.22844 -112.29566 
-218.15709 -8.54889 -112.83909 
-221.68117 -8.13695 -109.58618 
-218.40085 -7.84959 -109.81598 
-215.58760 -7.57468 -109.05937 
-214.54770 -11.99740 -112.65789 
-219.07202 -11.49834 -111.35344 
-215.75052 -9.94820 -110.72622 
-215.76478 -9.40510 -112.89014 
-216.06770 -11.43382 -112.61784 
-222.29303 -9.12169 -115.86306 
-218.37127 -16.09523 -117.45411 
-217.03661 -11.40411 -117.02216 
-216.27053 -13.89380 -116.99745 
-214.86311 -13.31017 -117.09175 
-214.80922 -11.43138 -117.61634 
-216.23885 -11.84810 -120.10179 
-214.66663 -6.31847 -119.81881 
-212.92636 -4.38365 -121.21141 
-212.18599 -0.97340 -118.00879 
-210.81342 -13.49460 -115.50502 
-213.08025 -9.70529 -114.58433 
-210.22110 -15.97164 -113.07431 
-211.31260 -15.95303 -115.79011 
-212.33895 -11.10062 -117.55948 
-212.80036 -14.16091 -118.01387 
-213.84565 -15.98255 -119.36501 
-214.17092 -13.56580 -125.04473 
-212.23265 -17.94334 -126.44143 
-214.40346 -16.15560 -129.17697 
-211.30249 -15.91999 -130.84307 
-211.01877 -17.25440 -128.13962 
-214.16469 -15.59996 -129.07597 
-213.46828 -22.98986 -127.43505 
-214.91095 -25.75022 -125.13692 
-214.05159 -29.94645 -123.02097 
-216.22216 -24.67778 -129.06022 
-217.61517 -23.46107 -130.77338 
-213.16565 -20.75189 -129.71710 
-214.33405 -16.53448 -133.49716 
-212.11168 -23.64897 -132.28136 
-210.99139 -21.81173 -132.05413 
-211.29064 -23.98462 -130.80164 
-212.60797 -22.17126 -135.72991 
-213.72215 -20.60903 -131.53518 
-212.64052 -24.12290 -132.93750 
-211.21433 -25.31834 -133.08639 
-207.94513 -29.19270 -133.14040 
-208.26903 -28.17320 -132.60271 
-207.38312 -32.09153 -128.18369 
