0.05781764481524436
0.056824568757157815
0.05898200646278387
0.03954878731609363
0.039874992540633404
0.02759780444175057
0.025933240207355452
0.03322225366561944
0.020984832561451262
0.031113687023331695
0.019971287612090775
0.0032160507081461388
0.009422022920164539
0.02344052445774437
0.012612299504232484
0.013176027732732947
0.023460234664334407
0.03735112527144559
0.002782969785079625
0.02295150993691562
0.01587086332989059
0.012964214731867957
0.016011025762285254
0.014722189682712486
0.02414284010503417
0.016445762465654212
0.010410173739400211
0.0070749415926344445
0.005231650589345044
0.013050388486608597
0.010377923519601406
0.022894116821464104
0.00939123175530297
0.013777131086275214
0.015259152472176428
0.012759877996043523
0.016322365225336713
0.011592998798146547
0.012162168714387644
0.008290373511549555
0.006505608706999482
0.020112146676458057
0.01495557900545166
0.015159227539824812
0.015040489672497881
0.0068409920601008
0.01190592631848201
0.013312805252327083
0.016983351358639234
0.020678865241473224
0.0237000630924145
0.006775528308761244
0.015473109916233968
0.011099133566244665
0.011225974617074301
0.016432389230585348
0.010428914873447713
0.013776689287330383
0.00992473678678606
0.001828269460304819
0.025040242641541154
0.014287904298928508
0.011426003929833041
0.002590920103700953
0.004352987952885393
0.0032881122502271152
0.01248310156161946
0.015342446434838914
0.007378009328530886
0.021387104263185772
0.014086652097486649
0.007867261769421412
0.01323691812432897
0.011161803524962382
0.010865255146224745
0.004402718958407787
0.00796615143471018
0.025625229680593258
0.007354189363991527
0.014128628274316051
0.010982779716384717
0.013634814760218043
0.00921319416574301
0.010395972348610234
0.010050095024395763
0.0101377275326359
0.02545415974732757
0.00904526053312651
0.019927116284855342
0.019811757757167592
0.011218767804681194
0.005155089010742995
0.006803044491310827
0.02672815260653175
0.02361083250221454
0.009494494576056696
0.004550001338345707
0.011478950871870435
0.0031327292259059523
0.024229865514083713
