7.279
7.311
7.268
7.304
8.737
8.746
8.743
8.774
10.607
10.607
10.658
10.656
12.953
12.953
12.983
12.981
15.772
15.755
15.766
15.755
18.932
18.927
18.929
18.931
22.330
22.330
22.333
22.327
25.775
25.771
25.764
25.754
29.019
29.016
29.027
29.022
31.958
31.965
31.959
31.956
34.479
34.493
34.473
34.489
36.556
36.560
36.562
36.568
38.245
38.235
38.232
38.234
39.557
39.558
39.562
39.566
40.611
40.623
40.611
40.611
41.453
41.455
41.461
41.450
44.243
44.246
44.243
44.244
44.243
44.248
44.244
44.241
44.242
44.244
44.242
44.245
44.242
44.246
44.244
44.241
44.244
44.246
44.243
44.245
44.242
44.243
44.243
44.246
44.242
44.245
44.245
44.243
44.241
44.246
44.243
44.241
44.244
44.247
44.244
44.245
44.246
44.246
44.245
44.245
44.245
44.244
44.247
44.245
44.241
44.245
44.241
44.245
44.245
44.244
44.243
44.244
44.242
44.242
44.242
44.244
44.245
44.245
44.244
44.245
45.771
45.772
45.772
45.775
45.771
45.775
45.775
45.774
45.776
45.774
45.776
45.772
45.773
45.771
45.771
45.772
45.772
45.774
45.775
45.773
45.773
45.776
45.775
45.773
45.776
45.773
45.775
45.774
45.773
45.775
45.772
45.773
45.771
45.771
45.772
45.773
45.774
45.771
45.773
45.772
45.774
45.776
45.774
45.772
45.773
45.773
45.773
45.775
45.774
45.776
45.776
45.774
45.771
45.774
45.774
45.773
45.775
45.774
45.772
45.775
46.071
46.075
46.074
46.075
46.075
46.072
46.072
46.074
46.073
46.072
46.073
46.074
46.073
46.074
46.076
46.074
46.075
46.073
46.074
46.073
46.076
46.073
46.073
46.075
46.075
46.073
46.074
46.075
46.072
46.073
46.074
46.073
46.073
46.075
46.075
46.075
46.073
46.071
46.075
46.075
46.075
46.076
46.073
46.074
46.073
46.075
46.074
46.076
46.075
46.071
46.075
46.072
46.073
46.076
46.074
46.076
46.073
46.074
46.076
46.076
46.150
46.150
46.149
46.148
46.146
46.148
46.149
46.148
46.150
46.148
46.151
46.150
46.150
46.148
46.152
46.150
46.151
46.150
46.149
46.151
46.148
46.151
46.150
46.148
46.151
46.149
46.150
46.145
46.150
46.150
46.146
46.150
46.148
46.148
46.148
46.148
46.149
46.151
46.152
46.149
46.148
46.148
46.146
46.150
46.147
46.148
46.150
46.151
46.149
46.149
46.151
46.149
46.148
46.149
46.147
46.151
46.150
46.149
46.149
46.146
46.172
46.168
46.172
46.171
46.170
46.170
46.170
46.169
46.169
46.167
46.169
46.171
46.170
46.168
46.170
46.172
46.171
46.170
46.170
46.171
46.168
46.170
46.171
46.172
46.169
46.171
46.172
46.168
46.169
46.171
46.171
46.167
46.168
46.170
46.169
46.170
46.172
46.169
46.170
46.171
46.169
46.169
46.172
46.169
46.172
46.169
46.172
46.172
46.168
46.171
46.173
46.170
46.168
46.168
46.169
46.171
46.171
46.169
46.169
46.171
46.176
46.177
46.175
46.177
46.177
46.178
46.176
46.176
46.177
46.177
46.174
46.176
46.177
46.177
46.175
46.176
46.174
46.175
46.176
46.176
46.175
46.177
46.177
46.178
46.175
46.177
46.174
46.178
46.176
46.172
46.173
46.176
46.177
46.179
46.174
46.175
46.180
46.180
46.175
46.176
46.174
46.177
46.174
46.177
46.177
46.174
46.174
46.176
46.176
46.177
46.173
46.177
46.177
46.175
46.176
46.177
46.175
46.175
46.176
46.175
46.179
46.178
46.178
46.176
46.177
46.178
46.174
46.176
46.179
46.179
46.180
46.178
46.177
46.178
46.179
46.175
46.178
46.180
46.178
46.179
46.179
46.178
46.179
46.177
46.180
46.180
46.177
46.179
46.178
46.179
46.178
46.179
46.180
46.179
46.179
46.176
46.176
46.175
46.177
46.179
46.178
46.175
46.178
46.179
46.179
46.178
46.175
46.177
46.179
46.179
46.179
46.176
46.176
46.178
46.177
46.179
46.179
46.176
46.178
46.176
46.177
46.179
46.178
46.178
46.176
46.179
46.179
46.176
46.179
46.181
46.177
46.177
46.178
46.178
46.177
46.178
46.175
46.175
46.180
46.180
46.177
46.180
46.181
46.177
46.177
46.179
46.180
46.182
46.178
46.177
46.177
46.177
46.178
46.178
46.179
46.179
46.175
46.178
46.180
46.177
46.177
46.177
46.180
46.178
46.177
46.178
46.177
46.179
46.178
46.180
46.177
46.177
46.178
46.178
46.175
46.176
46.177
46.181
46.181
46.180
46.178
46.175
46.177
46.177
46.179
46.179
46.179
46.176
46.177
46.181
46.181
46.179
46.177
46.178
46.178
46.179
46.179
46.180
46.177
46.180
46.177
46.176
46.180
46.182
46.177
46.177
46.177
46.178
46.175
46.179
46.177
46.179
46.180
46.177
46.178
46.176
46.179
46.176
46.180
46.179
46.180
46.180
46.179
46.179
46.179
46.179
46.178
46.179
46.178
46.178
46.178
46.180
46.180
46.178
46.180
46.177
46.180
46.179
46.178
46.177
46.178
46.179
46.177
46.180
46.178
46.178
46.178
46.180
46.177
46.178
46.175
46.181
46.176
46.177
46.177
46.179
46.180
46.179
46.180
46.176
46.176
46.180
46.178
46.175
46.179
46.179
46.179
46.178
46.179
46.177
46.178
46.179
46.177
46.180
46.177
46.176
46.176
46.178
46.178
46.179
46.180
46.176
46.175
46.176
46.181
46.176
46.179
46.176
46.178
46.175
46.179
46.181
46.179
46.175
46.178
46.178
46.181
46.180
46.176
46.176
46.178
46.177
46.178
46.178
46.177
46.179
46.180
46.177
46.177
46.179
46.180
46.180
46.177
46.177
46.177
46.180
46.180
46.178
46.179
46.180
46.176
46.181
46.180
46.177
46.178
46.179
46.176
46.179
46.181
46.178
46.177
46.178
46.180
46.177
46.179
46.176
46.180
46.181
46.177
46.179
46.176
46.176
46.180
46.179
46.179
46.181
46.180
46.178
46.180
46.178
46.177
46.181
46.181
46.180
46.181
46.181
46.177
46.177
46.180
46.179
46.176
46.177
46.179
46.177
46.180
46.178
46.177
46.179
46.179
46.178
46.178
46.177
46.181
46.180
46.176
46.176
46.181
46.180
46.178
46.178
46.176
46.178
46.177
46.178
46.180
46.175
46.179
46.178
46.180
46.176
46.177
46.177
46.179
46.179
46.179
46.178
46.180
46.177
46.178
46.177
46.179
46.178
46.177
46.178
46.177
46.177
46.178
46.178
46.177
46.178
46.179
46.179
46.179
46.181
46.179
46.179
46.179
46.176
46.176
46.178
46.176
46.179
46.178
46.178
46.177
46.178
46.180
46.180
46.180
46.178
46.180
46.180
46.180
46.178
46.178
46.179
46.177
46.176
46.177
46.178
46.181
46.178
46.179
46.178
46.177
46.175
46.179
46.176
46.178
46.176
46.179
46.177
46.181
46.179
46.179
46.181
46.180
46.180
46.179
46.176
46.179
46.177
46.179
46.179
46.177
46.176
46.182
46.177
46.180
46.176
46.178
46.176
46.178
46.180
46.179
46.181
46.183
46.178
46.180
46.178
46.180
46.178
46.180
46.174
46.178
46.176
46.179
46.179
46.176
46.182
46.179
46.178
46.178
46.176
46.180
46.179
46.180
46.176
46.180
46.178
46.178
46.176
46.176
46.179
46.179
46.178
46.180
46.178
46.179
46.178
46.180
46.179
46.177
46.177
46.179
46.178
46.178
46.180
46.179
46.177
46.176
46.177
46.179
46.179
46.177
46.179
46.177
46.177
46.178
46.177
46.178
46.178
46.177
46.176
46.180
46.177
46.179
46.178
46.179
46.176
46.178
46.181
46.179
46.179
46.179
46.181
46.178
46.179
46.182
46.175
46.178
46.175
46.177
46.176
46.177
46.179
46.177
46.178
46.180
46.179
46.177
46.181
46.178
46.180
46.177
46.179
46.178
46.177
46.178
46.175
46.179
46.177
46.178
46.179
46.181
46.179
46.179
46.178
46.175
46.176
46.179
46.180
46.176
46.178
46.178
46.177
46.179
46.178
46.177
46.178
46.176
46.178
46.179
46.180
46.181
46.175
46.176
46.177
46.177
46.178
46.180
46.179
46.177
46.178
46.177
46.177
46.177
46.178
46.176
46.178
46.179
46.179
46.176
46.180
46.180
46.181
46.180
46.178
46.179
46.179
46.179
46.181
46.176
46.176
46.178
46.175
46.178
46.178
46.177
46.176
46.178
46.176
46.176
46.176
46.177
46.179
46.178
46.180
46.181
46.179
46.182
46.177
46.179
46.179
46.180
46.178
46.175
46.180
46.178
46.179
46.178
46.177
46.178
46.179
46.181
46.176
46.180
46.178
46.177
46.179
