0.920
0.907
0.932
0.881
0.956
0.944
0.931
1.047
1.051
1.007
1.129
1.119
1.169
1.207
1.276
1.324
1.258
1.298
1.348
1.414
1.455
1.478
1.499
1.558
1.546
1.457
1.623
1.669
1.695
1.628
1.810
1.791
1.854
1.895
1.841
1.891
1.917
2.053
1.964
1.990
2.046
2.077
2.170
2.135
2.049
2.130
2.176
2.373
2.254
2.316
2.351
2.445
2.444
2.371
2.446
2.381
2.440
2.511
2.574
2.495
2.618
2.579
2.691
2.669
2.636
2.640
2.679
2.752
2.644
2.759
2.800
2.814
2.804
2.937
2.889
2.793
2.899
2.967
2.970
2.928
2.899
3.060
2.963
3.045
3.111
3.093
2.991
2.939
3.137
3.120
3.131
3.077
3.203
3.226
3.182
3.097
3.070
3.237
3.238
3.135
3.207
3.209
3.233
3.144
3.188
3.231
3.267
3.224
3.179
3.187
3.187
3.197
3.239
3.276
3.287
3.328
3.324
3.329
3.322
3.268
3.323
3.296
3.367
3.291
3.346
3.263
3.430
3.298
3.214
3.411
3.316
3.386
3.345
3.332
3.287
3.268
3.404
3.376
3.403
3.300
3.335
3.311
3.343
3.306
3.307
3.422
3.340
3.352
3.339
3.270
3.404
3.357
3.399
3.360
3.269
3.269
3.391
3.356
3.393
3.376
3.326
3.263
3.355
3.291
3.347
3.393
3.298
3.260
3.404
3.356
3.386
3.331
3.380
3.379
3.346
3.422
3.393
3.293
3.318
3.228
3.325
3.251
3.332
3.269
3.261
3.375
3.282
3.319
3.257
3.397
3.271
3.285
3.275
3.374
3.294
3.304
3.468
3.283
3.302
3.251
3.326
3.284
3.292
3.297
3.237
3.307
3.250
3.222
3.284
3.254
3.351
3.304
3.320
3.323
3.232
3.250
3.332
3.140
3.314
3.367
3.219
3.267
3.177
3.289
3.317
3.334
3.186
3.234
3.233
3.349
3.236
3.261
3.254
3.270
3.271
3.329
3.305
3.342
3.327
3.352
3.209
3.275
3.245
3.262
3.295
3.201
3.282
3.250
3.303
3.234
3.324
3.261
3.212
3.225
3.297
3.277
3.199
3.254
3.209
3.162
3.275
3.223
3.142
3.225
3.231
3.304
3.216
3.236
3.229
3.190
3.245
3.226
3.183
3.170
3.190
3.249
3.222
3.207
3.207
3.285
3.189
3.234
3.167
3.076
3.197
3.183
3.248
3.215
3.212
3.188
3.267
3.201
3.194
3.194
3.232
3.156
3.199
3.246
3.199
3.178
3.217
3.236
3.222
3.117
3.118
3.252
3.238
3.242
3.171
3.172
3.270
3.167
3.218
3.187
3.184
3.288
3.187
3.131
3.214
3.183
3.238
3.209
3.259
3.074
3.129
3.153
3.231
3.133
3.125
3.140
3.156
3.213
3.209
3.215
3.181
3.156
3.102
3.224
3.156
3.138
3.150
3.197
3.157
3.132
3.208
3.216
3.187
3.205
3.225
3.191
3.131
3.221
3.161
3.142
3.163
3.060
3.172
3.204
3.180
3.192
3.213
3.049
3.176
3.211
3.067
3.154
3.107
3.225
3.211
3.216
3.156
3.156
3.175
3.143
3.268
3.107
3.203
3.118
3.058
3.210
3.237
3.191
3.242
3.113
3.181
3.160
3.172
3.166
3.171
3.179
3.160
3.105
3.227
3.135
3.188
3.136
3.150
3.129
3.204
3.223
3.115
3.154
3.216
3.167
3.145
3.159
3.151
3.104
3.122
3.208
3.289
3.161
3.249
3.046
3.243
3.173
3.190
3.155
3.064
3.149
3.165
3.157
3.204
3.167
3.232
3.113
3.175
3.134
3.176
3.158
3.106
3.115
3.231
3.190
3.139
3.083
3.146
3.218
3.115
3.173
3.118
3.171
3.135
3.174
3.038
3.148
3.256
3.065
3.012
3.091
3.282
3.158
3.167
3.211
3.210
3.224
3.213
3.172
3.174
3.089
3.069
3.209
3.093
3.098
3.163
3.181
3.120
3.085
3.101
3.201
2.994
3.193
3.142
3.185
3.122
3.141
3.253
3.049
3.220
3.234
3.077
3.073
3.221
3.103
3.180
3.146
3.188
3.167
3.123
3.122
3.043
3.104
3.266
3.200
3.184
3.212
3.184
3.189
3.169
3.111
3.071
3.185
3.139
3.125
3.174
3.143
3.133
3.109
3.155
3.182
3.178
3.268
3.132
3.135
3.040
3.110
3.199
3.056
3.093
3.140
3.213
3.127
3.042
3.273
3.193
3.245
3.163
3.111
3.079
3.165
3.107
3.209
3.154
3.080
3.178
3.106
3.157
3.070
3.102
3.108
3.204
3.081
3.088
3.199
3.239
3.036
3.115
3.083
3.152
3.128
3.133
3.180
3.122
3.167
3.160
3.128
3.125
3.165
3.148
3.125
3.155
3.172
3.138
3.116
3.122
3.133
3.095
3.171
3.205
3.084
3.076
3.128
3.147
3.079
3.191
3.222
3.109
3.162
3.211
3.130
3.120
3.090
3.181
3.153
3.223
3.086
3.066
3.160
3.180
3.172
3.190
3.118
3.163
3.081
3.160
3.048
3.165
3.241
3.179
3.127
3.057
3.216
3.108
3.108
3.125
3.169
3.245
3.138
3.095
3.258
3.201
3.190
3.023
3.196
3.247
3.124
3.089
3.284
3.165
3.158
3.121
3.193
3.126
3.162
3.150
3.052
3.148
3.143
3.151
3.172
3.055
3.140
3.321
3.144
3.190
3.112
3.203
3.120
3.177
3.187
3.128
3.184
3.178
3.118
3.174
3.197
3.138
3.093
3.062
3.250
3.195
3.194
3.075
3.159
3.191
3.170
3.227
3.231
3.128
3.058
3.141
3.159
3.056
3.046
3.266
3.136
3.206
3.161
3.137
3.125
3.169
3.155
3.059
3.232
3.101
3.167
3.152
3.230
3.139
3.166
3.170
3.176
3.131
3.251
3.224
3.250
3.167
3.212
3.225
3.104
3.214
3.284
3.127
3.195
3.211
3.214
3.137
3.129
3.239
3.219
3.198
3.152
3.215
3.102
3.177
3.142
3.113
3.137
3.128
3.151
3.146
3.186
3.195
3.237
3.194
3.172
3.245
3.165
3.079
3.154
3.102
3.142
3.147
3.166
3.217
3.149
3.241
3.165
3.143
3.213
3.115
3.144
3.117
3.122
3.204
3.236
3.265
3.152
3.080
3.202
3.202
3.161
3.144
3.176
3.138
3.154
3.131
3.190
3.204
3.151
3.128
3.284
3.280
3.236
3.293
3.143
3.124
3.146
3.202
3.169
3.177
3.150
3.244
3.176
3.200
3.135
3.210
3.186
3.263
3.238
3.114
3.191
3.255
3.243
3.193
3.129
3.136
3.112
3.108
3.071
3.255
3.191
3.241
3.140
3.235
3.107
3.160
3.284
3.208
3.190
3.166
3.281
3.108
3.083
3.181
3.226
3.200
3.205
3.291
3.202
3.146
3.258
3.211
3.203
3.157
3.221
3.093
3.191
3.208
3.261
3.218
3.212
3.208
3.247
3.251
3.166
3.217
3.214
3.162
3.297
3.199
3.168
3.181
3.204
3.200
3.152
3.219
3.176
3.240
3.252
3.193
3.221
3.164
3.175
3.166
3.227
3.169
3.198
3.120
3.305
3.146
3.299
3.208
3.160
3.215
3.155
3.222
3.176
3.224
3.118
3.248
3.149
3.173
3.233
3.193
3.318
3.163
3.100
3.108
3.269
3.236
3.302
3.295
3.129
3.139
3.140
3.112
3.177
3.158
3.290
3.112
3.203
3.256
3.102
3.166
3.193
3.190
3.178
3.172
3.159
3.165
3.195
3.229
3.224
3.241
3.241
3.200
3.223
3.120
3.197
3.198
3.103
3.211
3.267
3.054
3.240
3.143
3.111
3.210
3.179
3.211
3.203
3.167
3.280
3.204
3.274
3.242
3.222
3.185
3.268
3.208
3.185
3.194
3.219
3.177
3.060
3.231
3.144
3.155
3.224
3.195
3.198
3.123
3.274
3.164
3.216
3.192
3.182
3.291
3.220
3.089
3.230
3.207
3.204
3.299
3.217
3.255
3.254
3.165
3.148
3.229
3.138
3.194
3.222
3.212
3.212
3.172
3.253
3.256
3.230
3.239
3.197
3.283
3.309
3.247
3.250
3.219
3.257
3.142
3.106
3.282
3.236
3.248
3.324
3.276
3.153
3.255
3.244
3.143
3.224
3.146
3.254
3.151
3.310
3.268
3.207
3.239
3.157
3.229
3.204
3.260
3.189
3.090
3.243
3.151
3.250
3.209
3.208
3.250
3.177
3.197
3.173
3.211
3.198
3.202
3.213
3.197
3.326
3.232
3.139
3.191
3.296
3.291
3.153
3.176
3.156
3.290
3.237
3.228
3.239
3.125
3.253
3.168
3.200
3.175
3.253
3.284
3.286
3.266
3.208
3.125
3.227
3.333
3.337
