3.848
3.791
3.825
4.002
3.293
3.402
3.642
4.316
3.215
4.615
3.960
3.718
3.652
3.113
4.118
3.502
4.698
3.660
3.742
3.584
4.350
3.022
3.599
3.795
3.717
3.280
3.800
3.841
3.002
3.718
3.113
4.226
4.368
3.278
3.777
3.848
5.048
4.373
3.780
4.012
4.248
4.179
3.733
4.264
3.661
2.938
3.867
3.610
3.576
3.245
4.002
3.419
3.316
3.670
4.063
4.348
3.578
3.457
5.502
4.564
4.200
3.691
3.787
3.968
3.892
3.619
4.527
5.201
3.772
3.897
4.573
4.927
4.307
4.595
3.840
4.880
4.211
3.834
4.301
3.743
4.599
4.173
3.552
4.085
3.653
4.006
4.730
4.237
4.718
5.018
4.039
3.943
4.415
4.642
4.535
4.141
4.322
4.390
4.453
4.193
3.730
3.695
5.076
3.293
4.118
3.907
4.226
4.441
3.904
3.365
3.770
3.783
3.841
4.121
4.621
3.538
4.033
4.895
3.894
3.398
4.297
4.248
4.810
4.868
4.622
4.394
4.115
3.324
3.981
4.416
4.497
4.474
4.725
4.746
3.815
4.077
4.824
4.189
4.014
4.215
4.629
4.436
4.819
3.611
3.698
3.184
4.009
4.127
4.197
4.436
4.025
4.932
4.449
5.733
4.598
3.733
4.759
4.390
4.003
4.223
4.207
4.268
3.972
3.803
4.749
4.538
3.881
4.613
4.336
3.751
4.111
3.782
4.458
4.185
4.571
4.692
4.962
4.451
5.422
4.674
3.298
4.481
5.049
4.819
4.792
4.194
4.488
4.133
5.050
4.601
4.420
4.259
4.237
3.860
4.861
4.066
4.089
4.625
4.476
5.073
5.320
3.992
4.234
4.782
4.349
4.806
3.576
4.811
3.780
4.407
4.681
4.919
4.386
5.265
4.343
4.872
5.011
4.475
4.672
4.687
4.604
5.120
4.566
4.567
4.516
4.852
4.886
4.254
4.471
5.163
4.614
4.898
4.589
3.974
5.421
4.443
4.955
4.457
3.593
5.195
5.119
4.514
4.522
4.494
4.938
5.092
4.136
3.787
4.677
4.621
4.152
5.149
5.550
4.660
5.469
5.181
4.779
5.180
5.374
4.580
4.827
4.702
4.715
5.524
5.673
4.531
5.017
4.932
4.879
4.185
4.432
4.307
4.308
4.511
4.984
5.359
5.475
5.461
5.506
4.659
5.194
4.383
5.283
3.968
4.748
4.656
4.879
5.004
5.192
5.867
5.922
4.402
5.034
6.014
4.811
4.907
5.079
5.407
5.537
4.561
4.633
4.512
4.835
5.238
5.100
5.990
6.194
4.926
4.720
5.160
5.048
5.218
5.053
5.438
5.625
5.165
4.294
5.941
4.825
5.127
4.257
5.394
4.992
4.947
5.306
5.317
5.451
4.863
4.696
5.150
5.788
4.677
4.751
4.968
5.019
4.970
5.648
5.027
5.260
4.980
4.863
5.239
6.071
5.037
5.670
5.459
4.885
4.553
6.263
4.943
5.013
5.127
4.704
4.910
5.928
5.535
5.079
4.693
5.682
4.407
5.105
5.312
5.364
5.023
5.611
5.997
5.045
5.456
6.498
5.178
5.788
5.378
4.587
5.649
4.961
5.264
5.219
6.246
4.631
5.005
5.943
4.492
6.072
4.981
5.581
5.068
5.138
5.739
5.163
5.366
5.613
6.125
5.517
4.999
5.250
5.442
4.839
5.672
5.911
5.855
5.422
4.930
5.699
5.779
6.356
5.086
5.053
5.916
5.463
5.580
6.156
6.337
5.333
5.100
5.508
5.758
5.737
5.984
4.987
4.920
6.352
5.578
4.725
5.197
6.322
4.713
6.294
5.962
5.547
4.761
5.447
5.151
5.775
6.094
5.789
5.757
5.572
5.165
5.685
5.109
6.248
5.303
5.253
5.109
5.509
5.424
5.482
5.525
5.474
6.070
6.006
4.345
4.977
6.140
6.313
5.772
5.168
5.511
4.876
6.208
5.330
5.076
5.722
5.614
5.565
5.549
5.708
5.580
5.850
6.122
5.259
5.769
5.011
5.719
5.945
5.359
5.423
5.664
4.928
6.150
5.361
5.476
5.559
5.820
5.771
6.471
5.720
5.368
5.555
6.619
6.176
6.496
5.628
7.170
5.514
5.867
5.803
5.271
5.757
5.670
4.956
6.079
5.644
5.837
5.669
5.395
5.767
5.585
5.796
5.636
5.074
6.137
5.904
5.576
5.886
5.373
6.210
5.625
5.280
5.117
6.166
6.110
5.537
6.580
5.719
5.839
5.768
6.058
5.589
5.912
6.970
5.818
5.952
6.777
5.256
5.423
6.073
5.415
6.049
6.141
5.421
6.217
6.208
6.019
5.660
6.188
4.736
6.468
5.444
5.580
6.291
5.551
5.509
5.670
5.290
6.117
5.978
5.941
6.660
5.614
6.507
5.433
5.572
5.223
5.899
5.741
6.038
5.432
5.510
5.708
5.745
5.636
5.944
6.156
6.229
5.632
5.686
5.987
5.634
6.274
5.938
5.914
6.064
5.751
6.012
5.808
5.703
5.667
6.166
5.694
5.593
5.349
6.414
5.339
4.850
6.228
6.439
6.618
5.886
5.577
5.290
6.148
6.063
5.813
5.648
5.072
7.540
6.901
6.076
5.396
6.096
5.992
6.052
5.782
5.358
6.057
6.063
6.887
5.914
6.707
6.062
5.617
6.058
5.260
6.092
5.869
5.881
5.411
5.949
6.366
5.260
5.385
5.961
6.335
6.694
6.674
5.350
5.824
5.858
7.029
5.594
5.630
6.526
6.381
6.385
5.687
5.407
5.839
5.725
5.754
6.148
6.162
5.581
5.640
5.348
6.623
5.890
6.292
5.819
5.706
5.762
6.421
5.130
6.121
6.865
6.589
6.597
6.134
6.086
5.676
6.636
6.206
5.841
6.015
5.238
5.737
6.584
6.159
6.366
6.309
6.004
6.044
6.196
6.479
5.654
6.038
5.392
5.808
6.335
6.512
5.463
5.985
5.426
6.518
5.384
5.724
6.258
5.786
5.916
5.253
6.140
6.185
5.347
6.599
5.535
5.906
5.598
5.050
6.207
6.391
6.358
6.516
5.374
7.122
6.352
5.887
5.757
6.206
6.427
5.978
6.599
6.810
5.835
6.130
6.522
6.252
6.451
6.040
5.751
6.118
5.278
5.855
5.218
5.704
6.354
6.570
5.849
5.809
6.215
7.091
5.703
6.775
6.817
6.692
6.560
5.932
6.056
5.586
5.658
5.875
6.267
5.454
5.794
6.857
6.720
5.176
5.861
5.962
5.700
6.070
5.847
6.112
6.706
5.252
6.133
6.228
5.378
5.744
6.254
6.636
5.411
6.303
6.041
6.327
7.144
5.704
5.909
5.536
6.222
5.809
6.604
6.988
7.196
5.968
5.554
6.192
6.791
5.982
6.020
6.015
5.763
5.927
5.474
6.963
5.046
7.063
6.363
6.554
6.087
6.572
5.961
6.189
5.806
5.848
6.283
6.418
6.291
5.607
6.265
5.972
5.894
5.941
5.918
6.789
6.563
6.000
5.625
6.268
6.204
6.089
5.614
6.228
5.534
6.602
6.350
6.183
6.246
7.049
7.215
5.779
6.112
5.674
6.532
6.348
6.844
6.367
6.158
7.155
6.208
5.627
5.843
5.672
6.531
6.050
6.123
6.537
6.612
5.882
5.731
7.019
6.567
6.959
6.309
6.213
6.137
6.369
6.152
6.364
6.268
6.007
6.229
6.224
6.345
6.457
6.382
6.651
6.212
6.131
5.547
6.170
6.003
5.784
5.898
6.201
6.155
5.332
6.716
5.700
5.708
5.327
6.198
6.149
6.408
6.638
6.144
6.114
6.146
6.454
6.939
6.138
5.460
6.545
6.306
6.225
6.986
6.006
6.531
5.954
6.229
6.168
5.837
6.453
6.085
5.883
6.251
6.466
6.572
6.003
5.483
6.008
6.595
6.411
6.591
6.259
5.816
6.930
6.848
5.952
5.987
6.989
6.077
6.229
5.877
6.847
6.698
6.329
5.789
6.098
6.743
6.443
5.700
6.069
6.070
6.970
5.838
6.705
5.787
6.504
7.013
6.838
5.669
5.931
5.639
6.594
6.586
6.755
5.696
6.295
6.185
6.420
6.019
7.481
6.501
6.114
5.886
6.456
7.162
6.375
5.903
6.045
6.410
6.542
6.460
6.468
6.472
5.994
6.570
6.287
6.121
6.745
6.338
6.349
6.197
6.335
6.557
6.135
5.360
6.444
6.769
6.684
6.033
5.758
7.015
5.909
6.429
5.561
7.312
6.832
6.386
6.774
6.378
5.503
6.908
6.642
7.064
5.485
6.209
6.183
6.264
6.101
6.692
6.010
6.680
6.819
6.152
5.707
6.434
5.966
6.485
6.322
6.182
6.081
6.206
5.511
6.222
6.857
6.241
6.640
5.648
6.153
6.725
6.115
6.639
6.677
