-1.176e-02
-1.339e-02
-1.648e-02
-2.260e-02
-2.354e-02
-2.293e-02
-3.064e-02
-2.853e-02
-2.803e-02
-2.553e-02
-2.435e-02
-2.269e-02
-2.100e-02
-2.170e-02
-2.236e-02
-1.934e-02
-1.542e-02
-1.268e-02
-8.731e-03
-8.828e-03
-8.870e-03
-7.082e-03
-1.007e-02
-7.638e-03
-4.359e-03
-2.773e-03
6.057e-03
1.005e-02
3.976e-03
3.184e-03
-1.586e-03
-3.857e-03
-3.433e-03
-1.139e-03
4.697e-03
9.200e-03
1.138e-02
1.099e-02
1.485e-02
1.490e-02
1.809e-02
1.751e-02
1.796e-02
2.032e-02
1.797e-02
1.444e-02
1.507e-02
1.638e-02
1.575e-02
1.355e-02
1.291e-02
1.009e-02
1.166e-02
1.356e-02
4.780e-03
2.855e-03
1.243e-03
-2.077e-03
-9.328e-04
-2.675e-03
-1.876e-03
-6.577e-04
2.853e-03
3.256e-03
9.484e-03
7.830e-03
5.598e-03
-5.274e-03
-1.028e-02
-1.875e-02
-3.145e-02
-4.947e-02
-5.951e-02
-6.399e-02
-6.863e-02
-6.822e-02
-5.594e-02
-4.317e-02
-5.339e-02
-6.084e-02
-6.020e-02
-6.065e-02
-6.406e-02
-6.370e-02
-5.769e-02
-5.536e-02
-5.589e-02
-5.544e-02
-5.304e-02
-5.520e-02
-5.434e-02
-4.258e-02
-2.445e-02
-1.205e-02
-4.133e-03
-7.410e-04
3.134e-03
4.445e-03
3.626e-03
1.559e-03
-1.064e-03
1.129e-02
2.220e-02
3.327e-02
3.429e-02
3.034e-02
2.585e-02
2.378e-02
2.489e-02
2.655e-02
2.822e-02
2.643e-02
2.592e-02
2.500e-02
2.681e-02
2.412e-02
1.870e-02
1.320e-02
1.024e-02
1.282e-02
9.245e-03
3.794e-03
-3.449e-03
-4.374e-03
-1.061e-02
-1.563e-02
-4.204e-03
9.445e-03
1.571e-02
1.864e-02
2.053e-02
2.417e-02
1.416e-02
6.891e-04
-1.886e-03
-9.502e-03
-5.292e-03
-5.670e-03
-3.258e-03
-9.377e-03
-2.348e-02
-4.523e-02
-5.129e-02
-5.552e-02
-5.603e-02
-5.701e-02
-6.298e-02
-6.158e-02
-6.543e-02
-6.641e-02
-6.344e-02
-6.178e-02
-6.431e-02
-6.952e-02
-6.837e-02
-6.798e-02
-6.369e-02
-6.714e-02
-6.236e-02
-6.289e-02
-5.605e-02
-4.458e-02
-3.365e-02
-2.311e-02
-8.159e-03
-7.438e-04
-9.150e-04
-1.019e-02
-2.255e-02
-3.535e-02
-3.594e-02
-3.167e-02
-2.389e-02
-1.853e-03
1.582e-02
2.484e-02
2.744e-02
2.302e-02
2.273e-02
2.564e-02
2.247e-02
1.418e-02
4.950e-03
-5.112e-04
7.267e-04
-5.431e-03
-7.045e-03
-5.041e-03
-7.064e-03
-1.049e-02
-1.507e-02
-6.912e-03
-1.311e-02
-1.552e-02
-1.681e-02
-1.289e-02
-2.290e-02
-3.284e-02
-5.269e-02
-6.432e-02
-7.082e-02
-7.577e-02
-7.818e-02
-7.533e-02
-7.387e-02
-7.676e-02
-8.455e-02
-7.964e-02
-7.437e-02
-6.896e-02
-6.035e-02
-5.912e-02
-5.241e-02
-4.545e-02
-3.211e-02
-2.159e-02
-4.614e-03
3.247e-03
7.925e-03
1.784e-02
2.255e-02
2.520e-02
2.646e-02
2.733e-02
3.005e-02
3.123e-02
2.883e-02
2.606e-02
2.519e-02
2.387e-02
2.325e-02
2.366e-02
2.552e-02
2.705e-02
3.160e-02
3.019e-02
3.215e-02
3.232e-02
2.755e-02
2.682e-02
2.113e-02
2.415e-02
1.762e-02
-7.772e-05
-2.670e-02
-4.713e-02
-6.370e-02
-5.695e-02
-7.377e-02
-8.770e-02
-9.101e-02
-9.229e-02
-8.330e-02
-8.328e-02
-7.751e-02
-5.180e-02
-3.870e-02
-2.997e-02
-2.839e-02
-1.790e-02
-4.136e-03
6.663e-03
1.169e-02
1.668e-02
1.762e-02
1.440e-02
1.140e-02
1.209e-02
9.646e-03
-8.523e-03
-2.130e-02
-2.709e-02
-3.758e-02
-3.592e-02
-3.639e-02
-4.013e-02
-4.713e-02
-5.671e-02
-6.023e-02
-8.311e-02
-9.031e-02
-8.368e-02
-7.140e-02
-4.666e-02
-2.309e-02
-3.183e-03
3.626e-03
1.353e-02
1.652e-02
1.502e-02
1.247e-02
1.333e-02
9.471e-03
7.570e-03
1.217e-02
1.573e-02
1.921e-02
1.967e-02
1.808e-02
1.954e-02
1.586e-02
1.802e-02
2.935e-03
-9.454e-03
-2.824e-02
-3.298e-02
-2.867e-02
-3.050e-02
-2.618e-02
-1.236e-02
-5.807e-03
-2.820e-03
-2.383e-03
-1.322e-03
5.884e-04
2.143e-03
3.382e-03
8.840e-03
8.634e-03
1.019e-02
1.321e-02
-6.871e-04
-4.909e-03
-4.349e-03
3.107e-03
8.781e-03
9.383e-03
1.349e-03
-1.027e-02
-1.692e-02
-2.611e-02
-2.817e-02
-2.601e-02
-2.559e-02
-2.616e-02
-2.321e-02
-2.242e-02
-2.459e-02
-2.750e-02
-2.579e-02
-2.474e-02
-1.447e-02
-9.636e-03
-2.705e-04
1.026e-02
1.713e-02
1.883e-02
1.738e-02
1.418e-02
6.321e-03
-8.374e-04
-6.697e-04
3.939e-03
2.354e-03
3.282e-03
7.148e-03
6.444e-03
2.911e-03
3.832e-03
9.333e-03
9.029e-03
1.364e-02
2.051e-02
2.099e-02
2.085e-02
1.913e-02
1.826e-02
1.656e-02
1.078e-02
8.478e-03
8.488e-03
6.838e-03
9.004e-03
1.117e-02
1.526e-02
1.313e-02
1.680e-02
2.286e-02
2.207e-02
2.611e-02
2.676e-02
2.379e-02
2.326e-02
2.319e-02
2.128e-02
1.743e-02
1.159e-02
4.659e-03
5.360e-03
-4.219e-03
-7.717e-03
-6.537e-03
1.632e-03
8.360e-03
3.423e-03
-9.696e-04
7.290e-04
3.217e-03
1.698e-04
3.398e-03
-1.415e-03
-5.044e-03
-2.592e-03
2.143e-03
6.684e-03
1.076e-02
1.677e-02
1.943e-02
2.689e-02
3.601e-02
3.164e-02
2.788e-02
1.898e-02
2.172e-02
2.140e-02
2.005e-02
2.028e-02
1.943e-02
1.729e-02
1.706e-02
1.037e-02
-1.143e-02
-2.213e-02
-2.430e-02
-3.296e-02
-4.016e-02
-4.902e-02
-4.959e-02
-4.969e-02
-4.291e-02
-3.818e-02
-3.093e-02
-2.306e-02
-1.574e-02
-1.517e-02
-7.219e-03
-1.026e-03
6.604e-03
1.323e-02
1.526e-02
1.381e-02
1.907e-02
2.430e-02
3.373e-02
3.933e-02
3.431e-02
2.938e-02
2.485e-02
2.417e-02
2.431e-02
2.527e-02
2.929e-02
3.118e-02
3.229e-02
2.955e-02
2.341e-02
2.613e-02
2.551e-02
2.563e-02
2.603e-02
2.532e-02
2.842e-02
2.570e-02
2.691e-02
2.671e-02
2.872e-02
2.645e-02
2.843e-02
3.068e-02
3.245e-02
2.952e-02
3.439e-02
3.333e-02
3.208e-02
2.918e-02
3.368e-02
3.857e-02
3.902e-02
3.948e-02
3.033e-02
2.610e-02
2.568e-02
2.149e-02
1.011e-02
1.661e-02
1.168e-02
2.037e-03
-1.014e-02
-2.395e-02
-2.565e-02
-1.826e-02
-1.246e-02
-1.060e-02
5.803e-03
1.624e-02
1.518e-02
1.614e-02
1.866e-02
1.943e-02
2.245e-02
1.852e-02
2.107e-02
1.528e-02
2.691e-03
-9.613e-03
-2.218e-02
-3.614e-02
-5.467e-02
-5.587e-02
-5.881e-02
-5.193e-02
-3.533e-02
-2.180e-02
-1.487e-02
-1.410e-02
-1.553e-02
-1.282e-02
-8.237e-03
1.568e-03
1.364e-02
1.991e-02
2.312e-02
1.876e-02
1.460e-02
9.253e-03
3.506e-03
3.452e-03
-1.472e-03
-4.015e-03
2.948e-03
2.910e-03
-5.443e-03
-5.488e-03
-5.224e-03
-6.851e-03
2.652e-03
7.489e-03
1.692e-02
1.907e-02
2.639e-02
3.170e-02
2.870e-02
2.127e-02
1.740e-02
1.703e-02
1.631e-02
1.366e-02
1.149e-02
1.157e-02
1.631e-02
2.346e-02
2.202e-02
1.883e-02
1.516e-02
1.255e-02
5.972e-03
-4.723e-03
-9.152e-03
-1.227e-02
-5.377e-03
4.599e-03
1.696e-02
2.175e-02
2.032e-02
1.462e-02
1.989e-02
2.258e-02
2.833e-02
2.591e-02
2.374e-02
2.300e-02
2.202e-02
1.656e-02
1.770e-02
1.770e-02
1.398e-02
1.199e-02
1.622e-02
1.519e-02
1.530e-02
2.062e-02
1.750e-02
1.460e-02
1.846e-02
2.117e-02
2.182e-02
2.141e-02
2.413e-02
2.536e-02
2.645e-02
2.635e-02
2.351e-02
2.329e-02
2.410e-02
2.285e-02
2.232e-02
2.295e-02
2.581e-02
2.540e-02
2.257e-02
1.934e-02
2.123e-02
1.994e-02
1.888e-02
1.971e-02
1.734e-02
2.267e-02
2.457e-02
3.235e-02
2.908e-02
2.407e-02
1.902e-02
1.066e-02
6.724e-03
1.980e-03
-3.689e-03
-8.461e-03
-6.408e-03
-1.461e-03
3.429e-03
7.667e-03
2.419e-02
2.166e-02
2.364e-02
2.234e-02
2.493e-02
2.890e-02
2.781e-02
2.489e-02
2.524e-02
2.616e-02
2.519e-02
2.355e-02
2.615e-02
2.570e-02
2.822e-02
2.475e-02
2.453e-02
2.640e-02
3.011e-02
3.317e-02
3.651e-02
3.634e-02
4.006e-02
4.179e-02
4.162e-02
3.995e-02
3.782e-02
3.659e-02
3.864e-02
3.944e-02
4.109e-02
4.284e-02
4.476e-02
3.686e-02
3.665e-02
3.492e-02
3.364e-02
3.619e-02
4.245e-02
4.273e-02
4.446e-02
4.042e-02
4.111e-02
3.646e-02
3.118e-02
3.622e-02
3.307e-02
2.346e-02
2.782e-02
2.733e-02
3.069e-02
3.542e-02
3.599e-02
4.711e-02
4.440e-02
5.025e-02
5.014e-02
4.976e-02
4.569e-02
5.140e-02
6.158e-02
5.941e-02
6.277e-02
6.679e-02
6.839e-02
7.303e-02
7.056e-02
6.240e-02
4.686e-02
4.046e-02
2.838e-02
9.152e-03
-3.943e-03
-1.218e-02
-1.809e-02
-2.583e-02
-2.365e-02
-1.434e-02
6.696e-03
1.949e-02
2.903e-02
2.837e-02
2.816e-02
3.288e-02
3.628e-02
2.796e-02
2.741e-02
2.707e-02
2.849e-02
3.042e-02
3.027e-02
2.533e-02
2.454e-02
2.395e-02
2.374e-02
2.245e-02
2.608e-02
3.741e-02
3.732e-02
3.551e-02
3.009e-02
2.813e-02
2.653e-02
2.847e-02
2.731e-02
2.904e-02
2.878e-02
2.790e-02
2.842e-02
3.080e-02
2.940e-02
2.902e-02
2.368e-02
2.584e-02
3.386e-02
4.096e-02
4.230e-02
4.287e-02
4.778e-02
4.104e-02
4.248e-02
4.068e-02
3.855e-02
3.450e-02
3.317e-02
2.933e-02
2.593e-02
2.227e-02
1.865e-02
1.968e-02
2.149e-02
2.392e-02
2.176e-02
2.058e-02
2.340e-02
1.754e-02
1.373e-02
1.805e-02
2.060e-02
2.420e-02
2.282e-02
2.289e-02
2.362e-02
2.512e-02
2.546e-02
2.720e-02
2.678e-02
2.624e-02
2.308e-02
2.167e-02
2.218e-02
2.226e-02
2.220e-02
2.277e-02
2.530e-02
2.492e-02
1.845e-02
1.652e-02
2.033e-02
2.538e-02
2.665e-02
2.872e-02
3.012e-02
2.996e-02
2.686e-02
2.584e-02
2.368e-02
2.442e-02
2.599e-02
2.447e-02
2.236e-02
2.354e-02
2.157e-02
2.310e-02
2.292e-02
2.188e-02
2.202e-02
2.105e-02
1.891e-02
1.992e-02
2.229e-02
1.977e-02
2.013e-02
2.102e-02
1.974e-02
1.666e-02
1.950e-02
1.791e-02
1.418e-02
8.356e-03
7.507e-03
7.066e-03
6.614e-03
4.798e-03
3.416e-03
2.625e-03
2.754e-03
3.246e-03
3.644e-03
1.707e-03
1.183e-03
2.167e-03
4.008e-04
2.002e-03
3.379e-03
1.326e-03
1.256e-03
1.647e-03
2.864e-03
-2.819e-04
4.835e-04
-3.886e-03
6.887e-04
1.252e-03
1.961e-03
1.837e-03
2.494e-03
8.774e-04
2.376e-03
5.034e-03
6.111e-03
6.456e-03
7.766e-03
6.596e-03
4.950e-03
3.990e-03
4.943e-03
7.020e-03
4.864e-03
2.168e-03
-2.745e-03
1.846e-03
3.882e-03
1.021e-02
1.070e-02
1.030e-02
6.502e-03
3.260e-03
7.987e-04
-3.778e-04
-5.761e-03
-1.668e-02
-1.378e-02
-1.621e-02
-2.700e-03
-6.603e-03
4.984e-03
6.150e-03
1.178e-02
1.615e-02
1.574e-02
9.006e-03
1.263e-02
1.181e-02
1.281e-02
1.011e-02
5.723e-03
8.428e-03
9.466e-03
8.243e-03
6.732e-03
6.634e-03
7.869e-03
1.342e-02
1.633e-02
1.881e-02
1.876e-02
1.772e-02
1.791e-02
1.762e-02
1.847e-02
2.294e-02
1.989e-02
2.264e-02
2.820e-02
2.853e-02
2.796e-02
2.838e-02
2.980e-02
2.772e-02
2.701e-02
3.121e-02
3.424e-02
3.696e-02
4.041e-02
4.291e-02
4.820e-02
5.171e-02
6.216e-02
6.470e-02
7.115e-02
7.372e-02
6.616e-02
6.060e-02
5.228e-02
5.124e-02
5.641e-02
4.826e-02
4.611e-02
4.695e-02
3.941e-02
3.786e-02
3.681e-02
3.637e-02
3.432e-02
3.795e-02
4.000e-02
4.434e-02
4.504e-02
4.403e-02
5.011e-02
5.352e-02
5.560e-02
4.753e-02
3.878e-02
4.027e-02
3.984e-02
4.151e-02
4.288e-02
4.991e-02
5.269e-02
4.907e-02
4.549e-02
3.813e-02
3.956e-02
5.201e-02
6.095e-02
5.869e-02
6.415e-02
6.419e-02
6.181e-02
6.342e-02
6.229e-02
5.932e-02
5.792e-02
5.575e-02
4.556e-02
4.257e-02
3.312e-02
2.633e-02
2.945e-02
3.313e-02
3.590e-02
2.806e-02
3.165e-02
4.603e-02
5.174e-02
5.514e-02
5.987e-02
6.409e-02
6.818e-02
6.995e-02
7.010e-02
7.203e-02
7.375e-02
6.812e-02
6.532e-02
6.451e-02
6.173e-02
5.860e-02
5.432e-02
4.807e-02
4.819e-02
5.047e-02
4.399e-02
3.203e-02
2.665e-02
2.771e-02
2.632e-02
2.526e-02
2.455e-02
2.067e-02
1.884e-02
2.160e-02
2.123e-02
2.088e-02
1.753e-02
1.650e-02
1.294e-02
9.983e-03
6.063e-03
6.173e-03
1.008e-02
1.037e-02
5.726e-03
2.950e-03
2.050e-02
2.185e-02
2.189e-02
2.022e-02
2.521e-02
2.688e-02
2.672e-02
2.150e-02
2.953e-02
2.673e-02
2.759e-02
2.616e-02
2.723e-02
2.837e-02
3.327e-02
2.840e-02
3.523e-02
