-0.069 -0.084 -0.084 -0.089 -0.081 -0.107 -0.107 -0.105 -0.106 -0.094 -0.073 -0.082 -0.055 -0.039 -0.040 -0.072 -0.083 -0.105 -0.108 -0.108 -0.108 -0.105 -0.106 -0.100 -0.106 -0.107 -0.108 -0.106 -0.099 -0.095 -0.102 -0.102 -0.096 -0.098 -0.101 -0.107 -0.105 -0.099 -0.105 -0.091 -0.088 -0.087 -0.098 -0.104 -0.107 -0.107 -0.079 -0.079 -0.085 -0.088
-0.084 -0.113 -0.111 -0.123 -0.106 -0.167 -0.163 -0.169 -0.158 -0.132 -0.090 -0.106 -0.058 -0.028 -0.029 -0.087 -0.109 -0.155 -0.167 -0.166 -0.165 -0.157 -0.165 -0.144 -0.170 -0.162 -0.170 -0.169 -0.141 -0.133 -0.150 -0.149 -0.136 -0.137 -0.145 -0.168 -0.171 -0.141 -0.156 -0.123 -0.118 -0.118 -0.140 -0.153 -0.166 -0.167 -0.104 -0.102 -0.114 -0.120
-0.084 -0.111 -0.110 -0.121 -0.105 -0.163 -0.160 -0.165 -0.154 -0.130 -0.089 -0.105 -0.058 -0.029 -0.031 -0.087 -0.107 -0.151 -0.163 -0.162 -0.161 -0.154 -0.162 -0.141 -0.165 -0.158 -0.165 -0.165 -0.139 -0.131 -0.147 -0.146 -0.133 -0.135 -0.142 -0.164 -0.166 -0.138 -0.153 -0.122 -0.116 -0.116 -0.137 -0.150 -0.162 -0.163 -0.102 -0.101 -0.113 -0.118
-0.089 -0.123 -0.121 -0.134 -0.115 -0.189 -0.184 -0.192 -0.177 -0.145 -0.096 -0.114 -0.058 -0.022 -0.024 -0.092 -0.117 -0.173 -0.188 -0.187 -0.186 -0.176 -0.187 -0.160 -0.193 -0.182 -0.192 -0.192 -0.156 -0.147 -0.167 -0.166 -0.150 -0.152 -0.161 -0.191 -0.195 -0.156 -0.175 -0.135 -0.129 -0.129 -0.155 -0.171 -0.187 -0.189 -0.112 -0.110 -0.125 -0.131
-0.081 -0.106 -0.105 -0.115 -0.100 -0.153 -0.150 -0.154 -0.146 -0.123 -0.086 -0.101 -0.057 -0.031 -0.032 -0.084 -0.103 -0.143 -0.153 -0.153 -0.152 -0.145 -0.152 -0.134 -0.155 -0.149 -0.155 -0.154 -0.131 -0.124 -0.139 -0.138 -0.127 -0.128 -0.135 -0.154 -0.155 -0.131 -0.144 -0.116 -0.111 -0.111 -0.130 -0.142 -0.152 -0.153 -0.098 -0.097 -0.108 -0.113
-0.107 -0.167 -0.163 -0.189 -0.153 -0.297 -0.285 -0.307 -0.268 -0.208 -0.118 -0.151 -0.050 0.014 0.010 -0.109 -0.155 -0.260 -0.293 -0.291 -0.288 -0.267 -0.293 -0.235 -0.307 -0.279 -0.303 -0.304 -0.229 -0.210 -0.249 -0.248 -0.218 -0.218 -0.237 -0.302 -0.315 -0.228 -0.266 -0.189 -0.177 -0.178 -0.225 -0.258 -0.292 -0.296 -0.148 -0.144 -0.171 -0.183
-0.107 -0.163 -0.160 -0.184 -0.150 -0.285 -0.273 -0.293 -0.258 -0.202 -0.117 -0.148 -0.053 0.006 0.003 -0.109 -0.153 -0.250 -0.281 -0.279 -0.276 -0.257 -0.280 -0.227 -0.294 -0.267 -0.290 -0.291 -0.221 -0.203 -0.240 -0.239 -0.211 -0.211 -0.229 -0.289 -0.300 -0.220 -0.256 -0.184 -0.172 -0.173 -0.217 -0.248 -0.279 -0.283 -0.145 -0.142 -0.167 -0.178
-0.105 -0.169 -0.165 -0.192 -0.154 -0.307 -0.293 -0.317 -0.276 -0.213 -0.117 -0.152 -0.045 0.022 0.018 -0.108 -0.157 -0.267 -0.302 -0.300 -0.297 -0.275 -0.302 -0.241 -0.317 -0.287 -0.313 -0.314 -0.234 -0.214 -0.256 -0.255 -0.223 -0.223 -0.243 -0.312 -0.326 -0.233 -0.274 -0.192 -0.179 -0.180 -0.230 -0.265 -0.301 -0.305 -0.149 -0.144 -0.174 -0.185
-0.106 -0.158 -0.154 -0.177 -0.146 -0.268 -0.258 -0.276 -0.244 -0.193 -0.115 -0.144 -0.057 -0.002 -0.005 -0.108 -0.148 -0.237 -0.265 -0.263 -0.261 -0.243 -0.264 -0.216 -0.276 -0.253 -0.273 -0.274 -0.211 -0.194 -0.228 -0.227 -0.201 -0.202 -0.218 -0.272 -0.282 -0.210 -0.242 -0.176 -0.166 -0.167 -0.207 -0.235 -0.264 -0.267 -0.141 -0.138 -0.161 -0.171
-0.094 -0.132 -0.130 -0.145 -0.123 -0.208 -0.202 -0.213 -0.193 -0.158 -0.102 -0.123 -0.059 -0.020 -0.022 -0.097 -0.126 -0.189 -0.207 -0.206 -0.204 -0.193 -0.206 -0.174 -0.213 -0.199 -0.212 -0.212 -0.170 -0.159 -0.182 -0.181 -0.163 -0.164 -0.175 -0.211 -0.216 -0.170 -0.192 -0.146 -0.139 -0.139 -0.168 -0.187 -0.206 -0.208 -0.120 -0.118 -0.135 -0.142
-0.073 -0.090 -0.089 -0.096 -0.086 -0.118 -0.117 -0.117 -0.115 -0.102 -0.077 -0.087 -0.057 -0.038 -0.039 -0.076 -0.089 -0.114 -0.119 -0.119 -0.118 -0.115 -0.117 -0.108 -0.118 -0.117 -0.119 -0.118 -0.107 -0.103 -0.111 -0.111 -0.104 -0.105 -0.109 -0.118 -0.117 -0.107 -0.114 -0.097 -0.094 -0.094 -0.106 -0.113 -0.118 -0.118 -0.085 -0.084 -0.091 -0.095
-0.082 -0.106 -0.105 -0.114 -0.101 -0.151 -0.148 -0.152 -0.144 -0.123 -0.087 -0.101 -0.059 -0.033 -0.035 -0.085 -0.103 -0.142 -0.151 -0.151 -0.150 -0.143 -0.150 -0.132 -0.153 -0.147 -0.153 -0.152 -0.130 -0.124 -0.137 -0.137 -0.126 -0.127 -0.134 -0.152 -0.153 -0.130 -0.143 -0.116 -0.111 -0.111 -0.129 -0.140 -0.150 -0.151 -0.098 -0.097 -0.108 -0.113
-0.055 -0.058 -0.058 -0.058 -0.057 -0.050 -0.053 -0.045 -0.057 -0.059 -0.057 -0.059 -0.054 -0.051 -0.051 -0.059 -0.060 -0.058 -0.053 -0.053 -0.054 -0.056 -0.051 -0.058 -0.046 -0.055 -0.050 -0.048 -0.059 -0.060 -0.058 -0.058 -0.058 -0.061 -0.059 -0.048 -0.042 -0.059 -0.056 -0.060 -0.060 -0.059 -0.060 -0.057 -0.052 -0.051 -0.057 -0.057 -0.057 -0.059
-0.039 -0.028 -0.029 -0.022 -0.031 0.014 0.006 0.022 -0.002 -0.020 -0.038 -0.033 -0.051 -0.063 -0.062 -0.043 -0.033 -0.006 0.008 0.008 0.006 -0.002 0.011 -0.012 0.020 0.002 0.014 0.018 -0.015 -0.020 -0.008 -0.008 -0.016 -0.019 -0.013 0.016 0.027 -0.015 -0.002 -0.025 -0.028 -0.027 -0.016 -0.006 0.010 0.012 -0.032 -0.033 -0.026 -0.025
-0.040 -0.029 -0.031 -0.024 -0.032 0.010 0.003 0.018 -0.005 -0.022 -0.039 -0.035 -0.051 -0.062 -0.062 -0.044 -0.035 -0.009 0.005 0.004 0.003 -0.005 0.008 -0.014 0.017 -0.001 0.011 0.015 -0.017 -0.022 -0.011 -0.011 -0.018 -0.022 -0.015 0.013 0.023 -0.017 -0.005 -0.027 -0.030 -0.028 -0.019 -0.008 0.006 0.009 -0.033 -0.034 -0.028 -0.027
-0.072 -0.087 -0.087 -0.092 -0.084 -0.109 -0.109 -0.108 -0.108 -0.097 -0.076 -0.085 -0.059 -0.043 -0.044 -0.076 -0.086 -0.108 -0.111 -0.111 -0.110 -0.108 -0.109 -0.103 -0.109 -0.110 -0.111 -0.109 -0.102 -0.098 -0.105 -0.105 -0.099 -0.101 -0.103 -0.109 -0.107 -0.102 -0.108 -0.094 -0.091 -0.090 -0.101 -0.107 -0.110 -0.110 -0.083 -0.082 -0.088 -0.091
-0.083 -0.109 -0.107 -0.117 -0.103 -0.155 -0.153 -0.157 -0.148 -0.126 -0.089 -0.103 -0.060 -0.033 -0.035 -0.086 -0.105 -0.146 -0.156 -0.155 -0.154 -0.147 -0.154 -0.136 -0.157 -0.151 -0.158 -0.157 -0.134 -0.127 -0.141 -0.141 -0.129 -0.131 -0.137 -0.156 -0.158 -0.134 -0.147 -0.118 -0.114 -0.113 -0.133 -0.144 -0.154 -0.155 -0.101 -0.099 -0.110 -0.115
-0.105 -0.155 -0.151 -0.173 -0.143 -0.260 -0.250 -0.267 -0.237 -0.189 -0.114 -0.142 -0.058 -0.006 -0.009 -0.108 -0.146 -0.231 -0.257 -0.255 -0.253 -0.236 -0.256 -0.211 -0.267 -0.245 -0.264 -0.265 -0.205 -0.190 -0.222 -0.221 -0.197 -0.197 -0.212 -0.263 -0.273 -0.205 -0.235 -0.173 -0.163 -0.163 -0.202 -0.229 -0.256 -0.259 -0.139 -0.136 -0.158 -0.168
-0.108 -0.167 -0.163 -0.188 -0.153 -0.293 -0.281 -0.302 -0.265 -0.207 -0.119 -0.151 -0.053 0.008 0.005 -0.111 -0.156 -0.257 -0.289 -0.287 -0.284 -0.264 -0.288 -0.233 -0.302 -0.275 -0.298 -0.299 -0.227 -0.208 -0.246 -0.246 -0.217 -0.217 -0.235 -0.297 -0.309 -0.226 -0.263 -0.188 -0.176 -0.177 -0.223 -0.254 -0.287 -0.291 -0.148 -0.144 -0.171 -0.182
-0.108 -0.166 -0.162 -0.187 -0.153 -0.291 -0.279 -0.300 -0.263 -0.206 -0.119 -0.151 -0.053 0.008 0.004 -0.111 -0.155 -0.255 -0.287 -0.285 -0.282 -0.262 -0.286 -0.232 -0.300 -0.273 -0.296 -0.297 -0.225 -0.207 -0.245 -0.244 -0.215 -0.215 -0.233 -0.295 -0.307 -0.224 -0.261 -0.187 -0.175 -0.176 -0.222 -0.253 -0.285 -0.289 -0.147 -0.144 -0.170 -0.181
-0.108 -0.165 -0.161 -0.186 -0.152 -0.288 -0.276 -0.297 -0.261 -0.204 -0.118 -0.150 -0.054 0.006 0.003 -0.110 -0.154 -0.253 -0.284 -0.282 -0.279 -0.260 -0.284 -0.230 -0.297 -0.270 -0.293 -0.294 -0.223 -0.205 -0.243 -0.242 -0.213 -0.214 -0.231 -0.292 -0.304 -0.223 -0.259 -0.186 -0.174 -0.175 -0.220 -0.251 -0.283 -0.286 -0.147 -0.143 -0.169 -0.180
-0.105 -0.157 -0.154 -0.176 -0.145 -0.267 -0.257 -0.275 -0.243 -0.193 -0.115 -0.143 -0.056 -0.002 -0.005 -0.108 -0.147 -0.236 -0.264 -0.262 -0.260 -0.243 -0.263 -0.216 -0.275 -0.252 -0.272 -0.273 -0.210 -0.194 -0.227 -0.227 -0.201 -0.201 -0.217 -0.271 -0.281 -0.209 -0.241 -0.176 -0.165 -0.166 -0.207 -0.234 -0.263 -0.266 -0.141 -0.137 -0.161 -0.170
-0.106 -0.165 -0.162 -0.187 -0.152 -0.293 -0.280 -0.302 -0.264 -0.206 -0.117 -0.150 -0.051 0.011 0.008 -0.109 -0.154 -0.256 -0.288 -0.286 -0.284 -0.263 -0.288 -0.232 -0.302 -0.274 -0.298 -0.299 -0.226 -0.207 -0.246 -0.245 -0.216 -0.216 -0.234 -0.297 -0.309 -0.225 -0.262 -0.187 -0.175 -0.176 -0.222 -0.254 -0.287 -0.291 -0.147 -0.143 -0.170 -0.181
-0.100 -0.144 -0.141 -0.160 -0.134 -0.235 -0.227 -0.241 -0.216 -0.174 -0.108 -0.132 -0.058 -0.012 -0.014 -0.103 -0.136 -0.211 -0.233 -0.232 -0.230 -0.216 -0.232 -0.193 -0.242 -0.223 -0.239 -0.240 -0.189 -0.175 -0.203 -0.202 -0.181 -0.181 -0.194 -0.238 -0.246 -0.188 -0.215 -0.160 -0.151 -0.152 -0.186 -0.209 -0.232 -0.235 -0.130 -0.127 -0.147 -0.155
-0.106 -0.170 -0.165 -0.193 -0.155 -0.307 -0.294 -0.317 -0.276 -0.213 -0.118 -0.153 -0.046 0.020 0.017 -0.109 -0.157 -0.267 -0.302 -0.300 -0.297 -0.275 -0.302 -0.242 -0.317 -0.287 -0.313 -0.314 -0.234 -0.214 -0.256 -0.255 -0.223 -0.223 -0.243 -0.312 -0.326 -0.234 -0.274 -0.192 -0.179 -0.181 -0.230 -0.265 -0.301 -0.305 -0.149 -0.145 -0.174 -0.186
-0.107 -0.162 -0.158 -0.182 -0.149 -0.279 -0.267 -0.287 -0.253 -0.199 -0.117 -0.147 -0.055 0.002 -0.001 -0.110 -0.151 -0.245 -0.275 -0.273 -0.270 -0.252 -0.274 -0.223 -0.287 -0.262 -0.283 -0.285 -0.217 -0.200 -0.236 -0.235 -0.208 -0.208 -0.225 -0.282 -0.293 -0.217 -0.251 -0.181 -0.170 -0.171 -0.214 -0.243 -0.274 -0.277 -0.144 -0.141 -0.166 -0.176
-0.108 -0.170 -0.165 -0.192 -0.155 -0.303 -0.290 -0.313 -0.273 -0.212 -0.119 -0.153 -0.050 0.014 0.011 -0.111 -0.158 -0.264 -0.298 -0.296 -0.293 -0.272 -0.298 -0.239 -0.313 -0.283 -0.308 -0.310 -0.232 -0.213 -0.253 -0.253 -0.222 -0.222 -0.241 -0.307 -0.320 -0.232 -0.271 -0.192 -0.179 -0.180 -0.228 -0.262 -0.297 -0.301 -0.150 -0.146 -0.174 -0.185
-0.106 -0.169 -0.165 -0.192 -0.154 -0.304 -0.291 -0.314 -0.274 -0.212 -0.118 -0.152 -0.048 0.018 0.015 -0.109 -0.157 -0.265 -0.299 -0.297 -0.294 -0.273 -0.299 -0.240 -0.314 -0.285 -0.310 -0.311 -0.233 -0.213 -0.254 -0.253 -0.222 -0.222 -0.241 -0.309 -0.322 -0.232 -0.272 -0.191 -0.179 -0.180 -0.229 -0.263 -0.298 -0.302 -0.149 -0.145 -0.174 -0.185
-0.099 -0.141 -0.139 -0.156 -0.131 -0.229 -0.221 -0.234 -0.211 -0.170 -0.107 -0.130 -0.059 -0.015 -0.017 -0.102 -0.134 -0.205 -0.227 -0.225 -0.223 -0.210 -0.226 -0.189 -0.234 -0.217 -0.232 -0.233 -0.184 -0.171 -0.198 -0.197 -0.177 -0.177 -0.190 -0.231 -0.238 -0.184 -0.209 -0.157 -0.148 -0.149 -0.182 -0.203 -0.225 -0.228 -0.128 -0.125 -0.144 -0.152
-0.095 -0.133 -0.131 -0.147 -0.124 -0.210 -0.203 -0.214 -0.194 -0.159 -0.103 -0.124 -0.060 -0.020 -0.022 -0.098 -0.127 -0.190 -0.208 -0.207 -0.205 -0.194 -0.207 -0.175 -0.214 -0.200 -0.213 -0.213 -0.171 -0.160 -0.183 -0.183 -0.164 -0.165 -0.176 -0.212 -0.218 -0.171 -0.193 -0.147 -0.140 -0.140 -0.169 -0.188 -0.207 -0.209 -0.121 -0.119 -0.136 -0.143
-0.102 -0.150 -0.147 -0.167 -0.139 -0.249 -0.240 -0.256 -0.228 -0.182 -0.111 -0.137 -0.058 -0.008 -0.011 -0.105 -0.141 -0.222 -0.246 -0.245 -0.243 -0.227 -0.246 -0.203 -0.256 -0.236 -0.253 -0.254 -0.198 -0.183 -0.213 -0.213 -0.189 -0.190 -0.204 -0.252 -0.261 -0.197 -0.226 -0.167 -0.157 -0.158 -0.195 -0.220 -0.245 -0.248 -0.134 -0.131 -0.153 -0.162
-0.102 -0.149 -0.146 -0.166 -0.138 -0.248 -0.239 -0.255 -0.227 -0.181 -0.111 -0.137 -0.058 -0.008 -0.011 -0.105 -0.141 -0.221 -0.246 -0.244 -0.242 -0.227 -0.245 -0.202 -0.255 -0.235 -0.253 -0.253 -0.197 -0.183 -0.213 -0.212 -0.189 -0.190 -0.204 -0.252 -0.260 -0.197 -0.226 -0.166 -0.157 -0.158 -0.194 -0.219 -0.244 -0.247 -0.134 -0.131 -0.153 -0.161
-0.096 -0.136 -0.133 -0.150 -0.127 -0.218 -0.211 -0.223 -0.201 -0.163 -0.104 -0.126 -0.058 -0.016 -0.018 -0.099 -0.129 -0.197 -0.217 -0.215 -0.213 -0.201 -0.216 -0.181 -0.223 -0.208 -0.222 -0.222 -0.177 -0.164 -0.189 -0.189 -0.169 -0.170 -0.182 -0.221 -0.227 -0.176 -0.200 -0.151 -0.143 -0.143 -0.174 -0.195 -0.215 -0.217 -0.123 -0.121 -0.139 -0.146
-0.098 -0.137 -0.135 -0.152 -0.128 -0.218 -0.211 -0.223 -0.202 -0.164 -0.105 -0.127 -0.061 -0.019 -0.022 -0.101 -0.131 -0.197 -0.217 -0.215 -0.214 -0.201 -0.216 -0.181 -0.223 -0.208 -0.222 -0.222 -0.177 -0.165 -0.190 -0.190 -0.170 -0.171 -0.183 -0.221 -0.227 -0.177 -0.200 -0.152 -0.144 -0.145 -0.175 -0.195 -0.215 -0.218 -0.125 -0.122 -0.140 -0.148
-0.101 -0.145 -0.142 -0.161 -0.135 -0.237 -0.229 -0.243 -0.218 -0.175 -0.109 -0.134 -0.059 -0.013 -0.015 -0.103 -0.137 -0.212 -0.235 -0.233 -0.231 -0.217 -0.234 -0.194 -0.243 -0.225 -0.241 -0.241 -0.190 -0.176 -0.204 -0.204 -0.182 -0.183 -0.196 -0.240 -0.248 -0.189 -0.216 -0.161 -0.152 -0.153 -0.187 -0.210 -0.233 -0.236 -0.131 -0.128 -0.148 -0.156
-0.107 -0.168 -0.164 -0.191 -0.154 -0.302 -0.289 -0.312 -0.272 -0.211 -0.118 -0.152 -0.048 0.016 0.013 -0.109 -0.156 -0.263 -0.297 -0.295 -0.292 -0.271 -0.297 -0.238 -0.312 -0.282 -0.307 -0.309 -0.231 -0.212 -0.252 -0.252 -0.221 -0.221 -0.240 -0.307 -0.320 -0.231 -0.270 -0.190 -0.178 -0.179 -0.227 -0.261 -0.296 -0.300 -0.149 -0.145 -0.173 -0.184
-0.105 -0.171 -0.166 -0.195 -0.155 -0.315 -0.300 -0.326 -0.282 -0.216 -0.117 -0.153 -0.042 0.027 0.023 -0.107 -0.158 -0.273 -0.309 -0.307 -0.304 -0.281 -0.309 -0.246 -0.326 -0.293 -0.320 -0.322 -0.238 -0.218 -0.261 -0.260 -0.227 -0.227 -0.248 -0.320 -0.334 -0.238 -0.280 -0.194 -0.181 -0.182 -0.234 -0.270 -0.308 -0.313 -0.150 -0.145 -0.176 -0.188
-0.099 -0.141 -0.138 -0.156 -0.131 -0.228 -0.220 -0.233 -0.210 -0.170 -0.107 -0.130 -0.059 -0.015 -0.017 -0.102 -0.134 -0.205 -0.226 -0.224 -0.223 -0.209 -0.225 -0.188 -0.234 -0.217 -0.232 -0.232 -0.184 -0.171 -0.197 -0.197 -0.176 -0.177 -0.189 -0.231 -0.238 -0.183 -0.208 -0.156 -0.148 -0.148 -0.181 -0.203 -0.225 -0.227 -0.127 -0.125 -0.144 -0.152
-0.105 -0.156 -0.153 -0.175 -0.144 -0.266 -0.256 -0.274 -0.242 -0.192 -0.114 -0.143 -0.056 -0.002 -0.005 -0.108 -0.147 -0.235 -0.263 -0.261 -0.259 -0.241 -0.262 -0.215 -0.274 -0.251 -0.271 -0.272 -0.209 -0.193 -0.226 -0.226 -0.200 -0.200 -0.216 -0.270 -0.280 -0.208 -0.240 -0.175 -0.165 -0.166 -0.206 -0.233 -0.262 -0.265 -0.140 -0.137 -0.160 -0.170
-0.091 -0.123 -0.122 -0.135 -0.116 -0.189 -0.184 -0.192 -0.176 -0.146 -0.097 -0.116 -0.060 -0.025 -0.027 -0.094 -0.118 -0.173 -0.188 -0.187 -0.186 -0.176 -0.187 -0.160 -0.192 -0.181 -0.192 -0.191 -0.157 -0.147 -0.167 -0.166 -0.151 -0.152 -0.161 -0.190 -0.194 -0.156 -0.175 -0.136 -0.129 -0.130 -0.155 -0.171 -0.187 -0.188 -0.113 -0.111 -0.126 -0.132
-0.088 -0.118 -0.116 -0.129 -0.111 -0.177 -0.172 -0.179 -0.166 -0.139 -0.094 -0.111 -0.060 -0.028 -0.030 -0.091 -0.114 -0.163 -0.176 -0.175 -0.174 -0.165 -0.175 -0.151 -0.179 -0.170 -0.179 -0.179 -0.148 -0.140 -0.157 -0.157 -0.143 -0.144 -0.152 -0.178 -0.181 -0.148 -0.165 -0.129 -0.124 -0.124 -0.147 -0.161 -0.175 -0.176 -0.109 -0.107 -0.120 -0.126
-0.087 -0.118 -0.116 -0.129 -0.111 -0.178 -0.173 -0.180 -0.167 -0.139 -0.094 -0.111 -0.059 -0.027 -0.028 -0.090 -0.113 -0.163 -0.177 -0.176 -0.175 -0.166 -0.176 -0.152 -0.181 -0.171 -0.180 -0.180 -0.149 -0.140 -0.158 -0.158 -0.143 -0.145 -0.153 -0.179 -0.182 -0.148 -0.166 -0.130 -0.124 -0.124 -0.147 -0.162 -0.176 -0.177 -0.108 -0.106 -0.120 -0.126
-0.098 -0.140 -0.137 -0.155 -0.130 -0.225 -0.217 -0.230 -0.207 -0.168 -0.106 -0.129 -0.060 -0.016 -0.019 -0.101 -0.133 -0.202 -0.223 -0.222 -0.220 -0.207 -0.222 -0.186 -0.230 -0.214 -0.228 -0.229 -0.182 -0.169 -0.195 -0.194 -0.174 -0.175 -0.187 -0.227 -0.234 -0.181 -0.206 -0.155 -0.147 -0.147 -0.179 -0.200 -0.222 -0.224 -0.127 -0.124 -0.143 -0.150
-0.104 -0.153 -0.150 -0.171 -0.142 -0.258 -0.248 -0.265 -0.235 -0.187 -0.113 -0.140 -0.057 -0.006 -0.008 -0.107 -0.144 -0.229 -0.254 -0.253 -0.251 -0.234 -0.254 -0.209 -0.265 -0.243 -0.262 -0.263 -0.203 -0.188 -0.220 -0.219 -0.195 -0.195 -0.210 -0.261 -0.270 -0.203 -0.233 -0.171 -0.161 -0.162 -0.200 -0.226 -0.253 -0.256 -0.137 -0.134 -0.157 -0.166
-0.107 -0.166 -0.162 -0.187 -0.152 -0.292 -0.279 -0.301 -0.264 -0.206 -0.118 -0.150 -0.052 0.010 0.006 -0.110 -0.154 -0.256 -0.287 -0.285 -0.283 -0.263 -0.287 -0.232 -0.301 -0.274 -0.297 -0.298 -0.225 -0.207 -0.245 -0.244 -0.215 -0.215 -0.233 -0.296 -0.308 -0.225 -0.262 -0.187 -0.175 -0.176 -0.222 -0.253 -0.286 -0.290 -0.147 -0.143 -0.170 -0.181
-0.107 -0.167 -0.163 -0.189 -0.153 -0.296 -0.283 -0.305 -0.267 -0.208 -0.118 -0.151 -0.051 0.012 0.009 -0.110 -0.155 -0.259 -0.291 -0.289 -0.286 -0.266 -0.291 -0.235 -0.305 -0.277 -0.301 -0.302 -0.228 -0.209 -0.248 -0.247 -0.217 -0.218 -0.236 -0.300 -0.313 -0.227 -0.265 -0.188 -0.176 -0.177 -0.224 -0.256 -0.290 -0.294 -0.148 -0.144 -0.171 -0.182
-0.079 -0.104 -0.102 -0.112 -0.098 -0.148 -0.145 -0.149 -0.141 -0.120 -0.085 -0.098 -0.057 -0.032 -0.033 -0.083 -0.101 -0.139 -0.148 -0.147 -0.147 -0.141 -0.147 -0.130 -0.149 -0.144 -0.150 -0.149 -0.128 -0.121 -0.134 -0.134 -0.123 -0.125 -0.131 -0.149 -0.150 -0.127 -0.140 -0.113 -0.109 -0.108 -0.127 -0.137 -0.147 -0.148 -0.096 -0.095 -0.105 -0.110
-0.079 -0.102 -0.101 -0.110 -0.097 -0.144 -0.142 -0.144 -0.138 -0.118 -0.084 -0.097 -0.057 -0.033 -0.034 -0.082 -0.099 -0.136 -0.144 -0.144 -0.143 -0.137 -0.143 -0.127 -0.145 -0.141 -0.146 -0.145 -0.125 -0.119 -0.131 -0.131 -0.121 -0.122 -0.128 -0.145 -0.145 -0.125 -0.137 -0.111 -0.107 -0.106 -0.124 -0.134 -0.143 -0.144 -0.095 -0.093 -0.103 -0.108
-0.085 -0.114 -0.113 -0.125 -0.108 -0.171 -0.167 -0.174 -0.161 -0.135 -0.091 -0.108 -0.057 -0.026 -0.028 -0.088 -0.110 -0.158 -0.171 -0.170 -0.169 -0.161 -0.170 -0.147 -0.174 -0.166 -0.174 -0.174 -0.144 -0.136 -0.153 -0.153 -0.139 -0.140 -0.148 -0.173 -0.176 -0.144 -0.160 -0.126 -0.120 -0.120 -0.143 -0.157 -0.170 -0.171 -0.105 -0.103 -0.116 -0.122
-0.088 -0.120 -0.118 -0.131 -0.113 -0.183 -0.178 -0.185 -0.171 -0.142 -0.095 -0.113 -0.059 -0.025 -0.027 -0.091 -0.115 -0.168 -0.182 -0.181 -0.180 -0.170 -0.181 -0.155 -0.186 -0.176 -0.185 -0.185 -0.152 -0.143 -0.162 -0.161 -0.146 -0.148 -0.156 -0.184 -0.188 -0.152 -0.170 -0.132 -0.126 -0.126 -0.150 -0.166 -0.181 -0.182 -0.110 -0.108 -0.122 -0.129
