2.099
2.095
2.099
2.108
2.117
2.114
2.122
2.113
2.112
2.125
2.127
2.133
2.132
2.139
2.139
2.131
2.146
2.150
2.148
2.156
2.160
2.158
2.162
2.170
2.169
2.174
2.178
2.176
2.181
2.184
2.190
2.184
2.193
2.215
2.194
2.204
2.203
2.208
2.208
2.214
2.213
2.218
2.212
2.225
2.220
2.227
2.223
2.239
2.238
2.238
2.234
2.236
2.247
2.249
2.246
2.249
2.260
2.267
2.261
2.276
2.270
2.265
2.275
2.280
2.271
2.282
2.282
2.287
2.288
2.293
2.295
2.288
2.296
2.303
2.307
2.304
2.305
2.314
2.312
2.309
2.315
2.318
2.314
2.325
2.324
2.333
2.326
2.339
2.334
2.350
2.339
2.347
2.344
2.354
2.351
2.357
2.361
2.363
2.358
2.367
2.366
2.363
2.369
2.375
2.379
2.379
2.390
2.379
2.382
2.388
2.395
2.389
2.388
2.393
2.398
2.413
2.412
2.406
2.409
2.412
2.414
2.413
2.426
2.418
2.424
2.428
2.424
2.434
2.429
2.433
2.442
2.449
2.450
2.444
2.449
2.462
2.447
2.458
2.469
2.474
2.464
2.465
2.474
2.470
2.478
2.479
2.484
2.488
2.494
2.491
2.491
2.499
2.500
2.507
2.497
2.514
2.505
2.499
2.512
2.512
2.532
2.527
2.531
2.533
2.527
2.535
2.535
2.538
2.540
2.544
2.542
2.560
2.561
2.560
2.562
2.550
2.561
2.572
2.574
2.576
2.576
2.590
2.584
2.590
2.575
2.584
2.603
2.588
2.593
2.593
2.599
2.612
2.608
2.610
2.612
2.623
2.624
2.617
2.634
2.630
2.623
2.632
2.641
2.638
2.639
2.649
2.646
2.649
2.652
2.650
2.661
2.664
2.662
2.664
2.669
2.678
2.671
2.673
2.678
2.684
2.676
2.684
2.683
2.699
2.698
2.704
2.702
2.704
2.717
2.698
2.719
2.719
2.716
2.723
2.722
2.724
2.734
2.735
2.735
2.735
2.746
2.745
2.748
2.762
2.754
2.767
2.762
2.758
2.766
2.763
2.775
2.780
2.771
2.778
2.784
2.791
2.783
2.789
2.784
2.800
2.799
2.804
2.803
2.808
2.810
2.817
2.814
2.818
2.820
2.822
2.827
2.827
2.835
2.834
2.829
2.838
2.842
2.845
2.852
2.852
2.856
2.842
2.867
2.861
2.861
2.861
2.859
2.872
2.876
2.864
2.879
2.875
2.891
2.899
2.887
2.892
2.896
2.900
2.894
2.905
2.900
2.914
2.911
2.915
2.920
2.916
2.923
2.920
2.927
2.922
2.934
2.932
2.934
2.945
2.936
2.944
2.950
2.959
2.958
2.957
2.964
2.953
2.965
2.974
2.959
2.974
2.974
2.971
2.973
2.981
2.975
2.985
2.997
2.991
2.995
2.995
3.000
3.004
3.000
3.008
3.013
3.016
3.015
3.007
3.026
3.025
3.022
3.035
3.027
3.027
3.030
3.033
3.032
3.041
3.045
3.050
3.045
3.046
3.054
3.054
3.063
3.061
3.066
3.071
3.067
3.070
3.075
3.077
3.080
3.082
3.077
3.085
3.087
3.100
3.096
3.094
3.095
3.106
3.098
3.105
3.103
3.106
3.118
3.111
3.118
3.123
3.123
3.117
3.128
3.133
3.124
3.130
3.134
3.128
3.138
3.149
3.137
3.145
3.147
3.151
3.148
3.153
3.153
3.153
3.167
3.164
3.170
3.167
3.167
3.177
3.179
3.173
3.171
3.193
3.183
3.182
3.196
3.187
3.198
3.194
3.202
3.194
3.204
3.202
3.207
3.197
3.214
3.214
3.213
3.219
3.217
3.217
3.219
3.227
3.227
3.230
3.234
3.231
3.237
3.228
3.246
3.238
3.253
3.252
3.257
3.249
3.261
3.254
3.264
3.252
3.269
3.261
3.261
3.268
3.273
3.275
3.271
3.275
3.278
3.275
3.286
3.289
3.294
3.292
3.292
3.295
3.299
3.298
3.292
3.297
3.297
3.308
3.310
3.318
3.313
3.316
3.309
3.325
3.314
3.334
3.333
3.325
3.330
3.334
3.333
3.329
3.330
3.337
3.341
3.344
3.343
3.346
3.348
3.346
3.349
3.352
3.356
3.355
3.352
3.360
3.358
3.371
3.367
3.367
3.367
3.376
3.382
3.370
3.374
3.380
3.383
3.378
3.389
3.392
3.387
3.390
3.394
3.387
3.401
3.394
3.404
3.400
3.401
3.409
3.401
3.412
3.401
3.416
3.407
3.423
3.417
3.419
3.418
3.414
3.418
3.425
3.413
3.429
3.431
3.427
3.444
3.429
3.444
3.433
3.439
3.451
3.447
3.450
3.455
3.448
3.453
3.451
3.451
3.457
3.462
3.455
3.472
3.467
3.469
3.472
3.469
3.479
3.476
3.473
3.477
3.480
3.479
3.482
3.477
3.482
3.490
3.480
3.497
3.491
3.488
3.498
3.498
3.501
3.495
3.499
3.506
3.504
3.509
3.497
3.518
3.520
3.509
3.502
3.508
3.512
3.518
3.520
3.516
3.518
3.521
3.521
3.526
3.530
3.533
3.529
3.537
3.536
3.533
3.544
3.534
3.547
3.549
3.544
3.547
3.537
3.552
3.547
3.561
3.543
3.552
3.550
3.560
3.558
3.558
3.565
3.563
3.571
3.569
3.573
3.573
3.567
3.570
3.570
3.578
3.578
3.576
3.574
3.580
3.579
3.584
3.588
3.591
3.582
3.589
3.594
3.599
3.600
3.597
3.600
3.609
3.604
3.606
3.602
3.602
3.603
3.608
3.615
3.610
3.608
3.616
3.616
3.608
3.619
3.623
3.614
3.629
3.631
3.621
3.631
3.623
3.622
3.631
3.630
3.635
3.638
3.636
3.640
3.636
3.639
3.636
3.643
3.642
3.643
3.642
3.646
3.646
3.646
3.651
3.651
3.648
3.656
3.654
3.658
3.658
3.658
3.667
3.660
3.671
3.663
3.667
3.675
3.680
3.669
3.672
3.668
3.672
3.666
3.677
3.686
3.674
3.672
3.682
3.680
3.692
3.685
3.689
3.691
3.690
3.687
3.688
3.697
3.694
3.698
3.702
3.701
3.694
3.704
3.710
3.703
3.699
3.710
3.708
3.716
3.708
3.706
3.708
3.707
3.713
3.712
3.723
3.718
3.724
3.720
3.721
3.724
3.726
3.728
3.720
3.721
3.734
3.719
3.729
3.734
3.733
3.727
3.732
3.732
3.746
3.740
3.736
3.740
3.740
3.742
3.745
3.743
3.755
3.744
3.744
3.750
3.743
3.757
3.757
3.763
3.757
3.752
3.756
3.754
3.752
3.749
3.759
3.762
3.761
3.765
3.772
3.762
3.761
3.761
3.764
3.776
3.769
3.771
3.781
3.776
3.774
3.780
3.779
3.777
3.783
3.779
3.781
3.784
3.786
3.789
3.783
3.791
3.794
3.801
3.794
3.800
3.796
3.793
3.793
3.792
3.792
3.801
3.795
3.797
3.804
3.807
3.802
3.811
3.808
3.805
3.811
3.812
3.815
3.809
3.807
3.807
3.804
3.820
3.820
3.810
3.822
3.817
3.818
3.822
3.825
3.816
3.826
3.813
3.818
3.830
3.822
3.825
3.824
3.827
3.831
3.833
3.833
3.836
3.832
3.837
3.828
3.842
3.832
3.840
3.828
3.838
3.840
3.843
3.844
3.850
3.843
3.839
3.853
3.847
3.842
3.845
3.853
3.852
3.849
3.852
3.861
3.850
3.854
3.857
3.860
3.855
3.856
3.866
3.862
3.867
3.867
3.862
3.865
3.869
3.870
3.867
3.859
3.860
3.872
3.867
3.875
3.874
3.866
3.876
3.868
3.872
3.866
3.881
3.878
3.880
3.890
3.881
3.879
3.889
3.878
3.875
3.882
3.883
3.873
3.888
3.885
3.899
3.892
3.887
3.884
3.893
3.902
3.891
3.886
3.898
3.897
3.899
3.894
3.900
3.897
3.893
3.907
3.903
3.905
3.898
3.896
3.905
3.905
3.899
3.916
3.908
3.911
3.905
3.911
3.914
3.915
3.918
3.916
3.911
3.906
3.915
3.918
3.917
3.915
3.922
3.915
3.913
3.920
3.930
3.919
3.924
3.923
3.915
3.919
3.932
3.928
3.928
3.923
3.927
3.927
3.928
3.934
3.932
3.934
3.921
3.938
3.934
3.940
3.938
3.931
3.945
3.948
3.933
3.939
3.941
3.948
3.937
3.936
3.951
3.950
3.936
3.940
3.953
3.943
3.949
3.945
3.952
3.948
3.948
3.943
3.956
3.949
3.958
3.962
3.946
3.959
3.949
3.957
3.956
3.964
3.948
3.952
3.964
3.952
3.953
3.965
3.966
3.962
3.958
3.953
3.969
3.967
3.963
3.964
3.971
3.977
3.963
3.973
3.970
3.975
3.972
