6.013
6.266
6.627
6.866
7.206
7.568
7.992
8.430
8.797
9.263
9.730
10.284
10.804
11.378
12.001
12.639
13.299
13.987
14.694
15.434
16.192
16.976
17.769
18.595
19.416
20.238
21.078
21.912
22.748
23.596
24.423
25.229
26.015
26.810
27.586
28.317
29.036
29.752
30.417
31.069
31.697
32.285
32.856
33.396
33.904
34.386
34.845
35.272
35.676
36.058
36.414
36.754
37.063
37.366
37.641
37.905
38.144
38.377
38.595
38.797
38.984
39.164
39.331
39.494
39.640
39.783
39.915
40.039
40.164
40.276
40.377
40.480
40.580
40.674
40.755
40.843
40.921
40.998
41.066
41.135
41.201
41.259
41.323
41.380
41.434
41.484
41.531
41.579
41.628
41.670
41.714
41.754
41.795
41.832
41.866
41.902
41.935
41.968
41.997
42.033
42.058
42.089
42.115
42.139
42.166
42.189
42.216
42.238
42.260
42.279
42.300
42.320
42.343
42.359
42.379
42.394
42.414
42.431
42.448
42.460
42.477
42.489
42.506
42.519
42.536
42.544
42.558
42.571
42.585
42.596
42.609
42.621
42.631
42.639
42.650
42.657
42.672
42.679
42.687
42.699
42.706
42.714
42.724
42.732
42.738
42.747
42.755
42.763
42.770
42.774
42.783
42.787
42.796
42.802
42.808
42.815
42.819
42.826
42.831
42.836
42.843
42.850
42.853
42.855
42.860
42.867
42.872
42.878
42.881
42.886
42.891
42.893
42.894
42.901
42.905
42.906
42.912
42.913
42.919
42.920
42.923
42.926
42.930
42.934
42.940
42.942
42.943
42.945
42.948
42.953
42.955
42.956
42.958
42.962
42.962
42.967
42.969
42.970
42.974
42.975
42.978
42.978
42.981
42.983
42.983
42.988
42.989
42.988
42.990
42.996
42.996
42.995
42.998
42.996
43.000
43.005
43.002
43.006
43.007
43.008
43.010
43.011
43.011
43.014
43.012
43.015
43.017
43.020
43.016
43.021
43.020
43.022
43.025
43.024
43.029
43.028
43.027
43.030
43.033
43.034
43.031
43.034
43.033
43.035
43.036
43.035
43.035
43.037
43.038
43.038
43.041
43.040
43.040
43.042
43.039
43.043
43.043
43.044
43.044
43.042
43.045
43.045
43.045
43.047
43.049
43.048
43.049
43.048
43.052
43.051
43.050
43.055
43.050
43.051
43.053
43.049
43.049
43.054
43.054
43.057
43.053
43.057
43.056
43.055
43.055
43.057
43.055
43.060
43.055
43.054
43.059
43.056
43.059
43.057
43.057
43.060
43.059
43.060
43.060
43.060
43.056
43.061
43.061
43.061
43.061
43.059
43.059
43.060
43.061
43.063
43.063
43.063
43.062
43.063
43.064
43.064
43.064
43.062
43.065
43.063
43.061
43.061
43.064
43.064
43.063
43.065
43.065
43.067
43.066
43.066
43.065
43.065
43.065
43.067
43.064
43.065
43.065
43.066
43.066
43.064
43.066
43.066
43.064
43.068
43.067
43.068
43.068
43.070
43.069
43.068
43.067
43.067
43.067
43.070
43.069
43.069
43.068
43.069
43.067
43.066
43.070
43.068
43.070
43.067
43.068
43.067
43.068
43.071
43.068
43.070
43.068
43.071
43.070
43.070
43.068
43.067
43.069
43.071
43.071
43.068
43.069
43.070
43.068
43.070
43.070
43.070
43.072
43.070
43.070
43.070
43.069
43.068
43.067
43.070
43.071
43.068
43.072
43.069
43.068
43.072
43.069
43.070
43.068
43.070
43.069
43.069
43.070
43.071
43.069
43.069
43.069
43.070
43.068
43.070
43.071
43.069
43.072
43.069
43.072
43.069
43.071
43.070
43.070
43.069
43.071
43.069
43.070
43.073
43.072
43.071
43.069
43.075
43.070
43.070
43.071
43.070
43.068
43.072
43.068
43.072
43.068
43.069
43.070
43.073
43.070
43.071
43.070
43.072
43.070
43.072
43.069
43.069
43.071
43.072
43.072
43.071
43.069
43.073
43.072
43.070
43.071
43.074
43.072
43.071
43.070
43.072
43.072
43.074
43.071
43.072
43.070
43.069
43.072
43.072
43.071
43.071
43.071
43.072
43.072
43.071
43.071
43.071
43.076
43.072
43.071
43.071
43.070
43.072
43.071
43.071
43.069
43.073
43.069
43.069
43.071
43.072
43.071
43.072
43.070
43.073
43.072
43.073
43.072
43.072
43.071
43.072
43.073
43.070
43.073
43.071
43.071
43.072
43.073
43.072
43.068
43.069
43.073
43.070
43.074
43.073
43.073
43.072
43.070
43.071
43.073
43.073
43.072
43.072
43.068
43.073
43.071
43.072
43.069
43.069
43.071
43.069
43.071
43.069
43.073
43.072
43.072
43.071
43.070
43.070
43.074
43.071
43.073
43.072
43.072
43.070
43.071
43.070
43.071
43.072
43.072
43.074
43.070
43.071
43.070
43.069
43.069
43.073
43.073
43.071
43.069
43.070
43.072
43.071
43.069
43.073
43.070
43.069
43.072
43.073
43.071
43.070
43.070
43.068
43.072
43.072
43.072
43.070
43.073
43.069
43.070
43.075
43.071
43.071
43.069
43.069
43.070
43.070
43.071
43.070
43.071
43.070
43.073
43.071
43.070
43.073
43.071
43.072
43.073
43.073
43.071
43.071
43.073
43.069
43.072
43.072
43.073
43.071
43.070
43.069
43.071
43.069
43.071
43.070
43.070
43.072
43.071
43.070
43.072
43.070
43.072
43.073
43.071
43.073
43.069
43.071
43.073
43.074
43.070
43.072
43.072
43.069
43.073
43.069
43.072
43.070
43.072
43.072
43.071
43.070
43.070
43.072
43.071
43.073
43.070
43.072
43.075
43.072
43.070
43.070
43.069
43.074
43.073
43.073
43.072
43.073
43.072
43.070
43.074
43.072
43.071
43.072
43.071
43.066
43.073
43.071
43.073
43.071
43.072
43.072
43.071
43.073
43.072
43.070
43.070
43.072
43.070
43.071
43.072
43.071
43.071
43.075
43.071
43.068
43.071
43.071
43.073
43.070
43.073
43.071
43.070
43.070
43.072
43.074
43.069
43.073
43.071
43.071
43.072
43.072
43.074
43.072
43.071
43.071
43.072
43.073
43.072
43.072
43.073
43.069
43.073
43.070
43.068
43.071
43.072
43.071
43.074
43.072
43.072
43.071
43.073
43.070
43.072
43.072
43.070
43.070
43.070
43.074
43.075
43.070
43.070
43.072
43.072
43.069
43.069
43.070
43.071
43.069
43.069
43.073
43.072
43.072
43.073
43.070
43.068
43.073
43.071
43.072
43.069
43.070
43.069
43.073
43.076
43.070
43.072
43.073
43.073
43.073
43.071
43.072
43.072
43.070
43.072
43.074
43.075
43.069
43.069
43.068
43.070
43.069
43.069
43.070
43.071
43.071
43.070
43.071
43.071
43.071
43.073
43.072
43.071
43.071
43.072
43.071
43.072
43.070
43.071
43.073
43.072
43.072
43.073
43.073
43.073
43.071
43.070
43.069
43.070
43.072
43.070
43.069
43.071
43.071
43.071
43.072
43.074
43.069
43.070
43.072
43.071
43.073
43.070
43.071
43.071
43.071
43.070
43.073
43.073
43.069
43.072
43.073
43.071
43.072
43.073
43.069
43.073
43.072
43.071
43.070
43.072
43.072
43.071
43.071
43.072
43.074
43.071
43.070
43.071
43.070
43.072
43.070
43.071
43.073
43.073
43.069
43.074
43.070
43.071
43.071
43.071
43.073
43.073
43.069
43.069
43.067
43.071
43.071
43.070
43.069
43.072
43.073
43.070
43.072
43.072
43.069
43.072
43.073
43.071
43.072
43.070
43.073
43.074
43.073
43.071
43.073
43.069
43.073
43.073
43.071
43.070
43.070
43.071
43.073
43.069
43.072
43.071
43.070
43.072
43.073
43.072
43.072
43.072
43.070
43.069
43.071
43.070
43.072
43.071
43.071
43.071
43.071
43.073
43.071
43.069
43.073
43.071
43.072
43.071
43.071
43.073
43.073
43.071
43.074
43.073
43.071
43.072
43.070
43.069
43.072
43.072
43.072
43.072
43.070
43.070
43.072
43.071
43.075
43.071
43.071
43.071
43.070
43.070
43.071
43.073
43.072
43.073
43.072
43.071
43.074
43.072
43.070
43.069
43.073
43.074
43.071
43.072
43.071
43.071
43.070
43.074
43.073
43.069
43.071
43.072
43.069
43.072
43.073
43.071
43.070
43.073
43.067
43.072
43.075
43.072
43.074
43.072
43.072
43.072
43.070
43.072
43.069
43.073
43.071
43.075
43.070
43.069
43.071
43.074
43.072
43.069
43.071
43.074
43.072
43.071
43.073
43.068
43.072
43.071
43.073
43.071
43.071
43.072
43.071
43.072
43.072
43.071
43.070
43.072
43.073
43.071
43.072
43.072
43.073
43.069
43.072
43.069
43.069
43.071
43.071
43.071
43.071
43.069
43.072
43.072
43.073
43.073
43.070
43.074
43.073
43.070
43.071
