7.235
7.546
7.983
8.268
8.681
9.114
9.626
10.154
10.602
11.166
11.728
12.400
13.016
13.716
14.456
15.227
16.026
16.858
17.714
18.605
19.519
20.459
21.420
22.420
23.407
24.392
25.403
26.418
27.428
28.438
29.439
30.410
31.360
32.319
33.249
34.136
35.000
35.865
36.668
37.449
38.198
38.908
39.597
40.247
40.859
41.437
41.998
42.509
43.001
43.455
43.886
44.297
44.673
45.034
45.366
45.684
45.977
46.252
46.513
46.760
46.984
47.204
47.406
47.597
47.780
47.951
48.112
48.253
48.401
48.541
48.658
48.791
48.907
49.024
49.118
49.217
49.318
49.409
49.491
49.575
49.660
49.727
49.800
49.868
49.941
50.000
50.058
50.113
50.167
50.219
50.268
50.323
50.369
50.408
50.460
50.497
50.542
50.578
50.615
50.659
50.691
50.719
50.757
50.780
50.819
50.849
50.875
50.900
50.930
50.958
50.981
51.003
51.028
51.046
51.070
51.098
51.109
51.139
51.160
51.167
51.197
51.211
51.231
51.242
51.260
51.281
51.290
51.303
51.324
51.331
51.354
51.368
51.382
51.381
51.397
51.413
51.431
51.431
51.441
51.449
51.475
51.471
51.490
51.495
51.507
51.519
51.521
51.530
51.541
51.552
51.554
51.566
51.579
51.587
51.586
51.592
51.598
51.612
51.622
51.624
51.635
51.640
51.643
51.650
51.651
51.659
51.665
51.669
51.670
51.685
51.690
51.697
51.699
51.698
51.705
51.715
51.707
51.720
51.728
51.724
51.729
51.729
51.736
51.746
51.750
51.747
51.750
51.752
51.755
51.762
51.766
51.765
51.773
51.775
51.777
51.781
51.779
51.789
51.788
51.785
51.797
51.791
51.799
51.796
51.808
51.801
51.811
51.810
51.809
51.809
51.820
51.817
51.818
51.822
51.822
51.831
51.823
51.825
51.832
51.831
51.831
51.837
51.829
51.840
51.840
51.839
51.841
51.847
51.837
51.850
51.844
51.843
51.852
51.850
51.847
51.850
51.848
51.852
51.863
51.850
51.854
51.854
51.865
51.855
51.858
51.862
51.859
51.868
51.867
51.870
51.870
51.876
51.868
51.875
51.867
51.868
51.868
51.876
51.870
51.874
51.868
51.871
51.875
51.880
51.873
51.879
51.882
51.877
51.879
51.880
51.886
51.880
51.881
51.880
51.882
51.887
51.882
51.884
51.888
51.885
51.888
51.884
51.882
51.885
51.888
51.891
51.894
51.888
51.891
51.889
51.894
51.889
51.894
51.891
51.895
51.897
51.888
51.886
51.893
51.893
51.892
51.889
51.889
51.898
51.894
51.895
51.889
51.888
51.894
51.897
51.894
51.900
51.901
51.896
51.892
51.893
51.891
51.899
51.906
51.892
51.897
51.897
51.899
51.898
51.896
51.897
51.893
51.895
51.897
51.900
51.906
51.892
51.902
51.895
51.902
51.898
51.901
51.900
51.894
51.903
51.902
51.897
51.900
51.899
51.903
51.896
51.896
51.899
51.899
51.898
51.899
51.904
51.901
51.902
51.899
51.903
51.897
51.903
51.897
51.896
51.909
51.898
51.901
51.904
51.902
51.904
51.907
51.904
51.904
51.908
51.902
51.908
51.901
51.900
51.905
51.904
51.899
51.908
51.904
51.906
51.909
51.905
51.900
51.904
51.909
51.907
51.901
51.909
51.905
51.903
51.911
51.900
51.900
51.903
51.907
51.899
51.903
51.906
51.908
51.911
51.906
51.902
51.904
51.909
51.911
51.908
51.904
51.905
51.903
51.906
51.905
51.908
51.903
51.905
51.912
51.900
51.906
51.903
51.899
51.906
51.902
51.907
51.905
51.905
51.900
51.908
51.904
51.902
51.903
51.912
51.897
51.912
51.903
51.911
51.903
51.902
51.905
51.906
51.908
51.904
51.908
51.900
51.906
51.909
51.910
51.910
51.898
51.906
51.907
51.910
51.902
51.899
51.903
51.910
51.902
51.905
51.904
51.906
51.905
51.902
51.905
51.905
51.908
51.907
51.905
51.906
51.913
51.909
51.901
51.901
51.908
51.905
51.906
51.908
51.910
51.903
51.909
51.904
51.906
51.911
51.904
51.903
51.907
51.904
51.902
51.907
51.902
51.912
51.901
51.905
51.906
51.906
51.912
51.902
51.909
51.914
51.910
51.904
51.909
51.903
51.906
51.914
51.912
51.906
51.910
51.910
51.911
51.902
51.904
51.900
51.908
51.904
51.909
51.905
51.905
51.900
51.909
51.912
51.904
51.909
51.903
51.901
51.907
51.910
51.904
51.907
51.900
51.906
51.906
51.904
51.909
51.908
51.906
51.908
51.913
51.911
51.900
51.907
51.910
51.904
51.902
51.910
51.909
51.908
51.906
51.906
51.903
51.910
51.903
51.902
51.907
51.907
51.913
51.902
51.909
51.903
51.905
51.909
51.907
51.903
51.909
51.908
51.908
51.904
51.908
51.911
51.909
51.902
51.905
51.906
51.910
51.902
51.911
51.916
51.904
51.904
51.908
51.902
51.911
51.900
51.901
51.907
51.910
51.899
51.906
51.913
51.907
51.904
51.910
51.912
51.912
51.904
51.906
51.909
51.909
51.900
51.903
51.905
51.901
51.903
51.902
51.908
51.905
51.902
51.911
51.911
51.905
51.910
51.913
51.901
51.908
51.898
51.911
51.907
51.908
51.904
51.903
51.911
51.899
51.908
51.912
51.906
51.901
51.903
51.914
51.908
51.900
51.902
51.905
51.899
51.906
51.910
51.907
51.906
51.907
51.913
51.903
51.910
51.902
51.901
51.907
51.909
51.910
51.903
51.906
51.907
51.907
51.905
51.907
51.901
51.915
51.912
51.904
51.904
51.906
51.905
51.904
51.907
51.909
51.905
51.910
51.902
51.910
51.904
51.914
51.903
51.899
51.909
51.905
51.909
51.907
51.903
51.906
51.902
51.903
51.914
51.907
51.905
51.909
51.905
51.909
51.907
51.908
51.900
51.908
51.902
51.903
51.902
51.902
51.903
51.905
51.899
51.910
51.908
51.914
51.908
51.907
51.909
51.908
51.900
51.907
51.903
51.903
51.903
51.907
51.908
51.905
51.903
51.907
51.916
51.906
51.899
51.910
51.906
51.911
51.909
51.910
51.906
51.907
51.907
51.906
51.912
51.914
51.901
51.906
51.900
51.904
51.908
51.911
51.909
51.906
51.908
51.906
51.905
51.908
51.904
51.909
51.903
51.908
51.902
51.906
51.901
51.906
51.905
51.910
51.914
51.907
51.904
51.902
51.907
51.910
51.904
51.908
51.913
51.908
51.915
51.914
51.910
51.900
51.911
51.903
51.914
51.908
51.906
51.906
51.904
51.906
51.900
51.904
51.908
51.904
51.903
51.913
51.908
51.909
51.904
51.911
51.905
51.911
51.911
51.910
51.906
51.912
51.910
51.900
51.908
51.911
51.907
51.903
51.911
51.906
51.907
51.907
51.903
51.909
51.908
51.907
51.904
51.907
51.899
51.902
51.903
51.908
51.910
51.903
51.907
51.912
51.905
51.914
51.904
51.912
51.905
51.901
51.904
51.912
51.909
51.908
51.901
51.906
51.909
51.906
51.905
51.904
51.909
51.900
51.904
51.911
51.900
51.901
51.905
51.900
51.909
51.903
51.910
51.910
51.909
51.907
51.907
51.902
51.913
51.902
51.903
51.907
51.910
51.906
51.908
51.913
51.911
51.900
51.908
51.907
51.904
51.910
51.902
51.910
51.910
51.901
51.897
51.906
51.908
51.908
51.908
51.909
51.901
51.909
51.910
51.909
51.907
51.907
51.901
51.904
51.909
51.904
51.912
51.905
51.909
51.903
51.902
51.910
51.901
51.912
51.912
51.907
51.903
51.908
51.910
51.907
51.910
51.905
51.900
51.908
51.914
51.902
51.907
51.904
51.905
51.908
51.904
51.904
51.903
51.907
51.913
51.909
51.900
51.905
51.911
51.902
51.904
51.905
51.902
51.907
51.900
51.906
51.911
51.910
51.902
51.906
51.906
51.901
51.907
51.908
51.907
51.905
51.909
51.910
51.909
51.907
51.907
51.903
51.914
51.906
51.910
51.909
51.908
51.909
51.911
51.914
51.902
51.906
51.907
51.910
51.906
51.907
51.909
51.903
51.912
51.907
51.907
51.909
51.906
51.905
51.906
51.911
51.904
51.900
51.901
51.899
51.905
51.903
51.913
51.910
51.898
51.909
51.909
51.906
51.901
51.902
51.904
51.908
51.906
51.904
51.908
51.910
51.910
51.914
51.906
51.909
51.906
51.910
51.909
51.905
51.908
51.905
51.910
51.910
51.903
51.908
51.910
51.912
51.908
51.912
51.909
51.910
51.907
51.903
51.907
51.906
51.906
51.908
51.902
51.910
51.904
51.901
51.910
51.910
51.913
51.908
51.912
51.905
51.903
51.905
51.911
51.912
51.907
51.908
51.906
51.906
51.906
51.902
51.909
51.904
51.906
51.906
51.906
