-0.312 -0.318 -0.311 -0.321 -0.310 -0.324 -0.326 -0.320 -0.318 -0.306 -0.327 -0.297 -0.282 -0.289 -0.324 -0.314 -0.313 -0.308 -0.290 -0.289 -0.291 -0.288 -0.291 -0.295 -0.303 -0.294 -0.299 -0.296 -0.305 -0.299 -0.296 -0.313 -0.291 -0.309 -0.313 -0.309 -0.317 -0.294 -0.301 -0.299 -0.284 -0.296 -0.319 -0.322 -0.320 -0.310 -0.272 -0.258 -0.258 -0.270
-0.318 -0.323 -0.316 -0.327 -0.315 -0.330 -0.332 -0.326 -0.323 -0.311 -0.333 -0.302 -0.286 -0.294 -0.330 -0.319 -0.319 -0.313 -0.295 -0.294 -0.296 -0.293 -0.296 -0.300 -0.308 -0.298 -0.304 -0.301 -0.310 -0.304 -0.301 -0.318 -0.296 -0.315 -0.319 -0.314 -0.323 -0.299 -0.307 -0.305 -0.289 -0.301 -0.325 -0.328 -0.326 -0.315 -0.276 -0.261 -0.261 -0.274
-0.311 -0.316 -0.309 -0.319 -0.308 -0.322 -0.324 -0.319 -0.316 -0.304 -0.325 -0.296 -0.280 -0.288 -0.322 -0.312 -0.312 -0.306 -0.289 -0.288 -0.290 -0.287 -0.290 -0.294 -0.301 -0.292 -0.298 -0.295 -0.304 -0.298 -0.294 -0.311 -0.290 -0.308 -0.312 -0.307 -0.316 -0.292 -0.300 -0.298 -0.283 -0.294 -0.318 -0.321 -0.319 -0.308 -0.271 -0.257 -0.257 -0.269
-0.321 -0.327 -0.319 -0.330 -0.318 -0.333 -0.335 -0.330 -0.327 -0.314 -0.336 -0.305 -0.288 -0.297 -0.333 -0.322 -0.322 -0.316 -0.297 -0.296 -0.299 -0.295 -0.299 -0.303 -0.311 -0.301 -0.307 -0.304 -0.313 -0.307 -0.303 -0.321 -0.298 -0.318 -0.322 -0.317 -0.326 -0.301 -0.309 -0.307 -0.291 -0.303 -0.329 -0.331 -0.329 -0.318 -0.278 -0.263 -0.263 -0.276
-0.310 -0.315 -0.308 -0.318 -0.307 -0.321 -0.323 -0.318 -0.315 -0.303 -0.324 -0.295 -0.279 -0.287 -0.321 -0.311 -0.311 -0.305 -0.288 -0.287 -0.289 -0.286 -0.289 -0.293 -0.300 -0.291 -0.297 -0.294 -0.303 -0.297 -0.293 -0.310 -0.289 -0.307 -0.311 -0.306 -0.315 -0.291 -0.299 -0.297 -0.282 -0.293 -0.317 -0.319 -0.318 -0.307 -0.270 -0.256 -0.256 -0.268
-0.324 -0.330 -0.322 -0.333 -0.321 -0.336 -0.339 -0.333 -0.330 -0.317 -0.340 -0.308 -0.291 -0.299 -0.337 -0.325 -0.325 -0.319 -0.300 -0.299 -0.301 -0.298 -0.301 -0.305 -0.314 -0.304 -0.309 -0.307 -0.316 -0.310 -0.306 -0.324 -0.301 -0.321 -0.325 -0.320 -0.329 -0.304 -0.312 -0.310 -0.294 -0.306 -0.332 -0.335 -0.333 -0.321 -0.281 -0.265 -0.265 -0.278
-0.326 -0.332 -0.324 -0.335 -0.323 -0.339 -0.341 -0.335 -0.332 -0.319 -0.342 -0.309 -0.292 -0.301 -0.339 -0.328 -0.327 -0.321 -0.301 -0.300 -0.303 -0.300 -0.303 -0.307 -0.315 -0.305 -0.311 -0.308 -0.318 -0.312 -0.308 -0.326 -0.302 -0.323 -0.327 -0.322 -0.331 -0.306 -0.314 -0.312 -0.295 -0.308 -0.334 -0.337 -0.335 -0.323 -0.282 -0.266 -0.266 -0.280
-0.320 -0.326 -0.319 -0.330 -0.318 -0.333 -0.335 -0.329 -0.326 -0.314 -0.336 -0.305 -0.288 -0.296 -0.333 -0.322 -0.321 -0.316 -0.297 -0.296 -0.299 -0.295 -0.298 -0.302 -0.311 -0.301 -0.306 -0.304 -0.313 -0.307 -0.303 -0.321 -0.298 -0.318 -0.322 -0.317 -0.326 -0.301 -0.309 -0.307 -0.291 -0.303 -0.328 -0.331 -0.329 -0.318 -0.278 -0.263 -0.263 -0.276
-0.318 -0.323 -0.316 -0.327 -0.315 -0.330 -0.332 -0.326 -0.324 -0.311 -0.333 -0.302 -0.286 -0.294 -0.330 -0.319 -0.319 -0.313 -0.295 -0.294 -0.296 -0.293 -0.296 -0.300 -0.308 -0.298 -0.304 -0.301 -0.310 -0.304 -0.301 -0.318 -0.296 -0.315 -0.319 -0.314 -0.323 -0.299 -0.307 -0.305 -0.289 -0.301 -0.325 -0.328 -0.326 -0.315 -0.276 -0.261 -0.261 -0.274
-0.306 -0.311 -0.304 -0.314 -0.303 -0.317 -0.319 -0.314 -0.311 -0.299 -0.319 -0.291 -0.276 -0.284 -0.317 -0.307 -0.306 -0.301 -0.284 -0.283 -0.286 -0.283 -0.286 -0.289 -0.297 -0.288 -0.293 -0.290 -0.299 -0.293 -0.290 -0.306 -0.285 -0.303 -0.307 -0.302 -0.310 -0.288 -0.295 -0.294 -0.279 -0.290 -0.313 -0.315 -0.313 -0.303 -0.267 -0.253 -0.254 -0.265
-0.327 -0.333 -0.325 -0.336 -0.324 -0.340 -0.342 -0.336 -0.333 -0.319 -0.343 -0.310 -0.293 -0.302 -0.340 -0.328 -0.328 -0.322 -0.302 -0.301 -0.304 -0.300 -0.304 -0.308 -0.316 -0.306 -0.312 -0.309 -0.319 -0.313 -0.308 -0.327 -0.303 -0.324 -0.328 -0.323 -0.332 -0.306 -0.315 -0.313 -0.296 -0.309 -0.335 -0.338 -0.336 -0.324 -0.283 -0.267 -0.267 -0.280
-0.297 -0.302 -0.296 -0.305 -0.295 -0.308 -0.309 -0.305 -0.302 -0.291 -0.310 -0.284 -0.270 -0.277 -0.308 -0.299 -0.298 -0.293 -0.277 -0.276 -0.279 -0.276 -0.279 -0.282 -0.289 -0.281 -0.285 -0.283 -0.291 -0.286 -0.282 -0.298 -0.278 -0.295 -0.299 -0.294 -0.302 -0.281 -0.288 -0.286 -0.272 -0.283 -0.304 -0.306 -0.304 -0.295 -0.261 -0.248 -0.248 -0.260
-0.282 -0.286 -0.280 -0.288 -0.279 -0.291 -0.292 -0.288 -0.286 -0.276 -0.293 -0.270 -0.257 -0.263 -0.291 -0.283 -0.282 -0.278 -0.264 -0.263 -0.265 -0.262 -0.265 -0.268 -0.274 -0.267 -0.271 -0.269 -0.276 -0.271 -0.268 -0.282 -0.264 -0.280 -0.283 -0.279 -0.286 -0.267 -0.273 -0.271 -0.259 -0.268 -0.287 -0.289 -0.288 -0.280 -0.249 -0.237 -0.237 -0.248
-0.289 -0.294 -0.288 -0.297 -0.287 -0.299 -0.301 -0.296 -0.294 -0.284 -0.302 -0.277 -0.263 -0.270 -0.299 -0.291 -0.290 -0.286 -0.270 -0.269 -0.272 -0.269 -0.272 -0.275 -0.282 -0.274 -0.278 -0.276 -0.284 -0.279 -0.275 -0.290 -0.271 -0.287 -0.291 -0.287 -0.294 -0.274 -0.280 -0.279 -0.266 -0.275 -0.296 -0.298 -0.296 -0.288 -0.255 -0.243 -0.243 -0.254
-0.324 -0.330 -0.322 -0.333 -0.321 -0.337 -0.339 -0.333 -0.330 -0.317 -0.340 -0.308 -0.291 -0.299 -0.337 -0.326 -0.325 -0.319 -0.300 -0.299 -0.302 -0.298 -0.301 -0.306 -0.314 -0.304 -0.310 -0.307 -0.316 -0.310 -0.306 -0.325 -0.301 -0.321 -0.326 -0.320 -0.329 -0.304 -0.312 -0.310 -0.294 -0.306 -0.332 -0.335 -0.333 -0.321 -0.281 -0.265 -0.265 -0.279
-0.314 -0.319 -0.312 -0.322 -0.311 -0.325 -0.328 -0.322 -0.319 -0.307 -0.328 -0.299 -0.283 -0.291 -0.326 -0.315 -0.315 -0.309 -0.291 -0.290 -0.293 -0.290 -0.293 -0.297 -0.304 -0.295 -0.300 -0.298 -0.307 -0.301 -0.297 -0.314 -0.292 -0.311 -0.315 -0.310 -0.319 -0.295 -0.303 -0.301 -0.286 -0.297 -0.321 -0.324 -0.322 -0.311 -0.273 -0.259 -0.259 -0.271
-0.313 -0.319 -0.312 -0.322 -0.311 -0.325 -0.327 -0.321 -0.319 -0.306 -0.328 -0.298 -0.282 -0.290 -0.325 -0.315 -0.314 -0.309 -0.291 -0.290 -0.292 -0.289 -0.292 -0.296 -0.304 -0.294 -0.300 -0.297 -0.306 -0.300 -0.296 -0.314 -0.292 -0.310 -0.314 -0.310 -0.318 -0.294 -0.302 -0.300 -0.285 -0.297 -0.320 -0.323 -0.321 -0.311 -0.273 -0.258 -0.258 -0.271
-0.308 -0.313 -0.306 -0.316 -0.305 -0.319 -0.321 -0.316 -0.313 -0.301 -0.322 -0.293 -0.278 -0.286 -0.319 -0.309 -0.309 -0.304 -0.286 -0.285 -0.288 -0.285 -0.288 -0.291 -0.299 -0.290 -0.295 -0.292 -0.301 -0.295 -0.292 -0.308 -0.287 -0.305 -0.309 -0.304 -0.313 -0.290 -0.297 -0.295 -0.281 -0.292 -0.315 -0.317 -0.316 -0.305 -0.269 -0.255 -0.255 -0.267
-0.290 -0.295 -0.289 -0.297 -0.288 -0.300 -0.301 -0.297 -0.295 -0.284 -0.302 -0.277 -0.264 -0.270 -0.300 -0.291 -0.291 -0.286 -0.271 -0.270 -0.272 -0.269 -0.272 -0.275 -0.282 -0.274 -0.278 -0.276 -0.284 -0.279 -0.276 -0.290 -0.272 -0.288 -0.291 -0.287 -0.294 -0.274 -0.281 -0.279 -0.266 -0.276 -0.296 -0.298 -0.297 -0.288 -0.255 -0.243 -0.243 -0.254
-0.289 -0.294 -0.288 -0.296 -0.287 -0.299 -0.300 -0.296 -0.294 -0.283 -0.301 -0.276 -0.263 -0.269 -0.299 -0.290 -0.290 -0.285 -0.270 -0.269 -0.271 -0.268 -0.271 -0.274 -0.281 -0.273 -0.278 -0.275 -0.283 -0.278 -0.275 -0.289 -0.271 -0.287 -0.290 -0.286 -0.293 -0.273 -0.280 -0.278 -0.265 -0.275 -0.295 -0.297 -0.296 -0.287 -0.254 -0.242 -0.242 -0.253
-0.291 -0.296 -0.290 -0.299 -0.289 -0.301 -0.303 -0.299 -0.296 -0.286 -0.304 -0.279 -0.265 -0.272 -0.302 -0.293 -0.292 -0.288 -0.272 -0.271 -0.273 -0.271 -0.273 -0.277 -0.283 -0.275 -0.280 -0.278 -0.285 -0.280 -0.277 -0.292 -0.273 -0.289 -0.293 -0.289 -0.296 -0.275 -0.282 -0.280 -0.267 -0.277 -0.298 -0.300 -0.298 -0.289 -0.256 -0.244 -0.244 -0.255
-0.288 -0.293 -0.287 -0.295 -0.286 -0.298 -0.300 -0.295 -0.293 -0.283 -0.300 -0.276 -0.262 -0.269 -0.298 -0.290 -0.289 -0.285 -0.269 -0.268 -0.271 -0.268 -0.271 -0.274 -0.281 -0.273 -0.277 -0.275 -0.282 -0.278 -0.274 -0.289 -0.270 -0.286 -0.290 -0.286 -0.293 -0.273 -0.279 -0.278 -0.264 -0.274 -0.294 -0.297 -0.295 -0.286 -0.254 -0.242 -0.242 -0.252
-0.291 -0.296 -0.290 -0.299 -0.289 -0.301 -0.303 -0.298 -0.296 -0.286 -0.304 -0.279 -0.265 -0.272 -0.301 -0.293 -0.292 -0.288 -0.272 -0.271 -0.273 -0.271 -0.273 -0.277 -0.283 -0.275 -0.280 -0.278 -0.285 -0.280 -0.277 -0.292 -0.273 -0.289 -0.293 -0.288 -0.296 -0.275 -0.282 -0.280 -0.267 -0.277 -0.298 -0.300 -0.298 -0.289 -0.256 -0.244 -0.244 -0.255
-0.295 -0.300 -0.294 -0.303 -0.293 -0.305 -0.307 -0.302 -0.300 -0.289 -0.308 -0.282 -0.268 -0.275 -0.306 -0.297 -0.296 -0.291 -0.275 -0.274 -0.277 -0.274 -0.277 -0.280 -0.287 -0.279 -0.283 -0.281 -0.289 -0.284 -0.281 -0.296 -0.276 -0.293 -0.296 -0.292 -0.300 -0.279 -0.286 -0.284 -0.270 -0.281 -0.302 -0.304 -0.302 -0.293 -0.259 -0.247 -0.247 -0.258
-0.303 -0.308 -0.301 -0.311 -0.300 -0.314 -0.315 -0.311 -0.308 -0.297 -0.316 -0.289 -0.274 -0.282 -0.314 -0.304 -0.304 -0.299 -0.282 -0.281 -0.283 -0.281 -0.283 -0.287 -0.294 -0.286 -0.290 -0.288 -0.296 -0.291 -0.287 -0.303 -0.283 -0.300 -0.304 -0.300 -0.307 -0.286 -0.293 -0.291 -0.277 -0.288 -0.310 -0.312 -0.310 -0.301 -0.265 -0.252 -0.252 -0.264
-0.294 -0.298 -0.292 -0.301 -0.291 -0.304 -0.305 -0.301 -0.298 -0.288 -0.306 -0.281 -0.267 -0.274 -0.304 -0.295 -0.294 -0.290 -0.274 -0.273 -0.275 -0.273 -0.275 -0.279 -0.286 -0.277 -0.282 -0.280 -0.287 -0.282 -0.279 -0.294 -0.275 -0.291 -0.295 -0.291 -0.298 -0.277 -0.284 -0.282 -0.269 -0.279 -0.300 -0.302 -0.301 -0.292 -0.258 -0.245 -0.245 -0.257
-0.299 -0.304 -0.298 -0.307 -0.297 -0.309 -0.311 -0.306 -0.304 -0.293 -0.312 -0.285 -0.271 -0.278 -0.310 -0.300 -0.300 -0.295 -0.278 -0.278 -0.280 -0.277 -0.280 -0.283 -0.290 -0.282 -0.287 -0.284 -0.292 -0.287 -0.284 -0.299 -0.279 -0.297 -0.300 -0.296 -0.303 -0.282 -0.289 -0.287 -0.273 -0.284 -0.305 -0.308 -0.306 -0.297 -0.262 -0.249 -0.249 -0.261
-0.296 -0.301 -0.295 -0.304 -0.294 -0.307 -0.308 -0.304 -0.301 -0.290 -0.309 -0.283 -0.269 -0.276 -0.307 -0.298 -0.297 -0.292 -0.276 -0.275 -0.278 -0.275 -0.278 -0.281 -0.288 -0.280 -0.284 -0.282 -0.290 -0.285 -0.281 -0.297 -0.277 -0.294 -0.298 -0.293 -0.301 -0.280 -0.287 -0.285 -0.271 -0.282 -0.303 -0.305 -0.303 -0.294 -0.260 -0.247 -0.247 -0.259
-0.305 -0.310 -0.304 -0.313 -0.303 -0.316 -0.318 -0.313 -0.310 -0.299 -0.319 -0.291 -0.276 -0.284 -0.316 -0.307 -0.306 -0.301 -0.284 -0.283 -0.285 -0.282 -0.285 -0.289 -0.296 -0.287 -0.292 -0.290 -0.298 -0.293 -0.289 -0.306 -0.285 -0.303 -0.306 -0.302 -0.310 -0.288 -0.295 -0.293 -0.279 -0.290 -0.312 -0.315 -0.313 -0.303 -0.267 -0.253 -0.253 -0.265
-0.299 -0.304 -0.298 -0.307 -0.297 -0.310 -0.312 -0.307 -0.304 -0.293 -0.313 -0.286 -0.271 -0.279 -0.310 -0.301 -0.300 -0.295 -0.279 -0.278 -0.280 -0.278 -0.280 -0.284 -0.291 -0.282 -0.287 -0.285 -0.293 -0.288 -0.284 -0.300 -0.280 -0.297 -0.301 -0.296 -0.304 -0.283 -0.290 -0.288 -0.274 -0.284 -0.306 -0.308 -0.307 -0.297 -0.263 -0.249 -0.250 -0.261
-0.296 -0.301 -0.294 -0.303 -0.293 -0.306 -0.308 -0.303 -0.301 -0.290 -0.308 -0.282 -0.268 -0.275 -0.306 -0.297 -0.296 -0.292 -0.276 -0.275 -0.277 -0.274 -0.277 -0.281 -0.287 -0.279 -0.284 -0.281 -0.289 -0.284 -0.281 -0.296 -0.277 -0.293 -0.297 -0.293 -0.300 -0.279 -0.286 -0.284 -0.271 -0.281 -0.302 -0.304 -0.303 -0.294 -0.260 -0.247 -0.247 -0.258
-0.313 -0.318 -0.311 -0.321 -0.310 -0.324 -0.326 -0.321 -0.318 -0.306 -0.327 -0.298 -0.282 -0.290 -0.325 -0.314 -0.314 -0.308 -0.290 -0.289 -0.292 -0.289 -0.292 -0.296 -0.303 -0.294 -0.299 -0.297 -0.306 -0.300 -0.296 -0.313 -0.291 -0.310 -0.314 -0.309 -0.318 -0.294 -0.302 -0.300 -0.285 -0.296 -0.320 -0.323 -0.321 -0.310 -0.272 -0.258 -0.258 -0.271
-0.291 -0.296 -0.290 -0.298 -0.289 -0.301 -0.302 -0.298 -0.296 -0.285 -0.303 -0.278 -0.264 -0.271 -0.301 -0.292 -0.292 -0.287 -0.272 -0.271 -0.273 -0.270 -0.273 -0.276 -0.283 -0.275 -0.279 -0.277 -0.285 -0.280 -0.277 -0.291 -0.273 -0.289 -0.292 -0.288 -0.295 -0.275 -0.282 -0.280 -0.267 -0.277 -0.297 -0.299 -0.298 -0.289 -0.256 -0.243 -0.244 -0.255
-0.309 -0.315 -0.308 -0.318 -0.307 -0.321 -0.323 -0.318 -0.315 -0.303 -0.324 -0.295 -0.280 -0.287 -0.321 -0.311 -0.310 -0.305 -0.288 -0.287 -0.289 -0.286 -0.289 -0.293 -0.300 -0.291 -0.297 -0.294 -0.303 -0.297 -0.293 -0.310 -0.289 -0.307 -0.311 -0.306 -0.314 -0.292 -0.299 -0.297 -0.282 -0.294 -0.317 -0.319 -0.317 -0.307 -0.270 -0.256 -0.256 -0.269
-0.313 -0.319 -0.312 -0.322 -0.311 -0.325 -0.327 -0.322 -0.319 -0.307 -0.328 -0.299 -0.283 -0.291 -0.326 -0.315 -0.314 -0.309 -0.291 -0.290 -0.293 -0.290 -0.293 -0.296 -0.304 -0.295 -0.300 -0.298 -0.306 -0.301 -0.297 -0.314 -0.292 -0.311 -0.315 -0.310 -0.319 -0.295 -0.303 -0.301 -0.286 -0.297 -0.321 -0.324 -0.322 -0.311 -0.273 -0.259 -0.259 -0.271
-0.309 -0.314 -0.307 -0.317 -0.306 -0.320 -0.322 -0.317 -0.314 -0.302 -0.323 -0.294 -0.279 -0.287 -0.320 -0.310 -0.310 -0.304 -0.287 -0.286 -0.289 -0.286 -0.288 -0.292 -0.300 -0.291 -0.296 -0.293 -0.302 -0.296 -0.293 -0.309 -0.288 -0.306 -0.310 -0.305 -0.314 -0.291 -0.298 -0.296 -0.282 -0.293 -0.316 -0.318 -0.317 -0.306 -0.270 -0.256 -0.256 -0.268
-0.317 -0.323 -0.316 -0.326 -0.315 -0.329 -0.331 -0.326 -0.323 -0.310 -0.332 -0.302 -0.286 -0.294 -0.329 -0.319 -0.318 -0.313 -0.294 -0.293 -0.296 -0.293 -0.296 -0.300 -0.307 -0.298 -0.303 -0.301 -0.310 -0.304 -0.300 -0.318 -0.295 -0.314 -0.319 -0.314 -0.322 -0.298 -0.306 -0.304 -0.288 -0.300 -0.325 -0.327 -0.326 -0.315 -0.276 -0.261 -0.261 -0.274
-0.294 -0.299 -0.292 -0.301 -0.291 -0.304 -0.306 -0.301 -0.299 -0.288 -0.306 -0.281 -0.267 -0.274 -0.304 -0.295 -0.294 -0.290 -0.274 -0.273 -0.275 -0.273 -0.275 -0.279 -0.286 -0.277 -0.282 -0.280 -0.288 -0.283 -0.279 -0.294 -0.275 -0.292 -0.295 -0.291 -0.298 -0.278 -0.284 -0.283 -0.269 -0.279 -0.300 -0.302 -0.301 -0.292 -0.258 -0.245 -0.246 -0.257
-0.301 -0.307 -0.300 -0.309 -0.299 -0.312 -0.314 -0.309 -0.307 -0.295 -0.315 -0.288 -0.273 -0.280 -0.312 -0.303 -0.302 -0.297 -0.281 -0.280 -0.282 -0.279 -0.282 -0.286 -0.293 -0.284 -0.289 -0.287 -0.295 -0.290 -0.286 -0.302 -0.282 -0.299 -0.303 -0.298 -0.306 -0.284 -0.291 -0.290 -0.275 -0.286 -0.308 -0.311 -0.309 -0.299 -0.264 -0.250 -0.251 -0.262
-0.299 -0.305 -0.298 -0.307 -0.297 -0.310 -0.312 -0.307 -0.305 -0.294 -0.313 -0.286 -0.271 -0.279 -0.310 -0.301 -0.300 -0.295 -0.279 -0.278 -0.280 -0.278 -0.280 -0.284 -0.291 -0.282 -0.287 -0.285 -0.293 -0.288 -0.284 -0.300 -0.280 -0.297 -0.301 -0.296 -0.304 -0.283 -0.290 -0.288 -0.274 -0.284 -0.306 -0.309 -0.307 -0.297 -0.263 -0.249 -0.249 -0.261
-0.284 -0.289 -0.283 -0.291 -0.282 -0.294 -0.295 -0.291 -0.289 -0.279 -0.296 -0.272 -0.259 -0.266 -0.294 -0.286 -0.285 -0.281 -0.266 -0.265 -0.267 -0.264 -0.267 -0.270 -0.277 -0.269 -0.273 -0.271 -0.279 -0.274 -0.271 -0.285 -0.267 -0.282 -0.286 -0.282 -0.288 -0.269 -0.275 -0.274 -0.261 -0.271 -0.290 -0.292 -0.291 -0.282 -0.251 -0.239 -0.239 -0.250
-0.296 -0.301 -0.294 -0.303 -0.293 -0.306 -0.308 -0.303 -0.301 -0.290 -0.309 -0.283 -0.268 -0.275 -0.306 -0.297 -0.297 -0.292 -0.276 -0.275 -0.277 -0.274 -0.277 -0.281 -0.288 -0.279 -0.284 -0.282 -0.290 -0.284 -0.281 -0.296 -0.277 -0.294 -0.297 -0.293 -0.300 -0.279 -0.286 -0.284 -0.271 -0.281 -0.302 -0.305 -0.303 -0.294 -0.260 -0.247 -0.247 -0.258
-0.319 -0.325 -0.318 -0.329 -0.317 -0.332 -0.334 -0.328 -0.325 -0.313 -0.335 -0.304 -0.287 -0.296 -0.332 -0.321 -0.320 -0.315 -0.296 -0.295 -0.298 -0.294 -0.298 -0.302 -0.310 -0.300 -0.305 -0.303 -0.312 -0.306 -0.302 -0.320 -0.297 -0.317 -0.321 -0.316 -0.325 -0.300 -0.308 -0.306 -0.290 -0.302 -0.327 -0.330 -0.328 -0.317 -0.277 -0.262 -0.262 -0.275
-0.322 -0.328 -0.321 -0.331 -0.319 -0.335 -0.337 -0.331 -0.328 -0.315 -0.338 -0.306 -0.289 -0.298 -0.335 -0.324 -0.323 -0.317 -0.298 -0.297 -0.300 -0.297 -0.300 -0.304 -0.312 -0.302 -0.308 -0.305 -0.315 -0.308 -0.304 -0.323 -0.299 -0.319 -0.324 -0.318 -0.327 -0.302 -0.311 -0.309 -0.292 -0.305 -0.330 -0.333 -0.331 -0.320 -0.279 -0.264 -0.264 -0.277
-0.320 -0.326 -0.319 -0.329 -0.318 -0.333 -0.335 -0.329 -0.326 -0.313 -0.336 -0.304 -0.288 -0.296 -0.333 -0.322 -0.321 -0.316 -0.297 -0.296 -0.298 -0.295 -0.298 -0.302 -0.310 -0.301 -0.306 -0.303 -0.313 -0.307 -0.303 -0.321 -0.298 -0.317 -0.322 -0.317 -0.326 -0.301 -0.309 -0.307 -0.291 -0.303 -0.328 -0.331 -0.329 -0.318 -0.278 -0.263 -0.263 -0.276
-0.310 -0.315 -0.308 -0.318 -0.307 -0.321 -0.323 -0.318 -0.315 -0.303 -0.324 -0.295 -0.280 -0.288 -0.321 -0.311 -0.311 -0.305 -0.288 -0.287 -0.289 -0.286 -0.289 -0.293 -0.301 -0.292 -0.297 -0.294 -0.303 -0.297 -0.294 -0.310 -0.289 -0.307 -0.311 -0.306 -0.315 -0.292 -0.299 -0.297 -0.282 -0.294 -0.317 -0.320 -0.318 -0.307 -0.271 -0.256 -0.256 -0.269
-0.272 -0.276 -0.271 -0.278 -0.270 -0.281 -0.282 -0.278 -0.276 -0.267 -0.283 -0.261 -0.249 -0.255 -0.281 -0.273 -0.273 -0.269 -0.255 -0.254 -0.256 -0.254 -0.256 -0.259 -0.265 -0.258 -0.262 -0.260 -0.267 -0.263 -0.260 -0.272 -0.256 -0.270 -0.273 -0.270 -0.276 -0.258 -0.264 -0.263 -0.251 -0.260 -0.277 -0.279 -0.278 -0.271 -0.241 -0.230 -0.230 -0.240
-0.258 -0.261 -0.257 -0.263 -0.256 -0.265 -0.266 -0.263 -0.261 -0.253 -0.267 -0.248 -0.237 -0.243 -0.265 -0.259 -0.258 -0.255 -0.243 -0.242 -0.244 -0.242 -0.244 -0.247 -0.252 -0.245 -0.249 -0.247 -0.253 -0.249 -0.247 -0.258 -0.243 -0.256 -0.259 -0.256 -0.261 -0.245 -0.250 -0.249 -0.239 -0.247 -0.262 -0.264 -0.263 -0.256 -0.230 -0.220 -0.221 -0.229
-0.258 -0.261 -0.257 -0.263 -0.256 -0.265 -0.266 -0.263 -0.261 -0.254 -0.267 -0.248 -0.237 -0.243 -0.265 -0.259 -0.258 -0.255 -0.243 -0.242 -0.244 -0.242 -0.244 -0.247 -0.252 -0.245 -0.249 -0.247 -0.253 -0.250 -0.247 -0.258 -0.244 -0.256 -0.259 -0.256 -0.261 -0.246 -0.251 -0.249 -0.239 -0.247 -0.262 -0.264 -0.263 -0.256 -0.230 -0.221 -0.221 -0.230
-0.270 -0.274 -0.269 -0.276 -0.268 -0.278 -0.280 -0.276 -0.274 -0.265 -0.280 -0.260 -0.248 -0.254 -0.279 -0.271 -0.271 -0.267 -0.254 -0.253 -0.255 -0.252 -0.255 -0.258 -0.264 -0.257 -0.261 -0.259 -0.265 -0.261 -0.258 -0.271 -0.255 -0.269 -0.271 -0.268 -0.274 -0.257 -0.262 -0.261 -0.250 -0.258 -0.275 -0.277 -0.276 -0.269 -0.240 -0.229 -0.230 -0.239
