2.806
2.835
2.861
2.892
2.923
2.952
2.982
3.010
3.044
3.073
3.103
3.136
3.168
3.201
3.231
3.265
3.295
3.331
3.365
3.396
3.428
3.462
3.496
3.529
3.563
3.598
3.635
3.669
3.700
3.738
3.775
3.809
3.844
3.877
3.910
3.945
3.983
4.019
4.054
4.086
4.122
4.158
4.194
4.228
4.261
4.297
4.331
4.364
4.402
4.435
4.464
4.500
4.532
4.566
4.603
4.634
4.668
4.702
4.735
4.765
4.796
4.827
4.858
4.889
4.918
4.949
4.979
5.009
5.041
5.071
5.097
5.127
5.152
5.183
5.211
5.238
5.264
5.288
5.316
5.343
5.371
5.393
5.418
5.444
5.466
5.488
5.517
5.536
5.561
5.585
5.609
5.628
5.650
5.672
5.690
5.711
5.736
5.757
5.775
5.794
5.814
5.833
5.849
5.868
5.886
5.906
5.924
5.943
5.961
5.979
5.992
6.012
6.028
6.044
6.061
6.076
6.089
6.105
6.119
6.138
6.150
6.168
6.177
6.195
6.212
6.222
6.234
6.249
6.262
6.279
6.289
6.302
6.316
6.329
6.342
6.351
6.365
6.376
6.385
6.399
6.408
6.419
6.429
6.442
6.452
6.465
6.475
6.487
6.495
6.506
6.520
6.526
6.534
6.546
6.557
6.566
6.576
6.582
6.593
6.605
6.610
6.622
6.631
6.637
6.647
6.654
6.666
6.672
6.678
6.688
6.697
6.706
6.712
6.723
6.730
6.737
6.744
6.751
6.759
6.765
6.775
6.781
6.787
6.792
6.801
6.808
6.816
6.826
6.830
6.837
6.844
6.849
6.856
6.865
6.870
6.877
6.881
6.889
6.896
6.903
6.906
6.914
6.918
6.925
6.931
6.934
6.942
6.947
6.957
6.960
6.962
6.970
6.974
6.980
6.986
6.995
6.998
7.001
7.007
7.012
7.016
7.023
7.028
7.035
7.040
7.044
7.048
7.051
7.057
7.063
7.067
7.070
7.075
7.081
7.087
7.091
7.098
7.103
7.105
7.107
7.117
7.116
7.122
7.124
7.129
7.135
7.138
7.145
7.149
7.150
7.158
7.155
7.162
7.165
7.169
7.175
7.180
7.183
7.187
7.191
7.193
7.196
7.199
7.204
7.206
7.214
7.216
7.217
7.220
7.227
7.228
7.233
7.237
7.239
7.245
7.246
7.250
7.252
7.258
7.260
7.265
7.269
7.271
7.276
7.276
7.280
7.284
7.285
7.290
7.290
7.294
7.299
7.299
7.303
7.306
7.309
7.314
7.316
7.319
7.321
7.323
7.327
7.329
7.331
7.337
7.337
7.340
7.342
7.344
7.350
7.352
7.351
7.357
7.359
7.360
7.364
7.369
7.369
7.371
7.375
7.379
7.380
7.382
7.387
7.386
7.388
7.389
7.394
7.397
7.395
7.400
7.403
7.407
7.408
7.411
7.414
7.413
7.418
7.418
7.420
7.423
7.426
7.425
7.429
7.433
7.437
7.435
7.441
7.440
7.442
7.446
7.447
7.450
7.449
7.453
7.454
7.457
7.459
7.462
7.463
7.466
7.466
7.468
7.469
7.471
7.470
7.473
7.479
7.480
7.479
7.484
7.486
7.488
7.487
7.493
7.491
7.493
7.493
7.495
7.497
7.497
7.500
7.504
7.504
7.508
7.510
7.510
7.514
7.515
7.515
7.517
7.516
7.520
7.520
7.524
7.527
7.526
7.529
7.528
7.531
7.533
7.538
7.534
7.537
7.540
7.538
7.541
7.543
7.544
7.545
7.547
7.553
7.550
7.552
7.551
7.555
7.560
7.557
7.559
7.559
7.564
7.566
7.564
7.566
7.569
7.567
7.570
7.571
7.573
7.574
7.575
7.577
7.577
7.577
7.580
7.583
7.583
7.586
7.582
7.585
7.587
7.586
7.588
7.590
7.592
7.593
7.594
7.593
7.597
7.597
7.598
7.603
7.604
7.601
7.605
7.604
7.608
7.606
7.610
7.610
7.608
7.613
7.613
7.612
7.614
7.619
7.618
7.615
7.619
7.622
7.621
7.625
7.624
7.625
7.623
7.627
7.626
7.628
7.629
7.629
7.631
7.630
7.634
7.635
7.633
7.638
7.640
7.638
7.639
7.641
7.639
7.643
7.645
7.643
7.646
7.647
7.648
7.649
7.650
7.650
7.653
7.652
7.653
7.653
7.655
7.655
7.655
7.657
7.659
7.657
7.657
7.661
7.661
7.662
7.661
7.663
7.664
7.663
7.665
7.667
7.667
7.667
7.670
7.671
7.671
7.670
7.673
7.674
7.673
7.675
7.675
7.677
7.679
7.677
7.679
7.680
7.681
7.680
7.682
7.681
7.686
7.684
7.684
7.687
7.687
7.686
7.685
7.687
7.689
7.691
7.692
7.691
7.694
7.694
7.693
7.694
7.696
7.697
7.695
7.698
7.696
7.702
7.701
7.704
7.700
7.701
7.703
7.700
7.701
7.705
7.705
7.706
7.707
7.704
7.708
7.708
7.709
7.709
7.710
7.709
7.709
7.713
7.714
7.713
7.715
7.713
7.719
7.714
7.713
7.714
7.717
7.715
7.717
7.717
7.719
7.720
7.722
7.724
7.721
7.723
7.725
7.725
7.724
7.723
7.724
7.726
7.727
7.729
7.730
7.729
7.732
7.730
7.732
7.728
7.731
7.729
7.733
7.734
7.731
7.734
7.731
7.735
7.737
7.733
7.735
7.738
7.735
7.738
7.739
7.740
7.738
7.738
7.739
7.740
7.739
7.742
7.742
7.743
7.742
7.741
7.742
7.742
7.746
7.746
7.744
7.748
7.744
7.748
7.749
7.750
7.744
7.749
7.749
7.749
7.749
7.752
7.750
7.749
7.754
7.753
7.753
7.753
7.755
7.756
7.752
7.755
7.754
7.758
7.757
7.758
7.756
7.755
7.757
7.761
7.761
7.764
7.760
7.758
7.763
7.760
7.761
7.760
7.762
7.763
7.766
7.763
7.765
7.766
7.766
7.764
7.764
7.768
7.769
7.767
7.770
7.768
7.768
7.769
7.766
7.772
7.768
7.771
7.769
7.771
7.771
7.769
7.773
7.775
7.775
7.774
7.772
7.776
7.774
7.779
7.777
7.775
7.778
7.776
7.777
7.776
7.776
7.776
7.780
7.781
7.776
7.776
7.779
7.777
7.779
7.781
7.778
7.783
7.782
7.779
7.784
7.781
7.781
7.786
7.784
7.783
7.781
7.784
7.786
7.780
7.788
7.789
7.784
7.787
7.785
7.786
7.788
7.787
7.787
7.786
7.789
7.790
7.790
7.790
7.790
7.792
7.789
7.790
7.793
7.790
7.795
7.791
7.793
7.794
7.794
7.790
7.794
7.796
7.796
7.796
7.795
7.795
7.795
7.797
7.794
7.797
7.794
7.796
7.797
7.795
7.798
7.800
7.798
7.798
7.800
7.798
7.798
7.801
7.802
7.800
7.801
7.801
7.800
7.800
7.804
7.800
7.806
7.804
7.800
7.803
7.803
7.801
7.805
7.806
7.808
7.805
7.807
7.805
7.805
7.808
7.804
7.806
7.805
7.808
7.805
7.810
7.807
7.807
7.809
7.807
7.807
7.812
7.809
7.810
7.812
7.810
7.811
7.809
7.813
7.813
7.813
7.815
7.810
7.811
7.814
7.812
7.811
7.813
7.812
7.812
7.813
7.814
7.817
7.813
7.816
7.814
7.816
7.813
7.818
7.816
7.818
7.819
7.816
7.818
7.816
7.818
7.816
7.819
7.815
7.818
7.818
7.821
7.816
7.819
7.821
7.821
7.818
7.821
7.820
7.819
7.824
7.819
7.822
7.822
7.822
7.820
7.819
7.817
7.823
7.824
7.825
7.823
7.824
7.825
7.823
7.825
7.824
7.825
7.825
7.822
7.826
7.827
7.826
7.828
7.824
7.825
7.826
7.829
7.826
7.825
7.829
7.827
7.828
7.826
7.827
7.828
7.825
7.829
7.826
7.830
7.830
7.830
7.831
7.829
7.830
7.830
7.829
7.830
7.830
7.830
7.828
7.831
7.829
7.830
7.830
7.830
7.830
7.833
7.834
7.834
7.832
7.833
7.832
7.835
7.832
7.833
7.833
7.832
7.833
7.832
7.832
7.835
7.837
7.832
7.835
7.834
7.837
7.838
7.834
7.837
7.835
7.837
7.834
7.837
7.838
7.838
7.837
7.834
7.840
7.839
7.839
7.839
7.839
7.838
7.838
7.836
7.838
7.839
7.839
7.841
7.841
7.839
7.839
7.838
7.839
7.840
7.838
7.841
7.838
7.841
7.840
7.844
7.841
7.843
7.842
7.840
7.840
7.841
7.843
7.838
7.841
7.842
7.840
7.842
7.843
7.844
7.840
7.843
7.840
7.845
7.846
7.842
7.846
7.845
7.845
7.845
7.843
7.845
7.845
7.845
7.844
7.844
7.844
7.843
7.845
7.846
7.847
7.844
7.848
7.848
