2.380
2.395
2.404
2.422
2.440
2.445
2.459
2.470
2.482
2.494
2.511
2.518
2.534
2.547
2.552
2.572
2.581
2.592
2.607
2.617
2.630
2.635
2.647
2.667
2.673
2.693
2.701
2.718
2.720
2.735
2.751
2.758
2.767
2.787
2.794
2.808
2.820
2.831
2.849
2.850
2.869
2.880
2.891
2.903
2.905
2.920
2.937
2.949
2.964
2.976
2.988
3.001
3.011
3.021
3.033
3.050
3.060
3.073
3.085
3.090
3.106
3.120
3.133
3.141
3.152
3.162
3.180
3.192
3.208
3.220
3.230
3.246
3.245
3.261
3.282
3.293
3.302
3.313
3.325
3.336
3.350
3.358
3.376
3.389
3.400
3.404
3.425
3.434
3.446
3.450
3.471
3.484
3.493
3.503
3.516
3.527
3.543
3.551
3.565
3.578
3.584
3.596
3.608
3.614
3.631
3.649
3.659
3.670
3.681
3.690
3.702
3.714
3.726
3.734
3.747
3.764
3.768
3.776
3.787
3.809
3.816
3.828
3.839
3.844
3.858
3.863
3.877
3.882
3.899
3.907
3.928
3.932
3.945
3.961
3.969
3.973
3.988
3.996
4.002
4.015
4.026
4.027
4.041
4.058
4.066
4.073
4.080
4.095
4.097
4.106
4.123
4.125
4.136
4.149
4.160
4.169
4.185
4.180
4.196
4.213
4.212
4.223
4.235
4.242
4.250
4.260
4.269
4.266
4.274
4.294
4.295
4.310
4.317
4.330
4.339
4.342
4.345
4.354
4.364
4.379
4.388
4.388
4.398
4.398
4.415
4.425
4.425
4.440
4.441
4.450
4.463
4.473
4.467
4.488
4.484
4.498
4.501
4.504
4.519
4.525
4.537
4.536
4.541
4.550
4.566
4.559
4.569
4.574
4.593
4.592
4.598
4.608
4.614
4.612
4.617
4.635
4.637
4.644
4.646
4.654
4.662
4.668
4.674
4.680
4.683
4.684
4.697
4.704
4.714
4.718
4.721
4.720
4.729
4.740
4.741
4.745
4.758
4.757
4.768
4.770
4.778
4.779
4.785
4.790
4.803
4.805
4.813
4.816
4.817
4.825
4.829
4.823
4.841
4.837
4.845
4.859
4.856
4.860
4.866
4.872
4.869
4.877
4.879
4.885
4.887
4.899
4.902
4.901
4.907
4.918
4.915
4.923
4.929
4.936
4.938
4.935
4.940
4.946
4.954
4.964
4.966
4.967
4.971
4.979
4.977
4.984
4.989
4.988
4.992
4.995
5.001
5.011
5.005
5.013
5.016
5.023
5.023
5.029
5.028
5.032
5.036
5.042
5.041
5.049
5.049
5.057
5.057
5.060
5.063
5.073
5.074
5.076
5.078
5.084
5.088
5.091
5.092
5.092
5.099
5.097
5.104
5.109
5.105
5.119
5.118
5.118
5.118
5.123
5.127
5.131
5.136
5.133
5.140
5.140
5.142
5.148
5.151
5.149
5.153
5.160
5.162
5.166
5.162
5.165
5.177
5.176
5.173
5.179
5.185
5.184
5.189
5.188
5.193
5.198
5.198
5.195
5.205
5.208
5.211
5.211
5.214
5.216
5.217
5.221
5.221
5.225
5.224
5.236
5.235
5.237
5.237
5.236
5.240
5.240
5.249
5.235
5.242
5.249
5.249
5.247
5.259
5.250
5.262
5.257
5.266
5.269
5.269
5.271
5.273
5.271
5.271
5.273
5.275
5.280
5.282
5.289
5.281
5.295
5.291
5.283
5.292
5.298
5.292
5.301
5.302
5.305
5.305
5.307
5.308
5.310
5.313
5.314
5.317
5.315
5.313
5.320
5.328
5.320
5.324
5.324
5.324
5.328
5.327
5.330
5.333
5.338
5.335
5.337
5.345
5.343
5.344
5.344
5.341
5.348
5.350
5.352
5.352
5.360
5.354
5.354
5.358
5.360
5.365
5.363
5.362
5.368
5.365
5.366
5.367
5.364
5.371
5.374
5.374
5.376
5.381
5.379
5.375
5.375
5.386
5.384
5.383
5.385
5.382
5.386
5.388
5.396
5.395
5.392
5.394
5.398
5.397
5.397
5.401
5.402
5.398
5.401
5.396
5.402
5.403
5.408
5.403
5.406
5.407
5.411
5.409
5.417
5.418
5.415
5.424
5.416
5.416
5.418
5.424
5.421
5.423
5.416
5.427
5.426
5.430
5.423
5.419
5.425
5.426
5.434
5.435
5.436
5.434
5.433
5.432
5.434
5.437
5.437
5.442
5.437
5.440
5.443
5.445
5.445
5.444
5.446
5.449
5.446
5.450
5.451
5.455
5.446
5.452
5.453
5.454
5.455
5.455
5.457
5.461
5.458
5.456
5.460
5.463
5.457
5.462
5.465
5.464
5.457
5.466
5.468
5.463
5.469
5.464
5.470
5.470
5.472
5.472
5.473
5.469
5.475
5.477
5.468
5.474
5.475
5.473
5.476
5.483
5.476
5.484
5.482
5.481
5.480
5.478
5.481
5.487
5.485
5.484
5.483
5.480
5.479
5.487
5.488
5.491
5.492
5.490
5.492
5.485
5.491
5.489
5.493
5.495
5.494
5.497
5.491
5.494
5.498
5.497
5.491
5.495
5.496
5.498
5.500
5.501
5.497
5.500
5.500
5.503
5.506
5.506
5.502
5.501
5.504
5.503
5.500
5.508
5.504
5.510
5.508
5.507
5.508
5.506
5.513
5.512
5.513
5.512
5.513
5.508
5.510
5.508
5.513
5.515
5.516
5.514
5.516
5.519
5.514
5.514
5.513
5.511
5.518
5.520
5.518
5.519
5.520
5.519
5.519
5.521
5.525
5.519
5.520
5.517
5.529
5.525
5.527
5.521
5.532
5.522
5.524
5.524
5.525
5.520
5.533
5.526
5.532
5.532
5.526
5.525
5.530
5.531
5.530
5.527
5.525
5.534
5.536
5.530
5.533
5.529
5.533
5.531
5.535
5.532
5.536
5.528
5.535
5.539
5.538
5.538
5.530
5.535
5.532
5.543
5.534
5.539
5.539
5.540
5.536
5.540
5.540
5.547
5.537
5.544
5.543
5.537
5.539
5.537
5.543
5.545
5.540
5.540
5.543
5.540
5.535
5.546
5.540
5.547
5.546
5.547
5.551
5.547
5.555
5.549
5.542
5.550
5.554
5.550
5.549
5.544
5.547
5.546
5.551
5.554
5.550
5.550
5.550
5.544
5.556
5.549
5.553
5.550
5.556
5.552
5.552
5.553
5.551
5.555
5.554
5.550
5.552
5.554
5.557
5.558
5.550
5.549
5.551
5.552
5.557
5.558
5.558
5.554
5.557
5.558
5.562
5.562
5.558
5.556
5.558
5.558
5.558
5.564
5.552
5.565
5.558
5.566
5.553
5.566
5.561
5.560
5.560
5.563
5.561
5.562
5.567
5.559
5.568
5.563
5.559
5.562
5.565
5.563
5.562
5.565
5.565
5.563
5.564
5.566
5.565
5.562
5.563
5.568
5.571
5.572
5.572
5.562
5.565
5.568
5.569
5.572
5.570
5.570
5.568
5.571
5.567
5.572
5.575
5.568
5.574
5.564
5.566
5.563
5.566
5.567
5.570
5.567
5.573
5.570
5.569
5.572
5.572
5.571
5.564
5.563
5.578
5.570
5.573
5.573
5.577
5.567
5.569
5.577
5.577
5.572
5.571
5.570
5.573
5.575
5.570
5.571
5.574
5.571
5.576
5.572
5.570
5.572
5.566
5.575
5.573
5.572
5.571
5.575
5.577
5.580
5.576
5.576
5.583
5.572
5.576
5.575
5.581
5.572
5.576
5.580
5.582
5.572
5.578
5.580
5.577
5.577
5.579
5.579
5.580
5.583
5.575
5.581
5.578
5.583
5.574
5.575
5.581
5.582
5.581
5.588
5.580
5.583
5.580
5.579
5.584
5.580
5.579
5.582
5.578
5.578
5.583
5.577
5.584
5.581
5.580
5.582
5.587
5.584
5.584
5.588
5.584
5.583
5.585
5.581
5.584
5.578
5.589
5.584
5.581
5.582
5.587
5.583
5.580
5.581
5.580
5.584
5.587
5.586
5.583
5.588
5.591
5.582
5.585
5.586
5.580
5.587
5.587
5.585
5.591
5.584
5.581
5.582
5.588
5.590
5.583
5.585
5.583
5.593
5.586
5.586
5.589
5.590
5.582
5.587
5.590
5.592
5.591
5.583
5.592
5.586
5.586
5.585
5.591
5.589
5.590
5.587
5.590
5.587
5.593
5.589
5.589
5.592
5.587
5.589
5.592
5.587
5.587
5.592
5.593
5.590
5.588
5.590
5.588
5.585
5.588
5.584
5.590
5.584
5.592
5.591
5.594
5.589
5.589
5.593
5.590
5.591
5.596
5.597
5.587
5.596
5.596
5.589
5.586
5.591
5.595
5.587
5.590
5.585
5.593
5.592
5.585
5.592
5.598
5.598
5.590
5.593
5.592
5.593
5.594
5.590
5.594
5.587
5.593
5.591
5.593
5.592
5.592
5.599
5.593
