8.061
8.341
8.627
8.918
9.213
9.512
9.816
10.123
10.434
10.748
11.064
11.383
11.704
12.027
12.351
12.675
13.000
13.325
13.649
13.973
14.296
14.617
14.936
15.252
15.566
15.877
16.184
16.488
16.787
17.082
17.373
17.659
17.939
18.215
18.485
18.749
19.008
19.260
19.507
19.747
19.982
20.210
20.432
20.647
20.857
21.060
21.257
21.448
21.632
21.811
21.984
22.151
22.312
22.467
22.617
22.762
22.901
23.035
23.163
23.287
23.406
23.521
23.631
23.736
23.838
23.935
24.028
24.117
24.202
24.284
24.363
24.438
24.510
24.578
24.644
24.707
24.767
24.824
24.879
24.932
24.982
25.030
25.075
25.119
25.160
25.200
25.238
25.274
25.308
25.341
25.373
25.403
25.431
25.458
25.484
25.509
25.532
25.555
25.576
25.596
25.616
25.634
25.652
25.669
25.685
25.700
25.714
25.728
25.741
25.754
25.766
25.777
25.788
25.798
25.808
25.817
25.826
25.834
25.842
25.850
25.857
25.864
25.871
25.877
25.883
25.889
25.894
25.899
25.904
25.909
25.913
25.918
25.922
25.925
25.929
25.932
25.936
25.939
25.942
25.945
25.947
25.950
25.952
25.955
25.957
25.959
25.961
25.963
25.965
25.966
25.968
25.970
25.971
25.972
25.974
25.975
25.976
25.977
25.979
25.980
25.981
25.982
25.982
25.983
25.984
25.985
25.986
25.986
25.987
25.988
25.988
25.989
25.989
25.990
25.990
25.991
25.991
25.992
25.992
25.992
25.993
25.993
25.994
25.994
25.994
25.994
25.995
25.995
25.995
25.995
25.996
25.996
25.996
25.996
25.996
25.997
25.997
25.997
25.997
25.997
25.997
25.998
25.998
25.998
25.998
25.998
25.998
25.998
25.998
25.998
25.998
25.998
25.999
25.999
25.999
25.999
25.999
25.999
25.999
25.999
25.999
25.999
25.999
25.999
25.999
25.999
25.999
25.999
25.999
25.999
25.999
25.999
25.999
25.999
26.000
26.000
26.000
26.000
26.000
26.000
26.000
26.000
26.000
26.000
26.000
26.000
26.000
26.000
26.000
26.000
26.000
26.000
26.000
26.000
26.000
26.000
26.000
26.000
26.000
26.000
26.000
26.000
26.000
26.000
26.000
26.000
26.000
26.000
26.000
26.000
26.000
26.000
26.000
26.000
26.000
26.000
26.000
26.000
26.000
26.000
26.000
26.000
26.000
26.000
26.000
26.000
26.000
26.000
26.000
26.000
26.000
26.000
26.000
26.000
26.000
26.000
26.000
26.000
26.000
26.000
26.000
26.000
26.000
26.000
26.000
26.000
26.000
26.000
26.000
26.000
26.000
26.000
26.000
26.000
26.000
26.000
26.000
26.000
26.000
26.000
26.000
26.000
26.000
26.000
26.000
26.000
26.000
26.000
26.000
26.000
26.000
26.000
26.000
26.000
26.000
26.000
26.000
26.000
26.000
26.000
26.000
26.000
26.000
26.000
26.000
26.000
26.000
26.000
26.000
26.000
26.000
26.000
26.000
26.000
26.000
26.000
26.000
26.000
26.000
26.000
26.000
26.000
26.000
26.000
26.000
26.000
26.000
26.000
26.000
26.000
26.000
26.000
26.000
26.000
26.000
26.000
26.000
26.000
26.000
26.000
26.000
26.000
26.000
26.000
26.000
26.000
26.000
26.000
26.000
26.000
26.000
26.000
26.000
26.000
26.000
26.000
26.000
26.000
26.000
26.000
26.000
26.000
26.000
26.000
26.000
26.000
26.000
26.000
26.000
26.000
26.000
26.000
26.000
26.000
26.000
26.000
26.000
26.000
26.000
26.000
26.000
26.000
26.000
26.000
26.000
26.000
26.000
26.000
26.000
26.000
26.000
26.000
26.000
26.000
26.000
26.000
26.000
26.000
26.000
26.000
26.000
26.000
26.000
26.000
26.000
26.000
26.000
26.000
26.000
26.000
26.000
26.000
26.000
26.000
26.000
26.000
26.000
26.000
26.000
26.000
26.000
26.000
26.000
26.000
26.000
26.000
26.000
26.000
26.000
26.000
26.000
26.000
26.000
26.000
26.000
26.000
26.000
26.000
26.000
26.000
26.000
26.000
26.000
26.000
26.000
26.000
26.000
26.000
26.000
26.000
26.000
26.000
26.000
26.000
26.000
26.000
26.000
26.000
26.000
26.000
26.000
26.000
26.000
26.000
26.000
26.000
26.000
26.000
26.000
26.000
26.000
26.000
26.000
26.000
26.000
26.000
26.000
26.000
26.000
26.000
26.000
26.000
26.000
26.000
26.000
26.000
26.000
26.000
26.000
26.000
26.000
26.000
26.000
26.000
26.000
26.000
26.000
26.000
26.000
26.000
26.000
26.000
26.000
26.000
26.000
26.000
26.000
26.000
26.000
26.000
26.000
26.000
26.000
26.000
26.000
26.000
26.000
26.000
26.000
26.000
26.000
26.000
26.000
26.000
26.000
26.000
26.000
26.000
26.000
26.000
26.000
26.000
26.000
26.000
26.000
26.000
26.000
26.000
26.000
26.000
26.000
26.000
26.000
26.000
26.000
26.000
26.000
26.000
26.000
26.000
26.000
26.000
26.000
26.000
26.000
26.000
26.000
26.000
26.000
26.000
26.000
26.000
26.000
26.000
26.000
26.000
26.000
26.000
26.000
26.000
26.000
26.000
26.000
26.000
26.000
26.000
26.000
26.000
26.000
26.000
26.000
26.000
26.000
26.000
26.000
26.000
26.000
26.000
26.000
26.000
26.000
26.000
26.000
26.000
26.000
26.000
26.000
26.000
26.000
26.000
26.000
26.000
26.000
26.000
26.000
26.000
26.000
26.000
26.000
26.000
26.000
26.000
26.000
26.000
26.000
26.000
26.000
26.000
26.000
26.000
26.000
26.000
26.000
26.000
26.000
26.000
26.000
26.000
26.000
26.000
26.000
26.000
26.000
26.000
26.000
26.000
26.000
26.000
26.000
26.000
26.000
26.000
26.000
26.000
26.000
26.000
26.000
26.000
26.000
26.000
26.000
26.000
26.000
26.000
26.000
26.000
26.000
26.000
26.000
26.000
26.000
26.000
26.000
26.000
26.000
26.000
26.000
26.000
26.000
26.000
26.000
26.000
26.000
26.000
26.000
26.000
26.000
26.000
26.000
26.000
26.000
26.000
26.000
26.000
26.000
26.000
26.000
26.000
26.000
26.000
26.000
26.000
26.000
26.000
26.000
26.000
26.000
26.000
26.000
26.000
26.000
26.000
26.000
26.000
26.000
26.000
26.000
26.000
26.000
26.000
26.000
26.000
26.000
26.000
26.000
26.000
26.000
26.000
26.000
26.000
26.000
26.000
26.000
26.000
26.000
26.000
26.000
26.000
26.000
26.000
26.000
26.000
26.000
26.000
26.000
26.000
26.000
26.000
26.000
26.000
26.000
26.000
26.000
26.000
26.000
26.000
26.000
26.000
26.000
26.000
26.000
26.000
26.000
26.000
26.000
26.000
26.000
26.000
26.000
26.000
26.000
26.000
26.000
26.000
26.000
26.000
26.000
26.000
26.000
26.000
26.000
26.000
26.000
26.000
26.000
26.000
26.000
26.000
26.000
26.000
26.000
26.000
26.000
26.000
26.000
26.000
26.000
26.000
26.000
26.000
26.000
26.000
26.000
26.000
26.000
26.000
26.000
26.000
26.000
26.000
26.000
26.000
26.000
26.000
26.000
26.000
26.000
26.000
26.000
26.000
26.000
26.000
26.000
26.000
26.000
26.000
26.000
26.000
26.000
26.000
26.000
26.000
26.000
26.000
26.000
26.000
26.000
26.000
26.000
26.000
26.000
26.000
26.000
26.000
26.000
26.000
26.000
26.000
26.000
26.000
26.000
26.000
26.000
26.000
26.000
26.000
26.000
26.000
26.000
26.000
26.000
26.000
26.000
26.000
26.000
26.000
26.000
26.000
26.000
26.000
26.000
26.000
26.000
26.000
26.000
26.000
26.000
26.000
26.000
26.000
26.000
26.000
26.000
26.000
26.000
26.000
26.000
26.000
26.000
26.000
26.000
26.000
26.000
26.000
26.000
26.000
26.000
26.000
26.000
26.000
26.000
26.000
26.000
26.000
26.000
26.000
26.000
26.000
26.000
26.000
26.000
26.000
26.000
26.000
26.000
26.000
26.000
26.000
26.000
26.000
26.000
26.000
26.000
26.000
26.000
26.000
26.000
26.000
26.000
26.000
26.000
26.000
26.000
26.000
26.000
26.000
26.000
26.000
26.000
26.000
26.000
26.000
26.000
26.000
26.000
26.000
26.000
26.000
26.000
26.000
26.000
26.000
26.000
26.000
26.000
26.000
26.000
26.000
26.000
26.000
26.000
26.000
26.000
26.000
26.000
26.000
26.000
26.000
26.000
26.000
26.000
26.000
26.000
26.000
26.000
26.000
26.000
26.000
26.000
26.000
26.000
26.000
26.000
26.000
26.000
26.000
26.000
26.000
26.000
26.000
26.000
26.000
26.000
26.000
