5.058
5.483
5.850
5.801
5.971
6.860
6.844
7.430
7.736
8.174
8.936
9.286
9.536
10.290
10.692
11.382
12.130
12.531
13.236
13.870
14.633
15.189
15.789
16.705
17.294
17.973
18.660
19.606
20.130
20.731
21.551
22.171
22.916
23.728
24.145
24.632
25.696
25.846
26.508
27.372
27.396
28.178
28.558
28.959
29.388
29.890
30.264
30.661
30.996
31.247
31.548
31.844
32.143
32.351
32.616
32.828
33.004
33.133
33.453
33.510
33.651
33.958
34.186
34.124
34.097
34.468
34.468
34.735
34.867
34.845
34.944
35.189
35.249
35.220
35.304
35.431
35.561
35.501
35.601
35.647
35.766
35.744
35.839
35.900
36.007
35.993
36.046
36.067
36.269
36.164
36.171
36.447
36.236
36.347
36.448
36.369
36.423
36.544
36.470
36.704
36.735
36.665
36.532
36.645
36.601
36.647
36.830
36.821
36.799
36.752
36.679
36.887
36.825
36.881
36.838
36.921
36.781
36.964
37.049
36.831
36.887
36.987
36.803
36.637
37.003
37.134
37.156
37.021
37.004
36.897
37.198
37.006
37.168
37.036
37.160
37.056
37.069
37.237
37.174
37.146
37.123
37.222
37.223
37.189
37.024
37.315
37.242
37.152
37.215
37.226
37.091
37.159
37.248
37.300
37.354
37.307
37.299
37.281
37.416
37.210
37.364
37.507
37.222
37.292
37.294
37.501
37.395
37.398
37.316
37.554
37.388
37.434
37.368
37.377
37.272
37.228
37.298
37.346
37.367
37.379
37.270
37.416
37.510
37.324
37.439
37.460
37.454
37.476
37.322
37.191
37.407
37.516
37.586
37.389
37.493
37.491
37.441
37.372
37.445
37.432
37.377
37.537
37.348
37.352
37.419
37.457
37.520
37.482
37.603
37.470
37.606
37.524
37.451
37.471
37.411
37.573
37.420
37.403
37.493
37.448
37.404
37.470
37.408
37.490
37.461
37.463
37.515
37.544
37.479
37.454
37.457
37.499
37.495
37.432
37.278
37.499
37.452
37.598
37.537
37.483
37.539
37.522
37.435
37.351
37.319
37.523
37.500
37.549
37.691
37.497
37.620
37.460
37.566
37.347
37.639
37.607
37.477
37.497
37.545
37.371
37.371
37.398
37.652
37.293
37.566
37.486
37.546
37.510
37.637
37.397
37.490
37.492
37.414
37.582
37.530
37.513
37.664
37.472
37.575
37.603
37.639
37.650
37.643
37.608
37.502
37.595
37.587
37.617
37.478
37.493
37.691
37.525
37.473
37.434
37.455
37.615
37.558
37.547
37.660
37.452
37.648
37.440
37.378
37.563
37.474
37.481
37.522
37.393
37.625
37.539
37.795
37.524
37.572
37.447
37.501
37.546
37.493
37.658
37.496
37.626
37.696
37.458
37.574
37.478
37.564
37.519
37.545
37.525
37.474
37.288
37.581
37.494
37.585
37.667
37.535
37.440
37.612
37.649
37.651
37.649
37.582
37.724
37.507
37.622
37.444
37.457
37.488
37.483
37.629
37.577
37.592
37.435
37.733
37.467
37.530
37.456
37.613
37.607
37.590
37.442
37.547
37.503
37.641
37.642
37.633
37.537
37.634
37.508
37.498
37.535
37.549
37.493
37.572
37.327
37.455
37.542
37.678
37.385
37.384
37.470
37.566
37.453
37.543
37.648
37.468
37.563
37.427
37.528
37.578
37.469
37.386
37.731
37.414
37.494
37.519
37.505
37.553
37.466
37.477
37.513
37.546
37.492
37.578
37.503
37.566
37.522
37.359
37.521
37.532
37.510
37.569
37.577
37.545
37.564
37.658
37.499
37.545
37.555
37.653
37.398
37.617
37.553
37.655
37.576
37.443
37.628
37.410
37.381
37.575
37.339
37.597
37.589
37.365
37.466
37.402
37.561
37.697
37.582
37.426
37.358
37.416
37.725
37.336
37.570
37.516
37.619
37.544
37.554
37.551
37.535
37.623
37.490
37.349
37.549
37.619
37.714
37.467
37.610
37.383
37.493
37.459
37.625
37.756
37.402
37.498
37.601
37.465
37.346
37.314
37.404
37.577
37.648
37.582
37.449
37.737
37.410
37.515
37.323
37.569
37.687
37.515
37.439
37.500
37.387
37.768
37.590
37.307
37.721
37.677
37.652
37.503
37.552
37.659
37.508
37.508
37.583
37.401
37.620
37.381
37.627
37.658
37.502
37.607
37.512
37.525
37.650
37.365
37.353
37.443
37.705
37.546
37.597
37.554
37.499
37.443
37.557
37.556
37.491
37.487
37.532
37.530
37.583
37.499
37.554
37.574
37.503
37.423
37.612
37.613
37.505
37.535
37.556
37.606
37.460
37.710
37.531
37.395
37.683
37.657
37.529
37.342
37.539
37.484
37.549
37.526
37.584
37.499
37.472
37.580
37.377
37.567
37.484
37.636
37.303
37.473
37.539
37.488
37.595
37.384
37.692
37.527
37.503
37.515
37.446
37.390
37.476
37.497
37.334
37.565
37.511
37.616
37.420
37.590
37.633
37.591
37.633
37.535
37.710
37.442
37.594
37.582
37.517
37.615
37.386
37.598
37.374
37.585
37.525
37.664
37.538
37.548
37.480
37.483
37.307
37.595
37.610
37.423
37.401
37.578
37.689
37.600
37.573
37.590
37.376
37.484
37.565
37.622
37.563
37.571
37.564
37.586
37.537
37.539
37.451
37.548
37.664
37.497
37.495
37.624
37.550
37.449
37.556
37.574
37.663
37.556
37.489
37.553
37.652
37.483
37.485
37.552
37.678
37.576
37.556
37.386
37.396
37.340
37.523
37.639
37.615
37.573
37.495
37.545
37.605
37.317
37.597
37.520
37.552
37.365
37.421
37.441
37.599
37.536
37.401
37.320
37.378
37.413
37.689
37.603
37.480
37.519
37.389
37.488
37.546
37.341
37.604
37.649
37.524
37.650
37.527
37.492
37.366
37.461
37.449
37.618
37.738
37.523
37.523
37.549
37.444
37.545
37.647
37.485
37.604
37.496
37.372
37.606
37.404
37.718
37.498
37.684
37.519
37.568
37.392
37.479
37.622
37.540
37.491
37.552
37.574
37.557
37.553
37.640
37.658
37.385
37.497
37.477
37.513
37.482
37.631
37.562
37.707
37.526
37.503
37.626
37.562
37.518
37.481
37.659
37.552
37.312
37.435
37.564
37.579
37.225
37.583
37.432
37.565
37.554
37.521
37.404
37.565
37.528
37.636
37.807
37.445
37.533
37.384
37.572
37.660
37.568
37.489
37.436
37.420
37.483
37.606
37.612
37.267
37.642
37.474
37.479
37.321
37.600
37.626
37.615
37.484
37.477
37.599
37.776
37.594
37.442
37.629
37.681
37.485
37.279
37.556
37.487
37.632
37.619
37.674
37.448
37.592
37.408
37.490
37.473
37.417
37.438
37.572
37.475
37.481
37.505
37.538
37.539
37.486
37.563
37.596
37.563
37.562
37.606
37.395
37.374
37.507
37.417
37.496
37.566
37.571
37.603
37.539
37.528
37.574
37.404
37.586
37.467
37.456
37.406
37.484
37.428
37.555
37.654
37.428
37.514
37.597
37.345
37.334
37.503
37.560
37.618
37.510
37.535
37.520
37.468
37.673
37.439
37.569
37.558
37.554
37.623
37.615
37.419
37.545
37.552
37.569
37.679
37.409
37.611
37.529
37.527
37.574
37.528
37.561
37.493
37.662
37.470
37.363
37.461
37.583
37.576
37.724
37.418
37.524
37.596
37.623
37.506
37.485
37.544
37.586
37.516
37.332
37.439
37.465
37.607
37.585
37.349
37.714
37.607
37.647
37.550
37.431
37.641
37.546
37.761
37.509
37.602
37.238
37.492
37.537
37.590
37.593
37.503
37.454
37.647
37.546
37.569
37.550
37.706
37.590
37.391
37.571
37.650
37.468
37.636
37.289
37.607
37.501
37.529
37.631
37.458
37.530
37.496
37.494
37.586
37.527
37.581
37.510
37.486
37.635
37.640
37.598
37.397
37.622
37.646
37.338
37.491
37.518
37.578
37.604
37.582
37.326
37.689
37.600
37.678
37.579
37.363
37.581
37.480
37.439
37.560
37.457
37.477
37.471
37.530
37.472
37.602
37.477
37.519
37.625
37.710
37.537
37.410
37.313
37.559
37.721
37.661
37.556
37.480
37.547
37.650
37.627
37.577
37.653
37.555
37.486
37.406
37.611
37.538
37.583
37.382
37.523
37.477
37.477
37.576
37.609
37.670
37.513
37.676
37.555
37.633
37.585
37.653
37.574
37.486
37.474
37.497
37.528
37.741
37.592
37.402
37.505
37.540
37.478
37.536
37.571
37.458
37.517
37.520
37.600
37.620
37.577
37.367
37.519
37.358
37.631
37.592
37.581
37.550
37.629
37.333
37.387
37.496
37.435
37.565
37.695
37.507
37.425
37.551
37.665
37.518
37.626
37.564
37.663
37.514
37.441
37.397
37.629
37.489
37.646
37.533
37.657
37.573
37.467
37.573
37.516
37.590
37.571
