4.207
4.231
4.254
4.305
4.319
4.347
4.379
4.397
4.417
4.473
4.504
4.532
4.572
4.603
4.622
4.678
4.692
4.711
4.754
4.780
4.804
4.843
4.873
4.903
4.924
4.980
5.020
5.039
5.073
5.084
5.142
5.154
5.182
5.238
5.241
5.307
5.355
5.350
5.413
5.427
5.448
5.485
5.542
5.584
5.601
5.629
5.639
5.708
5.736
5.776
5.776
5.811
5.856
5.868
5.945
5.915
5.980
6.035
6.062
6.108
6.137
6.168
6.190
6.237
6.259
6.307
6.319
6.342
6.370
6.431
6.446
6.471
6.516
6.555
6.597
6.599
6.652
6.676
6.710
6.752
6.754
6.788
6.827
6.838
6.919
6.928
6.948
6.969
6.987
7.057
7.047
7.103
7.143
7.155
7.173
7.207
7.245
7.267
7.292
7.347
7.343
7.378
7.387
7.398
7.471
7.483
7.508
7.540
7.567
7.595
7.608
7.660
7.656
7.661
7.710
7.750
7.772
7.774
7.815
7.837
7.870
7.883
7.955
7.929
7.951
7.984
7.993
8.032
8.042
8.065
8.090
8.138
8.141
8.146
8.186
8.226
8.234
8.255
8.279
8.311
8.342
8.328
8.363
8.376
8.373
8.440
8.420
8.457
8.462
8.497
8.509
8.546
8.554
8.570
8.604
8.619
8.647
8.656
8.652
8.708
8.725
8.695
8.738
8.733
8.790
8.776
8.829
8.809
8.852
8.856
8.861
8.877
8.897
8.926
8.933
8.980
8.962
8.989
9.011
9.023
9.031
9.058
9.071
9.087
9.075
9.129
9.135
9.125
9.163
9.185
9.192
9.194
9.211
9.235
9.245
9.250
9.261
9.299
9.303
9.308
9.341
9.353
9.370
9.377
9.365
9.402
9.413
9.396
9.446
9.447
9.447
9.463
9.477
9.473
9.507
9.520
9.551
9.545
9.561
9.555
9.566
9.585
9.608
9.600
9.638
9.644
9.637
9.660
9.655
9.695
9.687
9.697
9.704
9.729
9.750
9.728
9.739
9.761
9.758
9.793
9.802
9.812
9.823
9.844
9.849
9.815
9.863
9.875
9.887
9.890
9.871
9.888
9.910
9.922
9.917
9.932
9.939
9.963
9.942
9.992
9.980
9.975
9.987
10.006
10.006
10.001
10.025
10.034
10.044
10.068
10.067
10.065
10.074
10.094
10.099
10.096
10.103
10.126
10.117
10.143
10.144
10.152
10.155
10.168
10.155
10.190
10.167
10.172
10.197
10.201
10.218
10.208
10.229
10.234
10.239
10.250
10.244
10.256
10.282
10.248
10.282
10.255
10.291
10.304
10.292
10.311
10.303
10.320
10.320
10.326
10.343
10.344
10.358
10.340
10.361
10.341
10.342
10.367
10.371
10.383
10.404
10.403
10.429
10.394
10.422
10.426
10.434
10.446
10.436
10.436
10.441
10.452
10.456
10.453
10.469
10.463
10.460
10.483
10.497
10.503
10.504
10.500
10.497
10.514
10.503
10.520
10.525
10.522
10.529
10.536
10.541
10.563
10.558
10.574
10.545
10.587
10.555
10.556
10.580
10.579
10.585
10.575
10.594
10.612
10.604
10.609
10.600
10.605
10.597
10.610
10.602
10.606
10.640
10.628
10.655
10.651
10.661
10.659
10.650
10.661
10.668
10.642
10.671
10.654
10.686
10.684
10.673
10.673
10.675
10.713
10.670
10.694
10.696
10.708
10.684
10.722
10.696
10.719
10.705
10.718
10.743
10.713
10.719
10.744
10.716
10.733
10.740
10.745
10.737
10.748
10.742
10.735
10.761
10.768
10.742
10.783
10.772
10.761
10.757
10.780
10.767
10.793
10.799
10.780
10.796
10.776
10.796
10.799
10.785
10.779
10.811
10.795
10.816
10.801
10.815
10.799
10.815
10.841
10.817
10.830
10.839
10.826
10.826
10.836
10.841
10.840
10.841
10.845
10.846
10.845
10.840
10.862
10.818
10.841
10.845
10.838
10.844
10.854
10.846
10.858
10.889
10.870
10.864
10.896
10.870
10.864
10.887
10.862
10.881
10.886
10.887
10.888
10.879
10.899
10.890
10.878
10.894
10.888
10.900
10.892
10.899
10.902
10.916
10.911
10.901
10.907
10.903
10.890
10.909
10.906
10.895
10.919
10.933
10.895
10.916
10.896
10.914
10.918
10.911
10.924
10.913
10.923
10.927
10.935
10.945
10.933
10.939
10.921
10.942
10.948
10.930
10.923
10.943
10.946
10.951
10.947
10.940
10.971
10.951
10.933
10.939
10.935
10.959
10.953
10.961
10.970
10.945
10.961
10.963
10.963
10.954
10.983
10.962
10.964
10.961
10.986
10.960
10.960
10.955
10.959
10.975
10.973
10.967
10.962
10.970
10.973
10.973
10.956
10.974
10.983
10.977
10.981
10.984
10.967
10.990
10.968
10.994
10.979
10.977
10.995
10.985
10.979
10.997
10.990
11.004
10.999
11.001
10.986
10.995
11.000
10.983
10.985
10.990
11.009
10.993
10.982
11.004
10.997
10.989
11.005
11.010
11.011
11.007
11.002
10.986
10.995
11.007
11.004
11.002
11.000
11.001
11.003
11.023
11.005
11.009
11.026
11.032
10.999
10.993
11.013
11.012
11.016
11.020
11.007
11.007
11.020
11.024
11.007
11.031
11.035
11.029
11.027
11.020
11.013
11.006
11.011
11.046
11.035
11.031
11.019
11.007
11.018
11.027
11.037
11.011
11.022
11.024
11.027
11.033
11.038
11.022
11.023
11.023
11.017
11.018
11.009
11.009
11.025
11.031
11.042
11.019
11.042
11.023
11.007
11.024
11.020
11.040
11.044
11.023
11.037
11.021
11.016
11.003
11.046
11.041
11.024
11.025
11.038
11.034
11.031
11.019
11.052
11.021
11.012
11.024
11.037
11.037
11.034
11.041
11.057
11.056
11.033
11.032
11.058
11.052
11.037
11.043
11.031
11.028
11.027
11.057
11.025
11.038
11.055
11.025
11.040
11.054
11.035
11.041
11.024
11.032
11.019
11.042
11.026
11.040
11.039
11.038
11.045
11.031
11.031
11.061
11.045
11.047
11.052
11.033
11.030
11.036
11.043
11.036
11.048
11.031
11.048
11.056
11.061
11.054
11.064
11.043
11.054
11.032
11.053
11.040
11.058
11.040
11.039
11.052
11.020
11.039
11.042
11.045
11.031
11.053
11.052
11.056
11.040
11.036
11.039
11.031
11.070
11.038
11.045
11.049
11.063
11.071
11.038
11.061
11.052
11.028
11.054
11.050
11.041
11.062
11.059
11.061
11.045
11.053
11.046
11.055
11.055
11.033
11.063
11.059
11.049
11.058
11.038
11.054
11.061
11.070
11.062
11.049
11.069
11.063
11.030
11.047
11.049
11.049
11.027
11.046
11.032
11.039
11.065
11.039
11.061
11.049
11.041
11.079
11.024
11.046
11.047
11.043
11.061
11.032
11.036
11.067
11.058
11.034
11.038
11.048
11.038
11.040
11.040
11.040
11.057
11.023
11.027
11.039
11.030
11.032
11.024
11.044
11.049
11.079
11.052
11.041
11.049
11.036
11.049
11.058
11.047
11.042
11.035
11.031
11.049
11.035
11.064
11.042
11.044
11.030
11.046
11.048
11.032
11.031
11.058
11.028
11.040
11.055
11.059
11.031
11.035
11.031
11.044
11.042
11.036
11.025
11.036
11.039
11.053
11.047
11.035
11.037
11.035
11.038
11.018
11.050
11.018
11.048
11.026
11.034
11.044
11.028
11.060
11.048
11.045
11.041
11.051
11.025
11.038
11.047
11.060
11.045
11.047
11.030
11.008
11.018
11.021
11.041
11.024
11.033
11.028
11.040
10.998
11.000
11.019
11.026
11.042
11.033
11.022
11.025
11.041
11.022
11.026
11.026
11.047
11.028
11.011
11.053
11.033
11.039
11.038
11.054
11.034
11.035
11.030
11.017
11.032
11.026
11.042
11.045
11.056
11.043
11.033
11.039
11.011
11.030
11.049
11.051
11.025
11.040
11.030
11.049
11.014
11.030
11.025
11.027
11.064
11.034
11.017
11.062
11.012
11.040
11.026
11.019
11.035
11.033
11.029
11.013
11.030
11.042
11.029
11.034
11.030
11.031
11.011
11.030
11.034
11.006
11.029
11.033
11.021
11.034
11.015
11.044
11.015
11.022
11.043
11.009
11.030
11.034
11.005
11.031
11.040
11.038
11.035
11.030
11.008
11.022
11.019
11.024
11.016
11.002
11.025
11.003
11.021
11.025
11.035
11.009
11.008
11.012
11.010
11.015
11.011
11.042
11.019
10.987
11.027
11.016
11.011
11.019
11.017
10.998
11.017
11.015
11.022
11.013
11.022
11.014
11.024
11.017
11.026
11.021
11.025
11.036
11.010
11.021
11.005
11.018
11.002
11.023
11.019
11.025
10.991
11.002
11.009
11.041
11.042
11.027
11.011
10.995
11.012
11.009
10.985
11.016
11.015
11.008
11.029
