1.607
1.642
1.671
1.708
1.740
1.775
1.807
1.836
1.875
1.912
1.946
1.977
2.019
2.049
2.092
2.124
2.166
2.204
2.247
2.279
2.315
2.351
2.390
2.438
2.470
2.514
2.552
2.600
2.636
2.679
2.716
2.755
2.793
2.832
2.875
2.914
2.953
2.995
3.036
3.068
3.115
3.156
3.196
3.236
3.267
3.313
3.351
3.389
3.428
3.466
3.494
3.532
3.573
3.606
3.644
3.683
3.719
3.752
3.792
3.823
3.856
3.891
3.922
3.957
3.987
4.016
4.047
4.074
4.117
4.149
4.170
4.207
4.226
4.258
4.288
4.313
4.337
4.363
4.395
4.419
4.444
4.462
4.495
4.517
4.537
4.558
4.587
4.602
4.628
4.644
4.671
4.692
4.707
4.726
4.742
4.763
4.785
4.798
4.819
4.834
4.847
4.871
4.877
4.900
4.910
4.931
4.946
4.960
4.978
4.987
5.003
5.017
5.027
5.037
5.047
5.062
5.066
5.084
5.089
5.107
5.111
5.128
5.130
5.147
5.158
5.161
5.175
5.178
5.192
5.202
5.213
5.217
5.225
5.234
5.244
5.246
5.255
5.262
5.266
5.269
5.279
5.281
5.290
5.297
5.304
5.307
5.318
5.323
5.326
5.332
5.341
5.334
5.344
5.349
5.362
5.361
5.367
5.362
5.371
5.382
5.381
5.389
5.389
5.393
5.392
5.398
5.403
5.406
5.410
5.414
5.415
5.419
5.425
5.431
5.430
5.429
5.431
5.434
5.435
5.445
5.441
5.447
5.444
5.447
5.451
5.461
5.457
5.464
5.456
5.461
5.465
5.470
5.466
5.476
5.474
5.480
5.469
5.474
5.480
5.482
5.482
5.485
5.480
5.484
5.492
5.485
5.490
5.488
5.499
5.497
5.491
5.495
5.499
5.495
5.500
5.504
5.504
5.499
5.503
5.499
5.500
5.505
5.511
5.508
5.511
5.511
5.507
5.510
5.514
5.520
5.514
5.509
5.507
5.519
5.510
5.516
5.523
5.518
5.521
5.520
5.521
5.515
5.525
5.518
5.523
5.525
5.520
5.523
5.525
5.523
5.525
5.521
5.524
5.519
5.529
5.532
5.533
5.529
5.535
5.527
5.524
5.525
5.527
5.529
5.526
5.533
5.529
5.526
5.529
5.533
5.527
5.532
5.537
5.534
5.537
5.529
5.531
5.528
5.534
5.541
5.540
5.534
5.533
5.539
5.534
5.536
5.536
5.533
5.536
5.535
5.529
5.542
5.530
5.534
5.531
5.533
5.542
5.535
5.536
5.538
5.535
5.539
5.540
5.535
5.537
5.536
5.541
5.536
5.534
5.544
5.544
5.538
5.540
5.543
5.539
5.539
5.544
5.537
5.545
5.538
5.537
5.540
5.534
5.544
5.539
5.537
5.534
5.545
5.543
5.539
5.537
5.541
5.542
5.538
5.543
5.537
5.544
5.536
5.539
5.539
5.543
5.544
5.539
5.543
5.545
5.543
5.538
5.546
5.543
5.536
5.539
5.535
5.543
5.541
5.541
5.536
5.542
5.543
5.547
5.542
5.538
5.540
5.543
5.540
5.541
5.535
5.541
5.544
5.544
5.546
5.546
5.543
5.542
5.541
5.544
5.533
5.537
5.537
5.539
5.534
5.534
5.538
5.539
5.538
5.545
5.547
5.543
5.542
5.541
5.537
5.541
5.536
5.543
5.541
5.546
5.541
5.538
5.546
5.538
5.540
5.536
5.544
5.535
5.545
5.545
5.535
5.540
5.539
5.540
5.537
5.540
5.549
5.538
5.541
5.539
5.541
5.544
5.538
5.544
5.542
5.542
5.545
5.537
5.539
5.546
5.541
5.540
5.548
5.546
5.542
5.546
5.541
5.547
5.542
5.541
5.546
5.538
5.550
5.540
5.537
5.541
5.540
5.539
5.539
5.539
5.538
5.540
5.542
5.543
5.541
5.541
5.542
5.545
5.536
5.544
5.545
5.546
5.541
5.545
5.544
5.541
5.539
5.540
5.541
5.545
5.542
5.544
5.542
5.543
5.542
5.537
5.547
5.540
5.539
5.540
5.545
5.542
5.536
5.541
5.542
5.541
5.538
5.538
5.540
5.538
5.546
5.543
5.541
5.546
5.542
5.542
5.545
5.545
5.546
5.545
5.541
5.544
5.548
5.548
5.546
5.545
5.539
5.543
5.545
5.548
5.545
5.541
5.542
5.545
5.535
5.541
5.545
5.550
5.542
5.542
5.545
5.546
5.545
5.544
5.545
5.544
5.542
5.544
5.545
5.547
5.545
5.543
5.543
5.544
5.542
5.545
5.546
5.549
5.538
5.543
5.544
5.549
5.544
5.542
5.542
5.547
5.544
5.542
5.548
5.544
5.538
5.536
5.546
5.540
5.542
5.553
5.542
5.549
5.545
5.544
5.544
5.548
5.548
5.542
5.541
5.544
5.548
5.552
5.549
5.542
5.543
5.542
5.545
5.545
5.543
5.546
5.544
5.547
5.540
5.549
5.549
5.552
5.549
5.548
5.546
5.539
5.550
5.552
5.547
5.550
5.544
5.548
5.542
5.544
5.547
5.548
5.545
5.544
5.542
5.546
5.551
5.549
5.551
5.549
5.545
5.545
5.549
5.550
5.548
5.543
5.549
5.541
5.548
5.551
5.548
5.551
5.549
5.551
5.546
5.546
5.548
5.548
5.549
5.546
5.549
5.545
5.551
5.549
5.547
5.546
5.549
5.546
5.551
5.552
5.547
5.549
5.545
5.547
5.545
5.546
5.550
5.555
5.550
5.550
5.547
5.549
5.550
5.550
5.554
5.546
5.549
5.549
5.555
5.550
5.555
5.549
5.558
5.548
5.549
5.549
5.554
5.550
5.547
5.554
5.552
5.551
5.552
5.554
5.553
5.546
5.548
5.546
5.551
5.550
5.555
5.543
5.550
5.548
5.550
5.548
5.555
5.550
5.549
5.550
5.547
5.557
5.548
5.554
5.550
5.554
5.551
5.550
5.552
5.554
5.550
5.554
5.554
5.555
5.554
5.556
5.553
5.549
5.556
5.545
5.556
5.552
5.550
5.548
5.553
5.550
5.554
5.558
5.554
5.554
5.556
5.554
5.555
5.558
5.557
5.556
5.554
5.553
5.558
5.559
5.554
5.555
5.556
5.556
5.556
5.550
5.554
5.551
5.553
5.553
5.557
5.553
5.554
5.551
5.551
5.558
5.556
5.554
5.554
5.557
5.557
5.551
5.555
5.558
5.554
5.562
5.552
5.548
5.553
5.549
5.555
5.555
5.556
5.553
5.551
5.561
5.559
5.560
5.558
5.563
5.557
5.558
5.551
5.559
5.550
5.558
5.553
5.557
5.558
5.555
5.554
5.551
5.557
5.557
5.559
5.555
5.556
5.556
5.564
5.554
5.557
5.556
5.556
5.559
5.558
5.555
5.563
5.552
5.560
5.559
5.556
5.557
5.562
5.561
5.561
5.564
5.559
5.562
5.557
5.565
5.563
5.560
5.562
5.555
5.556
5.563
5.559
5.565
5.560
5.561
5.562
5.564
5.555
5.554
5.562
5.558
5.555
5.561
5.557
5.556
5.561
5.561
5.559
5.562
5.554
5.556
5.563
5.560
5.563
5.559
5.566
5.555
5.556
5.565
5.565
5.560
5.564
5.562
5.558
5.562
5.560
5.561
5.561
5.562
5.564
5.566
5.563
5.561
5.555
5.564
5.558
5.560
5.562
5.565
5.562
5.566
5.568
5.560
5.564
5.559
5.564
5.560
5.566
5.559
5.561
5.559
5.563
5.558
5.567
5.567
5.564
5.559
5.562
5.560
5.563
5.569
5.563
5.562
5.561
5.569
5.561
5.565
5.563
5.571
5.564
5.569
5.565
5.569
5.569
5.566
5.568
5.562
5.566
5.568
5.560
5.564
5.567
5.567
5.568
5.565
5.561
5.567
5.575
5.567
5.567
5.566
5.566
5.568
5.564
5.563
5.569
5.563
5.574
5.562
5.569
5.564
5.572
5.566
5.561
5.568
5.566
5.566
5.566
5.565
5.564
5.564
5.567
5.565
5.566
5.564
5.566
5.567
5.566
5.565
5.573
5.572
5.565
5.563
5.570
5.568
5.571
5.565
5.563
5.570
5.565
5.567
5.569
5.570
5.566
5.563
5.569
5.574
5.579
5.563
5.572
5.568
5.566
5.567
5.572
5.567
5.574
5.566
5.565
5.567
5.575
5.572
5.572
5.568
5.567
5.571
5.570
5.568
5.572
5.568
5.574
5.571
5.574
5.573
5.567
5.570
5.570
5.570
5.574
5.572
5.574
5.570
5.574
5.569
5.571
5.572
5.572
5.570
5.573
5.573
5.568
5.571
5.567
5.571
5.570
5.572
5.578
5.567
5.577
5.568
5.579
5.572
5.572
5.569
5.578
5.576
5.573
5.569
5.571
5.569
5.568
5.569
5.576
5.569
5.573
5.571
5.573
5.570
5.572
5.575
5.574
