2.246
2.284
2.323
2.362
2.401
2.441
2.480
2.521
2.561
2.602
2.643
2.684
2.726
2.767
2.809
2.851
2.894
2.936
2.979
3.022
3.065
3.108
3.151
3.195
3.238
3.282
3.325
3.369
3.413
3.456
3.500
3.544
3.587
3.631
3.675
3.718
3.762
3.805
3.849
3.892
3.935
3.978
4.021
4.064
4.106
4.149
4.191
4.233
4.274
4.316
4.357
4.398
4.439
4.479
4.520
4.559
4.599
4.638
4.677
4.716
4.754
4.792
4.830
4.867
4.904
4.940
4.977
5.012
5.048
5.083
5.117
5.152
5.185
5.219
5.252
5.284
5.317
5.348
5.380
5.411
5.441
5.471
5.501
5.530
5.559
5.587
5.615
5.643
5.670
5.697
5.723
5.749
5.774
5.799
5.824
5.848
5.872
5.896
5.919
5.941
5.964
5.986
6.007
6.028
6.049
6.069
6.089
6.109
6.128
6.147
6.166
6.184
6.202
6.219
6.236
6.253
6.270
6.286
6.302
6.317
6.333
6.347
6.362
6.376
6.391
6.404
6.418
6.431
6.444
6.457
6.469
6.481
6.493
6.505
6.516
6.527
6.538
6.549
6.559
6.569
6.579
6.589
6.599
6.608
6.617
6.626
6.635
6.643
6.652
6.660
6.668
6.676
6.683
6.691
6.698
6.705
6.712
6.719
6.726
6.732
6.739
6.745
6.751
6.757
6.763
6.768
6.774
6.779
6.785
6.790
6.795
6.800
6.805
6.809
6.814
6.818
6.823
6.827
6.831
6.835
6.839
6.843
6.847
6.851
6.854
6.858
6.861
6.864
6.868
6.871
6.874
6.877
6.880
6.883
6.886
6.889
6.891
6.894
6.897
6.899
6.902
6.904
6.906
6.909
6.911
6.913
6.915
6.917
6.919
6.921
6.923
6.925
6.927
6.929
6.930
6.932
6.934
6.935
6.937
6.938
6.940
6.941
6.943
6.944
6.946
6.947
6.948
6.950
6.951
6.952
6.953
6.954
6.955
6.957
6.958
6.959
6.960
6.961
6.962
6.963
6.963
6.964
6.965
6.966
6.967
6.968
6.969
6.969
6.970
6.971
6.972
6.972
6.973
6.974
6.974
6.975
6.975
6.976
6.977
6.977
6.978
6.978
6.979
6.979
6.980
6.980
6.981
6.981
6.982
6.982
6.983
6.983
6.984
6.984
6.984
6.985
6.985
6.985
6.986
6.986
6.987
6.987
6.987
6.987
6.988
6.988
6.988
6.989
6.989
6.989
6.989
6.990
6.990
6.990
6.990
6.991
6.991
6.991
6.991
6.992
6.992
6.992
6.992
6.992
6.993
6.993
6.993
6.993
6.993
6.993
6.994
6.994
6.994
6.994
6.994
6.994
6.995
6.995
6.995
6.995
6.995
6.995
6.995
6.995
6.996
6.996
6.996
6.996
6.996
6.996
6.996
6.996
6.996
6.996
6.996
6.997
6.997
6.997
6.997
6.997
6.997
6.997
6.997
6.997
6.997
6.997
6.997
6.997
6.998
6.998
6.998
6.998
6.998
6.998
6.998
6.998
6.998
6.998
6.998
6.998
6.998
6.998
6.998
6.998
6.998
6.998
6.998
6.998
6.999
6.999
6.999
6.999
6.999
6.999
6.999
6.999
6.999
6.999
6.999
6.999
6.999
6.999
6.999
6.999
6.999
6.999
6.999
6.999
6.999
6.999
6.999
6.999
6.999
6.999
6.999
6.999
6.999
6.999
6.999
6.999
6.999
6.999
6.999
6.999
6.999
6.999
6.999
6.999
6.999
6.999
6.999
6.999
7.000
7.000
7.000
7.000
7.000
7.000
7.000
7.000
7.000
7.000
7.000
7.000
7.000
7.000
7.000
7.000
7.000
7.000
7.000
7.000
7.000
7.000
7.000
7.000
7.000
7.000
7.000
7.000
7.000
7.000
7.000
7.000
7.000
7.000
7.000
7.000
7.000
7.000
7.000
7.000
7.000
7.000
7.000
7.000
7.000
7.000
7.000
7.000
7.000
7.000
7.000
7.000
7.000
7.000
7.000
7.000
7.000
7.000
7.000
7.000
7.000
7.000
7.000
7.000
7.000
7.000
7.000
7.000
7.000
7.000
7.000
7.000
7.000
7.000
7.000
7.000
7.000
7.000
7.000
7.000
7.000
7.000
7.000
7.000
7.000
7.000
7.000
7.000
7.000
7.000
7.000
7.000
7.000
7.000
7.000
7.000
7.000
7.000
7.000
7.000
7.000
7.000
7.000
7.000
7.000
7.000
7.000
7.000
7.000
7.000
7.000
7.000
7.000
7.000
7.000
7.000
7.000
7.000
7.000
7.000
7.000
7.000
7.000
7.000
7.000
7.000
7.000
7.000
7.000
7.000
7.000
7.000
7.000
7.000
7.000
7.000
7.000
7.000
7.000
7.000
7.000
7.000
7.000
7.000
7.000
7.000
7.000
7.000
7.000
7.000
7.000
7.000
7.000
7.000
7.000
7.000
7.000
7.000
7.000
7.000
7.000
7.000
7.000
7.000
7.000
7.000
7.000
7.000
7.000
7.000
7.000
7.000
7.000
7.000
7.000
7.000
7.000
7.000
7.000
7.000
7.000
7.000
7.000
7.000
7.000
7.000
7.000
7.000
7.000
7.000
7.000
7.000
7.000
7.000
7.000
7.000
7.000
7.000
7.000
7.000
7.000
7.000
7.000
7.000
7.000
7.000
7.000
7.000
7.000
7.000
7.000
7.000
7.000
7.000
7.000
7.000
7.000
7.000
7.000
7.000
7.000
7.000
7.000
7.000
7.000
7.000
7.000
7.000
7.000
7.000
7.000
7.000
7.000
7.000
7.000
7.000
7.000
7.000
7.000
7.000
7.000
7.000
7.000
7.000
7.000
7.000
7.000
7.000
7.000
7.000
7.000
7.000
7.000
7.000
7.000
7.000
7.000
7.000
7.000
7.000
7.000
7.000
7.000
7.000
7.000
7.000
7.000
7.000
7.000
7.000
7.000
7.000
7.000
7.000
7.000
7.000
7.000
7.000
7.000
7.000
7.000
7.000
7.000
7.000
7.000
7.000
7.000
7.000
7.000
7.000
7.000
7.000
7.000
7.000
7.000
7.000
7.000
7.000
7.000
7.000
7.000
7.000
7.000
7.000
7.000
7.000
7.000
7.000
7.000
7.000
7.000
7.000
7.000
7.000
7.000
7.000
7.000
7.000
7.000
7.000
7.000
7.000
7.000
7.000
7.000
7.000
7.000
7.000
7.000
7.000
7.000
7.000
7.000
7.000
7.000
7.000
7.000
7.000
7.000
7.000
7.000
7.000
7.000
7.000
7.000
7.000
7.000
7.000
7.000
7.000
7.000
7.000
7.000
7.000
7.000
7.000
7.000
7.000
7.000
7.000
7.000
7.000
7.000
7.000
7.000
7.000
7.000
7.000
7.000
7.000
7.000
7.000
7.000
7.000
7.000
7.000
7.000
7.000
7.000
7.000
7.000
7.000
7.000
7.000
7.000
7.000
7.000
7.000
7.000
7.000
7.000
7.000
7.000
7.000
7.000
7.000
7.000
7.000
7.000
7.000
7.000
7.000
7.000
7.000
7.000
7.000
7.000
7.000
7.000
7.000
7.000
7.000
7.000
7.000
7.000
7.000
7.000
7.000
7.000
7.000
7.000
7.000
7.000
7.000
7.000
7.000
7.000
7.000
7.000
7.000
7.000
7.000
7.000
7.000
7.000
7.000
7.000
7.000
7.000
7.000
7.000
7.000
7.000
7.000
7.000
7.000
7.000
7.000
7.000
7.000
7.000
7.000
7.000
7.000
7.000
7.000
7.000
7.000
7.000
7.000
7.000
7.000
7.000
7.000
7.000
7.000
7.000
7.000
7.000
7.000
7.000
7.000
7.000
7.000
7.000
7.000
7.000
7.000
7.000
7.000
7.000
7.000
7.000
7.000
7.000
7.000
7.000
7.000
7.000
7.000
7.000
7.000
7.000
7.000
7.000
7.000
7.000
7.000
7.000
7.000
7.000
7.000
7.000
7.000
7.000
7.000
7.000
7.000
7.000
7.000
7.000
7.000
7.000
7.000
7.000
7.000
7.000
7.000
7.000
7.000
7.000
7.000
7.000
7.000
7.000
7.000
7.000
7.000
7.000
7.000
7.000
7.000
7.000
7.000
7.000
7.000
7.000
7.000
7.000
7.000
7.000
7.000
7.000
7.000
7.000
7.000
7.000
7.000
7.000
7.000
7.000
7.000
7.000
7.000
7.000
7.000
7.000
7.000
7.000
7.000
7.000
7.000
7.000
7.000
7.000
7.000
7.000
7.000
7.000
7.000
7.000
7.000
7.000
7.000
7.000
7.000
7.000
7.000
7.000
7.000
7.000
7.000
7.000
7.000
7.000
7.000
7.000
7.000
7.000
7.000
7.000
7.000
7.000
7.000
7.000
7.000
7.000
7.000
7.000
7.000
7.000
7.000
7.000
7.000
7.000
7.000
7.000
7.000
7.000
7.000
7.000
7.000
