6.877
7.171
7.586
7.858
8.250
8.660
9.147
9.651
10.072
10.609
11.142
11.779
12.368
13.032
13.736
14.468
15.228
16.016
16.830
17.676
18.544
19.437
20.352
21.299
22.237
23.174
24.136
25.097
26.057
27.020
27.967
28.892
29.795
30.705
31.589
32.432
33.254
34.073
34.837
35.580
36.294
36.969
37.621
38.241
38.821
39.374
39.903
40.390
40.855
41.286
41.698
42.088
42.444
42.789
43.105
43.406
43.682
43.947
44.192
44.425
44.641
44.849
45.039
45.224
45.395
45.556
45.710
45.848
45.988
46.119
46.233
46.357
46.467
46.578
46.669
46.764
46.859
46.945
47.022
47.102
47.183
47.247
47.317
47.381
47.448
47.505
47.560
47.611
47.664
47.714
47.763
47.814
47.854
47.898
47.944
47.980
48.019
48.056
48.090
48.130
48.162
48.192
48.223
48.250
48.285
48.311
48.338
48.363
48.390
48.416
48.437
48.460
48.484
48.501
48.524
48.546
48.562
48.588
48.607
48.617
48.642
48.655
48.676
48.687
48.705
48.722
48.732
48.744
48.767
48.771
48.794
48.806
48.818
48.820
48.834
48.849
48.865
48.868
48.876
48.886
48.905
48.906
48.922
48.929
48.938
48.950
48.953
48.961
48.970
48.981
48.984
48.994
49.007
49.014
49.015
49.021
49.028
49.036
49.046
49.049
49.059
49.063
49.067
49.074
49.077
49.082
49.090
49.095
49.095
49.108
49.112
49.119
49.120
49.120
49.126
49.135
49.132
49.141
49.147
49.146
49.149
49.150
49.156
49.164
49.170
49.168
49.168
49.172
49.176
49.182
49.185
49.183
49.188
49.193
49.195
49.199
49.199
49.205
49.206
49.205
49.212
49.210
49.217
49.213
49.222
49.218
49.226
49.226
49.225
49.228
49.235
49.232
49.233
49.237
49.238
49.245
49.239
49.242
49.248
49.247
49.246
49.252
49.246
49.254
49.254
49.253
49.255
49.260
49.253
49.263
49.256
49.259
49.266
49.265
49.263
49.265
49.266
49.268
49.275
49.267
49.271
49.269
49.277
49.272
49.274
49.277
49.272
49.282
49.280
49.282
49.284
49.288
49.282
49.288
49.281
49.282
49.284
49.288
49.284
49.286
49.284
49.284
49.288
49.292
49.287
49.292
49.292
49.289
49.293
49.292
49.297
49.296
49.294
49.295
49.297
49.298
49.294
49.297
49.301
49.297
49.298
49.299
49.297
49.299
49.302
49.303
49.306
49.303
49.302
49.301
49.304
49.302
49.306
49.304
49.305
49.309
49.303
49.300
49.303
49.305
49.305
49.304
49.302
49.309
49.305
49.306
49.301
49.301
49.305
49.308
49.308
49.312
49.311
49.309
49.305
49.306
49.305
49.310
49.316
49.305
49.308
49.308
49.312
49.311
49.308
49.311
49.307
49.308
49.310
49.312
49.318
49.305
49.314
49.308
49.314
49.311
49.312
49.311
49.306
49.314
49.314
49.308
49.313
49.313
49.314
49.308
49.309
49.312
49.313
49.311
49.311
49.316
49.312
49.314
49.311
49.316
49.309
49.313
49.311
49.309
49.319
49.312
49.312
49.315
49.312
49.314
49.318
49.316
49.312
49.319
49.314
49.320
49.315
49.312
49.316
49.315
49.314
49.319
49.317
49.317
49.318
49.317
49.314
49.315
49.320
49.319
49.313
49.320
49.318
49.317
49.320
49.312
49.314
49.315
49.318
49.310
49.316
49.319
49.316
49.320
49.317
49.315
49.315
49.320
49.318
49.318
49.316
49.316
49.316
49.318
49.316
49.317
49.315
49.318
49.322
49.312
49.316
49.316
49.313
49.318
49.315
49.318
49.316
49.317
49.313
49.318
49.316
49.315
49.313
49.321
49.311
49.323
49.315
49.321
49.316
49.316
49.317
49.317
49.318
49.318
49.317
49.314
49.317
49.320
49.320
49.318
49.314
49.318
49.318
49.322
49.314
49.313
49.316
49.320
49.315
49.317
49.315
49.318
49.317
49.316
49.317
49.317
49.319
49.320
49.315
49.317
49.322
49.319
49.314
49.315
49.319
49.315
49.317
49.319
49.323
49.317
49.319
49.315
49.315
49.320
49.315
49.315
49.321
49.315
49.314
49.319
49.316
49.321
49.315
49.317
49.317
49.320
49.322
49.314
49.320
49.324
49.320
49.316
49.320
49.317
49.317
49.323
49.322
49.321
49.322
49.319
49.320
49.315
49.316
49.313
49.320
49.317
49.320
49.315
49.317
49.313
49.322
49.321
49.318
49.319
49.316
49.315
49.318
49.320
49.316
49.318
49.313
49.318
49.316
49.318
49.321
49.321
49.317
49.319
49.322
49.320
49.314
49.319
49.321
49.316
49.316
49.321
49.318
49.319
49.318
49.318
49.316
49.321
49.315
49.313
49.318
49.320
49.321
49.313
49.321
49.317
49.317
49.321
49.318
49.315
49.319
49.319
49.322
49.315
49.319
49.323
49.320
49.314
49.316
49.319
49.320
49.315
49.321
49.326
49.316
49.316
49.317
49.314
49.321
49.315
49.315
49.320
49.319
49.314
49.320
49.324
49.318
49.317
49.321
49.321
49.322
49.315
49.316
49.319
49.320
49.313
49.317
49.318
49.315
49.317
49.314
49.319
49.316
49.315
49.320
49.322
49.318
49.319
49.322
49.315
49.320
49.312
49.321
49.317
49.320
49.315
49.315
49.322
49.313
49.319
49.322
49.319
49.314
49.315
49.322
49.321
49.314
49.316
49.316
49.312
49.319
49.321
49.319
49.318
49.318
49.322
49.316
49.321
49.314
49.313
49.320
49.321
49.320
49.315
49.320
49.320
49.319
49.318
49.317
49.315
49.326
49.321
49.315
49.316
49.317
49.318
49.317
49.320
49.320
49.317
49.320
49.315
49.321
49.318
49.324
49.316
49.313
49.319
49.317
49.321
49.319
49.316
49.316
49.315
49.315
49.322
49.319
49.315
49.320
49.319
49.318
49.318
49.318
49.315
49.318
49.315
49.315
49.312
49.315
49.315
49.318
49.312
49.321
49.320
49.324
49.320
49.318
49.321
49.319
49.314
49.317
49.316
49.316
49.315
49.320
49.319
49.318
49.316
49.318
49.325
49.318
49.313
49.321
49.319
49.320
49.319
49.320
49.318
49.320
49.317
49.318
49.323
49.324
49.312
49.318
49.314
49.317
49.321
49.321
49.321
49.318
49.321
49.319
49.316
49.317
49.315
49.321
49.315
49.318
49.314
49.318
49.316
49.317
49.318
49.317
49.323
49.318
49.317
49.313
49.318
49.322
49.317
49.318
49.322
49.318
49.324
49.324
49.317
49.313
49.322
49.316
49.322
49.319
49.320
49.318
49.315
49.318
49.314
49.317
49.318
49.315
49.316
49.323
49.316
49.320
49.316
49.320
49.317
49.319
49.321
49.322
49.316
49.322
49.321
49.313
49.319
49.321
49.319
49.314
49.320
49.316
49.321
49.319
49.315
49.321
49.319
49.318
49.315
49.317
49.314
49.314
49.314
49.320
49.321
49.315
49.318
49.322
49.318
49.324
49.316
49.321
49.316
49.314
49.317
49.321
49.320
49.319
49.314
49.316
49.320
49.319
49.318
49.316
49.319
49.314
49.316
49.320
49.312
49.313
49.316
49.315
49.319
49.316
49.322
49.322
49.320
49.319
49.319
49.315
49.323
49.314
49.316
49.320
49.321
49.317
49.321
49.322
49.320
49.312
49.318
49.319
49.318
49.319
49.315
49.322
49.320
49.315
49.309
49.316
49.319
49.318
49.319
49.320
49.314
49.320
49.321
49.321
49.317
49.318
49.315
49.315
49.321
49.315
49.324
49.316
49.319
49.315
49.314
49.319
49.314
49.324
49.323
49.317
49.317
49.320
49.321
49.318
49.321
49.316
49.312
49.319
49.324
49.316
49.318
49.315
49.317
49.319
49.316
49.316
49.314
49.318
49.324
49.320
49.313
49.317
49.322
49.313
49.318
49.316
49.314
49.318
49.313
49.317
49.322
49.320
49.315
49.317
49.317
49.313
49.317
49.318
49.317
49.317
49.321
49.323
49.319
49.318
49.317
49.315
49.326
49.317
49.319
49.322
49.319
49.318
49.320
49.324
49.316
49.318
49.320
49.321
49.319
49.318
49.320
49.314
49.322
49.319
49.319
49.320
49.318
49.318
49.317
49.322
49.318
49.316
49.317
49.314
49.317
49.316
49.323
49.320
49.311
49.322
49.319
49.318
49.315
49.314
49.315
49.318
49.318
49.316
49.319
49.321
49.322
49.323
49.319
49.322
49.317
49.319
49.319
49.319
49.319
49.316
49.320
49.321
49.316
49.319
49.320
49.320
49.321
49.324
49.320
49.320
49.318
49.316
49.319
49.317
49.317
49.318
49.316
49.320
49.316
49.314
49.322
49.320
49.323
49.317
49.323
49.316
49.313
49.318
49.321
49.323
49.319
49.320
49.317
49.317
49.318
49.314
49.319
49.316
49.318
49.319
49.317
