4.664
4.706
4.736
4.752
4.766
4.780
4.794
4.856
4.857
4.881
4.915
4.901
4.957
4.954
4.982
5.007
5.036
5.050
5.076
5.093
5.107
5.139
5.166
5.170
5.181
5.246
5.240
5.258
5.300
5.313
5.328
5.341
5.370
5.383
5.397
5.429
5.467
5.470
5.514
5.512
5.533
5.570
5.614
5.612
5.627
5.652
5.686
5.708
5.737
5.758
5.765
5.796
5.810
5.801
5.855
5.852
5.884
5.915
5.955
5.961
5.998
6.016
6.031
6.051
6.077
6.124
6.126
6.135
6.157
6.198
6.213
6.237
6.263
6.295
6.313
6.333
6.340
6.366
6.388
6.431
6.443
6.451
6.496
6.492
6.561
6.551
6.587
6.586
6.605
6.632
6.676
6.693
6.717
6.729
6.739
6.766
6.794
6.815
6.843
6.863
6.892
6.902
6.919
6.919
6.948
6.964
7.007
7.042
7.053
7.067
7.082
7.146
7.136
7.150
7.196
7.211
7.209
7.223
7.240
7.278
7.302
7.313
7.343
7.359
7.360
7.401
7.410
7.456
7.485
7.477
7.486
7.511
7.531
7.566
7.568
7.619
7.628
7.658
7.622
7.669
7.699
7.701
7.714
7.745
7.765
7.792
7.791
7.826
7.824
7.838
7.881
7.882
7.920
7.927
7.986
7.978
8.001
8.013
8.033
8.065
8.061
8.065
8.088
8.098
8.126
8.117
8.186
8.158
8.173
8.202
8.218
8.219
8.259
8.270
8.298
8.320
8.314
8.316
8.355
8.374
8.375
8.399
8.422
8.422
8.431
8.487
8.474
8.492
8.520
8.540
8.560
8.530
8.558
8.601
8.612
8.599
8.625
8.639
8.659
8.665
8.703
8.703
8.730
8.749
8.740
8.748
8.781
8.784
8.821
8.823
8.806
8.833
8.853
8.885
8.890
8.905
8.918
8.947
8.928
8.942
8.963
8.980
9.024
8.999
9.051
9.050
9.025
9.058
9.053
9.105
9.109
9.109
9.091
9.124
9.153
9.164
9.155
9.182
9.173
9.209
9.225
9.216
9.248
9.243
9.262
9.262
9.280
9.291
9.304
9.335
9.317
9.314
9.339
9.365
9.371
9.384
9.384
9.397
9.413
9.443
9.438
9.435
9.452
9.477
9.486
9.462
9.495
9.511
9.507
9.543
9.528
9.566
9.580
9.560
9.585
9.572
9.594
9.614
9.610
9.644
9.618
9.633
9.651
9.675
9.677
9.676
9.694
9.691
9.697
9.737
9.726
9.746
9.750
9.740
9.745
9.757
9.795
9.774
9.803
9.799
9.809
9.796
9.840
9.835
9.824
9.851
9.863
9.877
9.874
9.876
9.901
9.895
9.896
9.902
9.931
9.935
9.940
9.934
9.950
9.939
9.975
9.978
9.982
9.971
9.989
9.998
10.016
10.037
10.013
10.021
10.055
10.049
10.041
10.059
10.072
10.068
10.072
10.085
10.090
10.092
10.118
10.114
10.127
10.143
10.134
10.139
10.149
10.130
10.167
10.166
10.183
10.188
10.178
10.193
10.205
10.192
10.208
10.222
10.219
10.235
10.245
10.223
10.248
10.250
10.242
10.248
10.254
10.267
10.282
10.268
10.291
10.305
10.313
10.291
10.308
10.336
10.326
10.337
10.323
10.328
10.334
10.325
10.351
10.337
10.365
10.355
10.354
10.353
10.382
10.377
10.376
10.393
10.402
10.415
10.393
10.396
10.418
10.433
10.423
10.431
10.453
10.424
10.418
10.466
10.451
10.444
10.460
10.470
10.466
10.488
10.474
10.490
10.478
10.491
10.490
10.522
10.504
10.488
10.516
10.530
10.523
10.538
10.530
10.519
10.542
10.533
10.530
10.552
10.571
10.556
10.571
10.566
10.580
10.555
10.576
10.577
10.583
10.596
10.592
10.597
10.607
10.605
10.601
10.619
10.606
10.621
10.613
10.628
10.630
10.626
10.630
10.659
10.648
10.637
10.639
10.628
10.638
10.655
10.656
10.675
10.672
10.652
10.652
10.693
10.664
10.672
10.686
10.668
10.715
10.696
10.685
10.710
10.698
10.696
10.713
10.710
10.710
10.716
10.728
10.707
10.722
10.721
10.718
10.751
10.744
10.743
10.726
10.735
10.742
10.738
10.728
10.777
10.736
10.758
10.745
10.747
10.762
10.784
10.778
10.764
10.785
10.773
10.779
10.797
10.797
10.776
10.786
10.777
10.789
10.797
10.781
10.801
10.798
10.808
10.827
10.835
10.802
10.829
10.825
10.834
10.815
10.823
10.830
10.833
10.835
10.829
10.845
10.825
10.847
10.831
10.836
10.855
10.858
10.852
10.839
10.865
10.863
10.852
10.862
10.838
10.855
10.868
10.865
10.857
10.867
10.866
10.838
10.876
10.870
10.872
10.894
10.890
10.880
10.902
10.884
10.902
10.865
10.906
10.893
10.912
10.893
10.905
10.900
10.910
10.902
10.900
10.918
10.906
10.902
10.929
10.922
10.924
10.916
10.919
10.935
10.924
10.921
10.930
10.942
10.938
10.929
10.926
10.938
10.943
10.914
10.942
10.948
10.933
10.945
10.932
10.954
10.955
10.963
10.936
10.966
10.965
10.986
10.928
10.950
10.958
10.961
10.964
10.956
10.957
10.973
10.987
10.970
10.977
10.972
10.957
10.975
10.979
10.970
10.976
10.990
10.970
10.981
10.992
10.998
10.971
10.971
10.975
10.997
10.973
10.979
10.986
10.992
10.973
10.986
10.991
11.004
10.988
11.007
10.996
10.999
11.005
11.008
11.000
11.015
10.992
11.001
11.004
11.010
11.005
10.984
10.984
10.992
11.007
11.032
11.024
10.997
10.998
10.999
11.020
11.019
11.013
11.023
11.002
11.026
11.043
11.025
11.044
11.008
11.006
11.013
11.027
11.024
11.031
11.013
11.029
11.046
11.036
11.047
11.028
11.045
11.046
11.028
11.031
11.038
11.037
11.054
11.041
11.044
11.045
11.052
11.044
11.050
11.053
11.048
11.019
11.043
11.050
11.036
11.048
11.032
11.050
11.056
11.056
11.062
11.064
11.030
11.078
11.061
11.046
11.068
11.049
11.050
11.055
11.041
11.064
11.071
11.055
11.066
11.072
11.083
11.051
11.065
11.069
11.073
11.054
11.079
11.068
11.054
11.073
11.070
11.047
11.070
11.065
11.065
11.077
11.080
11.055
11.088
11.072
11.061
11.057
11.051
11.062
11.062
11.065
11.055
11.063
11.107
11.069
11.086
11.102
11.066
11.070
11.086
11.104
11.081
11.079
11.084
11.058
11.095
11.077
11.078
11.074
11.080
11.090
11.070
11.077
11.091
11.074
11.104
11.091
11.089
11.084
11.066
11.100
11.093
11.102
11.097
11.105
11.083
11.084
11.108
11.095
11.080
11.116
11.106
11.121
11.104
11.092
11.087
11.093
11.084
11.115
11.087
11.098
11.071
11.108
11.106
11.112
11.101
11.112
11.103
11.094
11.102
11.079
11.098
11.114
11.077
11.069
11.089
11.094
11.107
11.092
11.089
11.082
11.120
11.112
11.103
11.101
11.098
11.079
11.105
11.104
11.094
11.098
11.113
11.099
11.101
11.114
11.111
11.110
11.087
11.094
11.087
11.115
11.101
11.109
11.106
11.109
11.107
11.126
11.095
11.091
11.085
11.102
11.099
11.117
11.087
11.118
11.105
11.118
11.120
11.095
11.119
11.087
11.117
11.111
11.134
11.099
11.115
11.120
11.100
11.104
11.101
11.121
11.115
11.104
11.101
11.118
11.095
11.115
11.125
11.102
11.104
11.142
11.109
11.103
11.097
11.105
11.113
11.097
11.097
11.108
11.122
11.116
11.094
11.093
11.117
11.121
11.106
11.103
11.139
11.120
11.113
11.118
11.122
11.136
11.129
11.126
11.133
11.104
11.112
11.115
11.112
11.109
11.128
11.121
11.130
11.131
11.125
11.127
11.145
11.125
11.126
11.109
11.119
11.124
11.126
11.119
11.122
11.110
11.124
11.121
11.137
11.134
11.109
11.113
11.125
11.131
11.121
11.120
11.125
11.119
11.135
11.119
11.100
11.114
11.125
11.132
11.129
11.123
11.132
11.119
11.116
11.120
11.128
11.108
11.151
11.131
11.124
11.112
11.126
11.102
11.119
11.126
11.129
11.118
11.128
11.127
11.113
11.120
11.122
11.095
11.120
11.128
11.117
11.112
11.136
11.121
11.128
11.117
11.125
11.123
11.117
11.122
11.125
11.125
11.108
11.128
11.107
11.136
11.132
11.108
11.117
11.125
11.119
11.122
11.110
11.135
11.099
11.114
11.088
11.117
11.106
11.127
11.108
11.140
11.123
11.131
11.135
11.119
11.114
11.150
11.125
11.139
11.121
11.127
11.115
11.116
11.125
11.125
11.129
11.134
11.129
11.121
11.123
11.136
11.139
11.134
11.119
11.109
11.132
11.115
11.104
11.123
11.138
11.117
11.136
11.140
