1.634
1.646
1.656
1.672
1.687
1.711
1.729
1.733
1.759
1.773
1.783
1.797
1.824
1.846
1.853
1.870
1.886
1.915
1.932
1.947
1.964
1.978
1.998
2.022
2.031
2.054
2.068
2.092
2.102
2.138
2.150
2.171
2.186
2.201
2.213
2.232
2.260
2.284
2.303
2.310
2.331
2.355
2.380
2.395
2.398
2.425
2.449
2.466
2.482
2.499
2.513
2.533
2.546
2.568
2.591
2.603
2.614
2.645
2.662
2.681
2.704
2.706
2.723
2.744
2.752
2.774
2.787
2.800
2.828
2.839
2.858
2.877
2.879
2.907
2.924
2.938
2.950
2.965
2.977
3.000
3.007
3.014
3.038
3.050
3.063
3.063
3.092
3.096
3.104
3.126
3.139
3.154
3.161
3.181
3.178
3.189
3.212
3.218
3.234
3.241
3.244
3.258
3.266
3.279
3.283
3.306
3.314
3.326
3.342
3.341
3.348
3.372
3.366
3.377
3.387
3.401
3.397
3.411
3.416
3.434
3.438
3.448
3.446
3.463
3.479
3.477
3.484
3.487
3.498
3.517
3.524
3.526
3.535
3.549
3.550
3.557
3.564
3.574
3.571
3.570
3.583
3.590
3.589
3.615
3.615
3.612
3.620
3.637
3.630
3.642
3.653
3.646
3.653
3.669
3.672
3.679
3.689
3.675
3.685
3.709
3.704
3.706
3.717
3.718
3.725
3.723
3.733
3.737
3.732
3.741
3.749
3.756
3.756
3.775
3.778
3.767
3.772
3.781
3.785
3.793
3.800
3.798
3.793
3.800
3.803
3.817
3.822
3.827
3.820
3.833
3.831
3.839
3.835
3.856
3.855
3.864
3.843
3.859
3.871
3.869
3.872
3.872
3.866
3.875
3.887
3.879
3.886
3.880
3.905
3.904
3.893
3.906
3.909
3.907
3.908
3.926
3.924
3.918
3.928
3.926
3.922
3.935
3.941
3.947
3.947
3.945
3.943
3.947
3.954
3.968
3.961
3.957
3.960
3.975
3.968
3.972
3.984
3.982
3.980
3.980
3.995
3.981
3.997
3.987
4.002
4.005
4.001
4.010
4.012
4.007
4.012
4.002
4.019
4.005
4.019
4.028
4.030
4.026
4.031
4.034
4.023
4.028
4.031
4.037
4.033
4.052
4.038
4.041
4.045
4.056
4.042
4.053
4.060
4.062
4.065
4.054
4.062
4.060
4.068
4.080
4.074
4.071
4.073
4.087
4.081
4.088
4.084
4.079
4.080
4.088
4.087
4.098
4.081
4.090
4.098
4.094
4.108
4.105
4.108
4.100
4.103
4.110
4.108
4.106
4.111
4.107
4.119
4.114
4.116
4.129
4.126
4.116
4.121
4.131
4.118
4.138
4.134
4.136
4.134
4.142
4.139
4.142
4.142
4.145
4.145
4.132
4.135
4.155
4.157
4.142
4.152
4.159
4.154
4.153
4.163
4.160
4.153
4.160
4.153
4.161
4.168
4.174
4.158
4.161
4.171
4.170
4.164
4.183
4.179
4.168
4.172
4.164
4.189
4.184
4.183
4.170
4.183
4.185
4.190
4.184
4.191
4.183
4.191
4.187
4.192
4.185
4.197
4.206
4.200
4.206
4.200
4.205
4.209
4.199
4.211
4.198
4.194
4.198
4.200
4.201
4.201
4.205
4.214
4.209
4.214
4.223
4.219
4.218
4.217
4.213
4.218
4.207
4.221
4.214
4.227
4.231
4.221
4.232
4.226
4.225
4.222
4.235
4.221
4.234
4.235
4.224
4.233
4.235
4.227
4.233
4.238
4.249
4.230
4.245
4.235
4.247
4.252
4.240
4.247
4.243
4.247
4.249
4.237
4.243
4.258
4.237
4.248
4.256
4.252
4.258
4.260
4.255
4.258
4.254
4.253
4.264
4.256
4.266
4.252
4.251
4.259
4.251
4.255
4.258
4.255
4.258
4.261
4.268
4.261
4.265
4.268
4.275
4.272
4.261
4.275
4.278
4.273
4.268
4.283
4.275
4.270
4.276
4.263
4.273
4.280
4.284
4.283
4.277
4.277
4.282
4.279
4.285
4.289
4.288
4.279
4.293
4.277
4.282
4.287
4.284
4.291
4.279
4.297
4.288
4.288
4.302
4.300
4.292
4.297
4.297
4.285
4.292
4.303
4.290
4.308
4.297
4.304
4.302
4.298
4.300
4.303
4.293
4.300
4.313
4.306
4.304
4.302
4.303
4.308
4.299
4.304
4.306
4.313
4.307
4.301
4.306
4.310
4.303
4.301
4.319
4.311
4.304
4.319
4.316
4.323
4.308
4.320
4.316
4.319
4.309
4.312
4.326
4.326
4.313
4.313
4.319
4.326
4.318
4.322
4.307
4.326
4.322
4.320
4.331
4.321
4.319
4.313
4.325
4.319
4.322
4.331
4.324
4.333
4.332
4.330
4.335
4.322
4.337
4.328
4.329
4.325
4.336
4.338
4.335
4.331
4.336
4.326
4.331
4.329
4.331
4.328
4.329
4.339
4.328
4.345
4.339
4.340
4.347
4.344
4.338
4.331
4.345
4.339
4.341
4.348
4.336
4.352
4.334
4.337
4.336
4.340
4.335
4.336
4.336
4.334
4.352
4.349
4.354
4.342
4.348
4.344
4.352
4.353
4.353
4.345
4.354
4.346
4.348
4.361
4.351
4.362
4.351
4.358
4.343
4.352
4.348
4.352
4.362
4.349
4.349
4.345
4.359
4.364
4.353
4.348
4.363
4.347
4.364
4.359
4.350
4.350
4.349
4.349
4.352
4.358
4.357
4.367
4.360
4.369
4.351
4.359
4.362
4.365
4.368
4.357
4.367
4.356
4.370
4.352
4.370
4.357
4.369
4.362
4.372
4.362
4.365
4.362
4.360
4.375
4.363
4.363
4.371
4.376
4.373
4.367
4.362
4.364
4.375
4.372
4.373
4.362
4.369
4.365
4.378
4.369
4.377
4.371
4.367
4.380
4.365
4.381
4.362
4.376
4.376
4.382
4.373
4.368
4.376
4.386
4.371
4.375
4.376
4.382
4.369
4.387
4.375
4.372
4.382
4.369
4.389
4.377
4.384
4.372
4.386
4.381
4.372
4.384
4.387
4.386
4.382
4.382
4.391
4.393
4.391
4.387
4.378
4.382
4.392
4.387
4.388
4.377
4.384
4.393
4.394
4.375
4.378
4.374
4.381
4.380
4.396
4.377
4.396
4.389
4.377
4.395
4.383
4.381
4.398
4.397
4.389
4.384
4.389
4.397
4.384
4.397
4.392
4.385
4.391
4.386
4.387
4.392
4.394
4.387
4.386
4.395
4.396
4.390
4.394
4.396
4.395
4.394
4.385
4.394
4.392
4.396
4.389
4.403
4.403
4.398
4.390
4.391
4.395
4.402
4.404
4.395
4.397
4.389
4.399
4.393
4.395
4.394
4.397
4.391
4.392
4.395
4.407
4.390
4.396
4.398
4.388
4.393
4.408
4.407
4.407
4.407
4.401
4.406
4.394
4.412
4.395
4.412
4.409
4.404
4.397
4.399
4.399
4.409
4.402
4.407
4.405
4.416
4.395
4.395
4.414
4.397
4.395
4.408
4.407
4.398
4.414
4.406
4.394
4.400
4.398
4.402
4.410
4.413
4.411
4.410
4.415
4.405
4.400
4.412
4.416
4.421
4.409
4.407
4.401
4.414
4.405
4.401
4.405
4.402
4.415
4.416
4.404
4.411
4.405
4.412
4.403
4.410
4.412
4.414
4.408
4.415
4.421
4.406
4.416
4.402
4.418
4.404
4.418
4.405
4.404
4.409
4.417
4.407
4.415
4.416
4.415
4.408
4.410
4.404
4.407
4.422
4.411
4.417
4.413
4.424
4.407
4.406
4.411
4.425
4.418
4.422
4.418
4.418
4.420
4.416
4.421
4.414
4.421
4.424
4.410
4.418
4.421
4.411
4.424
4.412
4.418
4.423
4.426
4.416
4.414
4.420
4.425
4.427
4.415
4.423
4.421
4.411
4.426
4.420
4.429
4.419
4.424
4.426
4.414
4.421
4.423
4.422
4.423
4.421
4.422
4.411
4.430
4.413
4.420
4.421
4.416
4.419
4.427
4.428
4.432
4.432
4.427
4.415
4.431
4.422
4.427
4.419
4.419
4.436
4.417
4.420
4.422
4.432
4.417
4.417
4.423
4.435
4.430
4.418
4.435
4.423
4.421
4.422
4.438
4.426
4.439
4.426
4.417
4.430
4.431
4.432
4.435
4.429
4.422
4.427
4.427
4.425
4.434
4.425
4.431
4.425
4.437
4.428
4.421
4.422
4.420
4.433
4.430
4.420
4.441
4.425
4.432
4.428
4.434
4.430
4.425
4.425
4.433
4.436
4.426
4.432
4.426
4.423
4.434
4.426
4.438
4.422
4.430
4.421
4.434
4.435
4.424
4.441
4.437
4.439
4.431
4.428
4.435
4.432
4.428
4.428
4.432
4.426
4.431
4.428
4.441
4.428
4.421
4.441
4.439
