2.109
2.129
2.146
2.169
2.190
2.219
2.242
2.255
2.286
2.305
2.322
2.346
2.377
2.402
2.418
2.443
2.465
2.501
2.523
2.545
2.570
2.591
2.617
2.648
2.667
2.694
2.717
2.747
2.770
2.808
2.828
2.856
2.882
2.903
2.924
2.953
2.984
3.012
3.041
3.058
3.087
3.117
3.144
3.168
3.186
3.218
3.246
3.271
3.298
3.322
3.343
3.369
3.389
3.418
3.447
3.467
3.488
3.525
3.548
3.570
3.598
3.612
3.634
3.661
3.677
3.705
3.727
3.744
3.778
3.795
3.817
3.843
3.852
3.884
3.906
3.928
3.946
3.964
3.982
4.010
4.023
4.036
4.061
4.079
4.099
4.106
4.135
4.146
4.161
4.184
4.202
4.222
4.233
4.257
4.261
4.277
4.301
4.313
4.331
4.343
4.350
4.368
4.382
4.397
4.405
4.428
4.442
4.458
4.473
4.480
4.489
4.512
4.518
4.529
4.545
4.557
4.560
4.576
4.582
4.603
4.608
4.624
4.626
4.643
4.660
4.663
4.672
4.680
4.692
4.710
4.718
4.727
4.738
4.752
4.759
4.765
4.773
4.787
4.788
4.793
4.805
4.812
4.820
4.835
4.844
4.845
4.856
4.872
4.872
4.881
4.896
4.893
4.899
4.914
4.921
4.928
4.938
4.933
4.944
4.961
4.962
4.967
4.980
4.981
4.988
4.990
5.002
5.006
5.006
5.017
5.025
5.031
5.035
5.049
5.056
5.052
5.058
5.066
5.072
5.080
5.086
5.089
5.088
5.093
5.098
5.113
5.116
5.123
5.120
5.132
5.136
5.141
5.142
5.157
5.159
5.169
5.157
5.169
5.181
5.181
5.185
5.187
5.184
5.192
5.203
5.201
5.206
5.206
5.226
5.225
5.221
5.230
5.235
5.235
5.237
5.253
5.253
5.252
5.258
5.259
5.261
5.270
5.274
5.282
5.284
5.286
5.286
5.289
5.297
5.308
5.304
5.302
5.305
5.319
5.315
5.318
5.331
5.330
5.328
5.330
5.341
5.334
5.347
5.342
5.354
5.357
5.355
5.363
5.370
5.366
5.372
5.363
5.377
5.368
5.381
5.390
5.390
5.390
5.394
5.399
5.392
5.397
5.398
5.403
5.402
5.420
5.411
5.412
5.416
5.425
5.419
5.427
5.433
5.434
5.440
5.433
5.438
5.437
5.446
5.454
5.453
5.450
5.453
5.464
5.461
5.466
5.464
5.463
5.465
5.469
5.471
5.480
5.469
5.475
5.482
5.482
5.492
5.488
5.493
5.490
5.493
5.498
5.497
5.498
5.502
5.500
5.509
5.507
5.510
5.520
5.515
5.510
5.518
5.525
5.516
5.530
5.531
5.529
5.531
5.536
5.535
5.538
5.540
5.544
5.543
5.535
5.538
5.554
5.554
5.547
5.556
5.557
5.558
5.557
5.563
5.563
5.558
5.564
5.560
5.565
5.571
5.575
5.568
5.570
5.578
5.580
5.575
5.588
5.586
5.578
5.582
5.577
5.596
5.591
5.595
5.584
5.594
5.596
5.602
5.598
5.604
5.598
5.603
5.602
5.605
5.602
5.609
5.615
5.614
5.618
5.616
5.619
5.622
5.616
5.624
5.618
5.614
5.618
5.619
5.621
5.621
5.622
5.632
5.629
5.633
5.637
5.637
5.639
5.639
5.635
5.638
5.632
5.642
5.637
5.649
5.651
5.645
5.651
5.648
5.648
5.647
5.657
5.648
5.656
5.660
5.651
5.657
5.661
5.655
5.659
5.662
5.671
5.659
5.670
5.662
5.669
5.677
5.668
5.675
5.670
5.674
5.678
5.670
5.674
5.682
5.670
5.678
5.683
5.683
5.684
5.687
5.685
5.685
5.683
5.685
5.693
5.687
5.695
5.688
5.686
5.692
5.687
5.690
5.692
5.690
5.695
5.695
5.697
5.697
5.700
5.701
5.707
5.706
5.698
5.707
5.708
5.708
5.704
5.715
5.710
5.706
5.710
5.706
5.708
5.715
5.717
5.717
5.711
5.713
5.718
5.714
5.721
5.725
5.723
5.716
5.728
5.717
5.721
5.725
5.722
5.727
5.721
5.731
5.727
5.728
5.736
5.736
5.730
5.734
5.735
5.727
5.733
5.740
5.732
5.743
5.739
5.744
5.740
5.738
5.740
5.743
5.736
5.741
5.748
5.747
5.746
5.742
5.744
5.749
5.743
5.746
5.748
5.754
5.750
5.743
5.748
5.753
5.749
5.749
5.757
5.754
5.749
5.757
5.758
5.764
5.752
5.761
5.760
5.762
5.755
5.758
5.766
5.767
5.758
5.759
5.763
5.766
5.763
5.765
5.756
5.770
5.766
5.765
5.772
5.769
5.766
5.762
5.770
5.766
5.768
5.775
5.771
5.776
5.776
5.777
5.779
5.770
5.781
5.774
5.775
5.771
5.782
5.784
5.783
5.778
5.781
5.776
5.778
5.775
5.780
5.780
5.780
5.785
5.777
5.790
5.786
5.787
5.791
5.788
5.785
5.777
5.792
5.788
5.788
5.794
5.788
5.797
5.785
5.786
5.787
5.791
5.784
5.787
5.786
5.788
5.797
5.796
5.802
5.793
5.798
5.793
5.799
5.800
5.798
5.795
5.800
5.798
5.798
5.808
5.803
5.807
5.801
5.807
5.797
5.802
5.801
5.802
5.807
5.802
5.802
5.799
5.809
5.811
5.806
5.800
5.812
5.801
5.813
5.809
5.804
5.804
5.803
5.804
5.805
5.809
5.809
5.815
5.813
5.816
5.805
5.811
5.813
5.817
5.818
5.811
5.820
5.810
5.821
5.811
5.819
5.809
5.820
5.816
5.819
5.817
5.818
5.816
5.813
5.825
5.817
5.818
5.822
5.825
5.824
5.818
5.817
5.819
5.828
5.824
5.826
5.818
5.821
5.819
5.830
5.825
5.829
5.824
5.822
5.831
5.822
5.831
5.821
5.829
5.829
5.834
5.830
5.825
5.831
5.837
5.826
5.831
5.831
5.835
5.827
5.839
5.831
5.829
5.835
5.824
5.839
5.831
5.835
5.827
5.839
5.836
5.828
5.839
5.838
5.840
5.836
5.837
5.842
5.841
5.843
5.841
5.834
5.838
5.844
5.842
5.839
5.833
5.838
5.844
5.847
5.834
5.834
5.833
5.838
5.837
5.848
5.835
5.849
5.843
5.836
5.848
5.842
5.840
5.851
5.848
5.844
5.839
5.845
5.849
5.840
5.851
5.849
5.840
5.845
5.844
5.844
5.849
5.849
5.845
5.843
5.849
5.854
5.845
5.850
5.850
5.852
5.849
5.843
5.853
5.847
5.852
5.846
5.856
5.858
5.853
5.848
5.849
5.853
5.858
5.859
5.850
5.854
5.849
5.856
5.850
5.855
5.851
5.857
5.850
5.849
5.852
5.862
5.849
5.856
5.856
5.851
5.852
5.864
5.864
5.862
5.863
5.858
5.862
5.851
5.866
5.853
5.867
5.864
5.858
5.855
5.856
5.857
5.865
5.861
5.864
5.862
5.870
5.855
5.856
5.868
5.856
5.857
5.863
5.862
5.856
5.868
5.864
5.858
5.861
5.858
5.862
5.867
5.869
5.869
5.868
5.871
5.863
5.861
5.870
5.873
5.873
5.869
5.864
5.863
5.871
5.866
5.861
5.863
5.862
5.871
5.873
5.866
5.869
5.865
5.871
5.864
5.869
5.866
5.873
5.869
5.874
5.879
5.866
5.874
5.863
5.875
5.867
5.874
5.865
5.867
5.869
5.874
5.869
5.873
5.875
5.873
5.866
5.870
5.867
5.866
5.880
5.871
5.875
5.874
5.881
5.869
5.867
5.868
5.881
5.877
5.880
5.878
5.878
5.879
5.875
5.878
5.874
5.876
5.880
5.870
5.877
5.879
5.875
5.881
5.873
5.878
5.883
5.885
5.877
5.876
5.881
5.883
5.883
5.875
5.883
5.881
5.872
5.884
5.878
5.886
5.880
5.881
5.887
5.877
5.882
5.881
5.882
5.880
5.884
5.882
5.874
5.887
5.876
5.878
5.881
5.878
5.878
5.886
5.886
5.890
5.889
5.885
5.876
5.890
5.884
5.887
5.882
5.882
5.893
5.878
5.882
5.884
5.892
5.880
5.879
5.884
5.894
5.888
5.880
5.893
5.882
5.883
5.882
5.895
5.889
5.895
5.886
5.879
5.891
5.890
5.893
5.894
5.889
5.883
5.888
5.889
5.886
5.893
5.888
5.891
5.888
5.893
5.888
5.884
5.886
5.886
5.891
5.891
5.885
5.897
5.889
5.893
5.889
5.893
5.892
5.887
5.887
5.895
5.893
5.887
5.892
5.888
5.886
5.895
5.887
5.897
5.885
5.893
5.884
5.895
5.895
5.886
5.898
5.896
5.898
5.893
5.890
5.894
5.893
5.891
5.889
5.893
5.890
5.892
5.891
5.899
5.893
5.886
5.899
5.898
