1.221
1.232
1.235
1.251
1.261
1.286
1.300
1.295
1.325
1.329
1.331
1.345
1.374
1.388
1.387
1.403
1.413
1.448
1.457
1.467
1.481
1.488
1.503
1.529
1.530
1.548
1.558
1.580
1.590
1.628
1.630
1.649
1.665
1.669
1.675
1.695
1.720
1.738
1.757
1.755
1.776
1.798
1.815
1.826
1.825
1.852
1.871
1.885
1.902
1.914
1.919
1.935
1.941
1.962
1.984
1.990
1.997
2.035
2.047
2.057
2.080
2.074
2.085
2.105
2.106
2.128
2.140
2.143
2.179
2.181
2.194
2.217
2.204
2.237
2.252
2.266
2.274
2.281
2.290
2.316
2.316
2.316
2.337
2.348
2.361
2.350
2.383
2.380
2.386
2.405
2.418
2.433
2.432
2.455
2.443
2.452
2.478
2.479
2.493
2.496
2.490
2.504
2.512
2.521
2.519
2.545
2.553
2.565
2.576
2.572
2.572
2.600
2.594
2.599
2.613
2.619
2.610
2.624
2.620
2.645
2.641
2.656
2.644
2.663
2.682
2.673
2.677
2.677
2.688
2.709
2.712
2.715
2.723
2.737
2.738
2.738
2.740
2.755
2.745
2.744
2.755
2.758
2.760
2.779
2.785
2.776
2.785
2.804
2.794
2.802
2.820
2.805
2.806
2.825
2.828
2.833
2.842
2.822
2.834
2.858
2.850
2.850
2.866
2.858
2.864
2.860
2.875
2.873
2.864
2.877
2.885
2.889
2.888
2.907
2.912
2.897
2.900
2.908
2.912
2.920
2.924
2.922
2.913
2.914
2.918
2.939
2.938
2.944
2.931
2.947
2.949
2.952
2.947
2.970
2.966
2.980
2.951
2.966
2.984
2.977
2.979
2.977
2.966
2.975
2.988
2.979
2.984
2.978
3.010
3.002
2.990
3.001
3.006
2.999
2.999
3.024
3.019
3.011
3.018
3.014
3.012
3.025
3.027
3.037
3.038
3.035
3.030
3.032
3.042
3.057
3.045
3.037
3.038
3.060
3.048
3.050
3.070
3.063
3.056
3.055
3.071
3.054
3.074
3.061
3.079
3.080
3.073
3.084
3.093
3.081
3.089
3.069
3.091
3.069
3.090
3.104
3.100
3.097
3.100
3.105
3.090
3.094
3.092
3.099
3.092
3.123
3.102
3.102
3.105
3.119
3.104
3.116
3.124
3.123
3.130
3.113
3.121
3.114
3.129
3.141
3.135
3.127
3.130
3.146
3.138
3.145
3.137
3.134
3.134
3.138
3.138
3.154
3.130
3.137
3.149
3.145
3.161
3.151
3.157
3.149
3.151
3.159
3.155
3.152
3.158
3.152
3.167
3.159
3.163
3.178
3.166
3.155
3.167
3.178
3.159
3.183
3.182
3.176
3.177
3.185
3.179
3.184
3.185
3.189
3.185
3.168
3.171
3.198
3.196
3.180
3.195
3.195
3.195
3.190
3.200
3.198
3.186
3.195
3.185
3.193
3.203
3.207
3.191
3.194
3.206
3.207
3.196
3.220
3.213
3.196
3.203
3.191
3.225
3.213
3.218
3.196
3.213
3.214
3.224
3.215
3.224
3.211
3.218
3.214
3.219
3.210
3.222
3.233
3.228
3.234
3.228
3.233
3.237
3.223
3.237
3.223
3.214
3.219
3.220
3.222
3.221
3.220
3.237
3.231
3.235
3.243
3.241
3.244
3.241
3.232
3.237
3.224
3.241
3.230
3.250
3.252
3.240
3.251
3.243
3.242
3.238
3.255
3.237
3.249
3.257
3.237
3.248
3.253
3.241
3.248
3.251
3.267
3.242
3.262
3.246
3.258
3.271
3.253
3.264
3.253
3.260
3.267
3.249
3.256
3.270
3.245
3.260
3.269
3.267
3.267
3.271
3.267
3.266
3.260
3.262
3.277
3.264
3.278
3.263
3.258
3.268
3.257
3.263
3.265
3.260
3.268
3.266
3.270
3.269
3.273
3.273
3.284
3.281
3.264
3.281
3.281
3.279
3.272
3.291
3.281
3.272
3.279
3.269
3.272
3.285
3.288
3.287
3.274
3.277
3.285
3.276
3.288
3.295
3.289
3.275
3.298
3.276
3.282
3.289
3.283
3.291
3.278
3.297
3.287
3.288
3.303
3.301
3.290
3.295
3.298
3.281
3.292
3.304
3.287
3.308
3.299
3.307
3.298
3.295
3.296
3.303
3.287
3.297
3.309
3.305
3.302
3.294
3.297
3.306
3.294
3.298
3.302
3.311
3.303
3.290
3.298
3.307
3.299
3.297
3.311
3.305
3.296
3.308
3.310
3.321
3.297
3.314
3.311
3.314
3.300
3.305
3.319
3.320
3.303
3.303
3.309
3.315
3.309
3.312
3.293
3.320
3.312
3.308
3.322
3.314
3.308
3.299
3.314
3.307
3.310
3.322
3.314
3.321
3.321
3.322
3.325
3.308
3.328
3.315
3.316
3.308
3.328
3.330
3.328
3.317
3.322
3.313
3.315
3.309
3.317
3.317
3.316
3.325
3.309
3.333
3.326
3.327
3.334
3.328
3.321
3.305
3.333
3.324
3.323
3.334
3.322
3.339
3.316
3.317
3.318
3.325
3.311
3.317
3.314
3.316
3.334
3.332
3.343
3.324
3.333
3.322
3.335
3.334
3.331
3.324
3.334
3.329
3.329
3.346
3.336
3.345
3.332
3.343
3.323
3.333
3.330
3.332
3.340
3.329
3.328
3.324
3.342
3.344
3.334
3.323
3.346
3.324
3.347
3.338
3.328
3.327
3.324
3.325
3.327
3.336
3.335
3.344
3.340
3.346
3.325
3.336
3.339
3.346
3.347
3.332
3.351
3.331
3.351
3.331
3.347
3.326
3.348
3.340
3.344
3.339
3.341
3.336
3.331
3.353
3.338
3.339
3.346
3.352
3.350
3.338
3.335
3.338
3.355
3.347
3.349
3.335
3.340
3.336
3.356
3.346
3.354
3.343
3.339
3.356
3.337
3.354
3.335
3.351
3.349
3.359
3.351
3.341
3.351
3.362
3.341
3.350
3.349
3.357
3.343
3.364
3.349
3.344
3.354
3.334
3.362
3.347
3.353
3.338
3.360
3.355
3.339
3.359
3.356
3.360
3.351
3.353
3.363
3.361
3.365
3.359
3.346
3.354
3.363
3.359
3.354
3.343
3.351
3.363
3.367
3.343
3.342
3.340
3.348
3.347
3.367
3.342
3.369
3.358
3.343
3.366
3.354
3.349
3.370
3.365
3.357
3.346
3.357
3.365
3.347
3.368
3.364
3.347
3.355
3.353
3.353
3.362
3.362
3.355
3.349
3.360
3.370
3.353
3.362
3.362
3.365
3.359
3.347
3.365
3.354
3.364
3.352
3.370
3.373
3.364
3.353
3.356
3.363
3.373
3.374
3.357
3.364
3.353
3.366
3.355
3.364
3.355
3.366
3.354
3.352
3.357
3.376
3.351
3.364
3.364
3.353
3.354
3.377
3.376
3.373
3.375
3.366
3.372
3.351
3.380
3.355
3.380
3.375
3.364
3.357
3.358
3.360
3.376
3.368
3.373
3.368
3.383
3.355
3.356
3.379
3.355
3.357
3.368
3.367
3.354
3.377
3.369
3.357
3.363
3.357
3.363
3.375
3.377
3.377
3.374
3.381
3.364
3.362
3.378
3.383
3.383
3.374
3.365
3.363
3.377
3.367
3.359
3.361
3.360
3.376
3.380
3.367
3.372
3.363
3.376
3.361
3.371
3.365
3.379
3.370
3.379
3.389
3.365
3.379
3.359
3.381
3.365
3.377
3.361
3.364
3.367
3.378
3.367
3.374
3.377
3.375
3.361
3.368
3.362
3.361
3.385
3.368
3.376
3.374
3.388
3.364
3.360
3.362
3.386
3.378
3.385
3.379
3.381
3.382
3.373
3.379
3.371
3.374
3.383
3.363
3.377
3.380
3.372
3.384
3.367
3.377
3.385
3.390
3.375
3.371
3.381
3.386
3.385
3.369
3.384
3.379
3.364
3.386
3.374
3.388
3.377
3.379
3.390
3.372
3.380
3.378
3.379
3.377
3.383
3.379
3.363
3.389
3.368
3.371
3.377
3.370
3.371
3.386
3.385
3.392
3.390
3.383
3.365
3.392
3.380
3.386
3.376
3.376
3.396
3.367
3.375
3.379
3.394
3.371
3.369
3.379
3.397
3.386
3.370
3.394
3.374
3.377
3.373
3.399
3.386
3.398
3.381
3.366
3.389
3.387
3.392
3.395
3.385
3.372
3.383
3.384
3.379
3.392
3.381
3.387
3.381
3.392
3.380
3.373
3.378
3.376
3.387
3.386
3.374
3.398
3.381
3.390
3.381
3.388
3.387
3.377
3.377
3.392
3.388
3.377
3.385
3.379
3.374
3.391
3.375
3.395
3.372
3.386
3.370
3.391
3.390
3.373
3.396
3.392
3.395
3.385
3.379
3.387
3.385
3.381
3.377
3.385
3.377
3.382
3.380
3.395
3.383
3.371
3.394
3.392
