-0.403 -0.399 -0.410 -0.412 -0.393 -0.351 -0.278 -0.323 -0.396 -0.388 -0.375 -0.367 -0.285 -0.342 -0.303 -0.302 -0.390 -0.397 -0.395 -0.377 -0.407 -0.393 -0.396 -0.407 -0.391 -0.360 -0.372 -0.404 -0.404 -0.325 0.116 0.238 0.076 -0.129 -0.311 -0.012 0.109 0.044 -0.051 -0.023 -0.085 0.084 0.170 0.319 0.348 0.361 0.120 0.062 0.128 0.262
-0.399 -0.396 -0.407 -0.408 -0.389 -0.348 -0.276 -0.320 -0.392 -0.385 -0.372 -0.364 -0.283 -0.339 -0.301 -0.299 -0.387 -0.393 -0.391 -0.374 -0.403 -0.390 -0.393 -0.403 -0.387 -0.357 -0.369 -0.400 -0.400 -0.322 0.115 0.236 0.075 -0.128 -0.309 -0.012 0.107 0.044 -0.051 -0.023 -0.084 0.083 0.169 0.316 0.345 0.358 0.119 0.062 0.127 0.260
-0.410 -0.407 -0.419 -0.421 -0.400 -0.354 -0.276 -0.324 -0.402 -0.394 -0.381 -0.372 -0.282 -0.344 -0.302 -0.301 -0.396 -0.404 -0.402 -0.382 -0.415 -0.400 -0.403 -0.415 -0.397 -0.364 -0.377 -0.412 -0.412 -0.327 0.144 0.275 0.102 -0.117 -0.312 0.007 0.137 0.068 -0.034 -0.004 -0.070 0.110 0.203 0.362 0.393 0.407 0.149 0.087 0.157 0.302
-0.412 -0.408 -0.421 -0.423 -0.401 -0.355 -0.275 -0.323 -0.404 -0.396 -0.382 -0.372 -0.281 -0.344 -0.301 -0.301 -0.398 -0.405 -0.403 -0.383 -0.416 -0.401 -0.405 -0.417 -0.399 -0.364 -0.378 -0.414 -0.414 -0.327 0.154 0.288 0.111 -0.113 -0.312 0.014 0.146 0.076 -0.028 0.002 -0.065 0.119 0.213 0.376 0.408 0.422 0.159 0.095 0.167 0.315
-0.393 -0.389 -0.400 -0.401 -0.383 -0.343 -0.274 -0.316 -0.386 -0.379 -0.366 -0.359 -0.280 -0.334 -0.297 -0.296 -0.381 -0.387 -0.385 -0.368 -0.396 -0.384 -0.387 -0.396 -0.381 -0.352 -0.364 -0.394 -0.394 -0.318 0.111 0.229 0.072 -0.127 -0.304 -0.014 0.103 0.041 -0.052 -0.024 -0.084 0.080 0.164 0.308 0.336 0.348 0.115 0.059 0.122 0.252
-0.351 -0.348 -0.354 -0.355 -0.343 -0.314 -0.261 -0.295 -0.346 -0.340 -0.330 -0.327 -0.267 -0.309 -0.281 -0.278 -0.342 -0.346 -0.345 -0.334 -0.352 -0.345 -0.347 -0.353 -0.342 -0.322 -0.331 -0.350 -0.350 -0.293 0.058 0.152 0.025 -0.138 -0.280 -0.043 0.048 0.001 -0.075 -0.052 -0.100 0.032 0.100 0.215 0.236 0.245 0.061 0.016 0.067 0.167
-0.278 -0.276 -0.276 -0.275 -0.274 -0.261 -0.236 -0.254 -0.277 -0.274 -0.267 -0.270 -0.241 -0.262 -0.249 -0.242 -0.276 -0.276 -0.275 -0.274 -0.277 -0.277 -0.278 -0.277 -0.275 -0.269 -0.272 -0.274 -0.274 -0.247 -0.016 0.039 -0.040 -0.147 -0.236 -0.082 -0.029 -0.054 -0.105 -0.088 -0.118 -0.035 0.008 0.078 0.090 0.092 -0.016 -0.043 -0.012 0.043
-0.323 -0.320 -0.324 -0.323 -0.316 -0.295 -0.254 -0.281 -0.320 -0.315 -0.306 -0.306 -0.260 -0.292 -0.271 -0.266 -0.317 -0.319 -0.318 -0.311 -0.323 -0.319 -0.320 -0.323 -0.316 -0.303 -0.309 -0.320 -0.320 -0.277 0.018 0.094 -0.011 -0.148 -0.265 -0.067 0.007 -0.031 -0.095 -0.074 -0.114 -0.005 0.051 0.145 0.162 0.169 0.019 -0.017 0.024 0.104
-0.396 -0.392 -0.402 -0.404 -0.386 -0.346 -0.277 -0.320 -0.389 -0.381 -0.369 -0.362 -0.284 -0.338 -0.301 -0.300 -0.384 -0.389 -0.388 -0.371 -0.399 -0.387 -0.389 -0.399 -0.384 -0.355 -0.367 -0.396 -0.396 -0.321 0.102 0.218 0.063 -0.133 -0.308 -0.021 0.094 0.033 -0.059 -0.032 -0.091 0.071 0.154 0.296 0.324 0.336 0.106 0.050 0.113 0.241
-0.388 -0.385 -0.394 -0.396 -0.379 -0.340 -0.274 -0.315 -0.381 -0.374 -0.362 -0.356 -0.280 -0.332 -0.297 -0.295 -0.376 -0.382 -0.380 -0.365 -0.391 -0.379 -0.382 -0.391 -0.377 -0.349 -0.360 -0.388 -0.388 -0.316 0.099 0.213 0.061 -0.132 -0.303 -0.021 0.091 0.031 -0.058 -0.032 -0.090 0.068 0.150 0.289 0.315 0.327 0.103 0.049 0.110 0.234
-0.375 -0.372 -0.381 -0.382 -0.366 -0.330 -0.267 -0.306 -0.369 -0.362 -0.351 -0.345 -0.273 -0.323 -0.289 -0.287 -0.364 -0.370 -0.368 -0.353 -0.378 -0.367 -0.370 -0.378 -0.365 -0.339 -0.349 -0.375 -0.375 -0.307 0.094 0.203 0.058 -0.129 -0.293 -0.022 0.085 0.029 -0.058 -0.032 -0.088 0.065 0.143 0.276 0.302 0.313 0.098 0.046 0.104 0.223
-0.367 -0.364 -0.372 -0.372 -0.359 -0.327 -0.270 -0.306 -0.362 -0.356 -0.345 -0.340 -0.276 -0.321 -0.290 -0.288 -0.358 -0.362 -0.361 -0.348 -0.369 -0.360 -0.362 -0.369 -0.358 -0.335 -0.344 -0.367 -0.367 -0.305 0.063 0.162 0.029 -0.142 -0.292 -0.044 0.054 0.003 -0.077 -0.053 -0.104 0.036 0.107 0.229 0.252 0.262 0.066 0.019 0.072 0.180
-0.285 -0.283 -0.282 -0.281 -0.280 -0.267 -0.241 -0.260 -0.284 -0.280 -0.273 -0.276 -0.245 -0.268 -0.254 -0.247 -0.282 -0.282 -0.281 -0.280 -0.284 -0.283 -0.284 -0.283 -0.281 -0.275 -0.278 -0.280 -0.280 -0.253 -0.020 0.037 -0.043 -0.151 -0.242 -0.086 -0.032 -0.058 -0.109 -0.092 -0.123 -0.038 0.005 0.076 0.088 0.091 -0.019 -0.046 -0.015 0.042
-0.342 -0.339 -0.344 -0.344 -0.334 -0.309 -0.262 -0.292 -0.338 -0.332 -0.323 -0.321 -0.268 -0.305 -0.280 -0.276 -0.334 -0.337 -0.336 -0.327 -0.343 -0.336 -0.338 -0.343 -0.334 -0.317 -0.324 -0.340 -0.340 -0.290 0.031 0.116 0.001 -0.148 -0.278 -0.061 0.021 -0.021 -0.091 -0.069 -0.113 0.007 0.069 0.173 0.193 0.200 0.033 -0.007 0.039 0.129
-0.303 -0.301 -0.302 -0.301 -0.297 -0.281 -0.249 -0.271 -0.301 -0.297 -0.289 -0.290 -0.254 -0.280 -0.264 -0.258 -0.299 -0.300 -0.299 -0.295 -0.302 -0.300 -0.301 -0.302 -0.298 -0.289 -0.293 -0.299 -0.299 -0.265 -0.010 0.054 -0.035 -0.154 -0.255 -0.083 -0.022 -0.052 -0.108 -0.090 -0.124 -0.030 0.018 0.097 0.111 0.116 -0.009 -0.040 -0.005 0.061
-0.302 -0.299 -0.301 -0.301 -0.296 -0.278 -0.242 -0.266 -0.300 -0.295 -0.287 -0.288 -0.247 -0.276 -0.258 -0.252 -0.297 -0.298 -0.298 -0.293 -0.301 -0.299 -0.300 -0.301 -0.296 -0.286 -0.290 -0.298 -0.298 -0.261 0.015 0.085 -0.012 -0.140 -0.249 -0.063 0.003 -0.030 -0.090 -0.071 -0.108 -0.006 0.046 0.133 0.148 0.153 0.016 -0.017 0.021 0.093
-0.390 -0.387 -0.396 -0.398 -0.381 -0.342 -0.276 -0.317 -0.384 -0.376 -0.364 -0.358 -0.282 -0.334 -0.299 -0.297 -0.379 -0.384 -0.383 -0.367 -0.393 -0.382 -0.384 -0.393 -0.379 -0.351 -0.362 -0.391 -0.391 -0.318 0.095 0.208 0.057 -0.135 -0.305 -0.025 0.087 0.028 -0.062 -0.035 -0.093 0.064 0.145 0.284 0.311 0.322 0.099 0.045 0.105 0.230
-0.397 -0.393 -0.404 -0.405 -0.387 -0.346 -0.276 -0.319 -0.389 -0.382 -0.370 -0.362 -0.282 -0.337 -0.300 -0.298 -0.384 -0.390 -0.389 -0.372 -0.400 -0.387 -0.390 -0.400 -0.385 -0.355 -0.367 -0.397 -0.397 -0.321 0.112 0.231 0.073 -0.128 -0.307 -0.014 0.104 0.042 -0.052 -0.024 -0.085 0.080 0.165 0.311 0.339 0.351 0.116 0.059 0.123 0.255
-0.395 -0.391 -0.402 -0.403 -0.385 -0.345 -0.275 -0.318 -0.388 -0.380 -0.368 -0.361 -0.281 -0.336 -0.299 -0.298 -0.383 -0.389 -0.387 -0.370 -0.398 -0.386 -0.388 -0.398 -0.383 -0.354 -0.365 -0.395 -0.395 -0.320 0.109 0.227 0.070 -0.129 -0.306 -0.016 0.101 0.039 -0.054 -0.026 -0.086 0.077 0.161 0.305 0.333 0.346 0.113 0.057 0.120 0.250
-0.377 -0.374 -0.382 -0.383 -0.368 -0.334 -0.274 -0.311 -0.371 -0.365 -0.353 -0.348 -0.280 -0.327 -0.295 -0.293 -0.367 -0.372 -0.370 -0.356 -0.379 -0.369 -0.372 -0.380 -0.367 -0.343 -0.352 -0.377 -0.377 -0.312 0.070 0.174 0.035 -0.142 -0.299 -0.040 0.062 0.008 -0.075 -0.050 -0.103 0.042 0.117 0.244 0.268 0.278 0.074 0.024 0.080 0.193
-0.407 -0.403 -0.415 -0.416 -0.396 -0.352 -0.277 -0.323 -0.399 -0.391 -0.378 -0.369 -0.284 -0.343 -0.302 -0.301 -0.393 -0.400 -0.398 -0.379 -0.410 -0.397 -0.399 -0.411 -0.394 -0.362 -0.374 -0.408 -0.408 -0.326 0.130 0.256 0.089 -0.123 -0.312 -0.003 0.122 0.056 -0.043 -0.014 -0.078 0.097 0.186 0.340 0.370 0.384 0.134 0.074 0.142 0.282
-0.393 -0.390 -0.400 -0.401 -0.384 -0.345 -0.277 -0.319 -0.387 -0.379 -0.367 -0.360 -0.283 -0.336 -0.300 -0.299 -0.382 -0.387 -0.386 -0.369 -0.397 -0.385 -0.387 -0.397 -0.382 -0.354 -0.365 -0.394 -0.394 -0.320 0.098 0.213 0.060 -0.134 -0.307 -0.023 0.090 0.030 -0.061 -0.034 -0.092 0.067 0.149 0.290 0.317 0.329 0.102 0.047 0.109 0.235
-0.396 -0.393 -0.403 -0.405 -0.387 -0.347 -0.278 -0.320 -0.389 -0.382 -0.370 -0.362 -0.284 -0.338 -0.301 -0.300 -0.384 -0.390 -0.388 -0.372 -0.399 -0.387 -0.390 -0.400 -0.384 -0.356 -0.367 -0.397 -0.397 -0.322 0.101 0.218 0.063 -0.134 -0.309 -0.022 0.094 0.032 -0.059 -0.032 -0.091 0.070 0.153 0.296 0.323 0.335 0.105 0.050 0.112 0.241
-0.407 -0.403 -0.415 -0.417 -0.396 -0.353 -0.277 -0.323 -0.399 -0.391 -0.378 -0.369 -0.283 -0.343 -0.302 -0.301 -0.393 -0.400 -0.398 -0.380 -0.411 -0.397 -0.400 -0.411 -0.394 -0.362 -0.375 -0.408 -0.408 -0.326 0.131 0.258 0.090 -0.123 -0.312 -0.002 0.124 0.057 -0.042 -0.013 -0.077 0.098 0.188 0.342 0.372 0.386 0.136 0.075 0.143 0.283
-0.391 -0.387 -0.397 -0.399 -0.381 -0.342 -0.275 -0.316 -0.384 -0.377 -0.365 -0.358 -0.281 -0.334 -0.298 -0.296 -0.379 -0.385 -0.383 -0.367 -0.394 -0.382 -0.384 -0.394 -0.379 -0.351 -0.362 -0.391 -0.391 -0.318 0.101 0.216 0.063 -0.132 -0.304 -0.021 0.093 0.033 -0.058 -0.031 -0.090 0.070 0.152 0.292 0.319 0.331 0.105 0.050 0.111 0.238
-0.360 -0.357 -0.364 -0.364 -0.352 -0.322 -0.269 -0.303 -0.355 -0.349 -0.339 -0.335 -0.275 -0.317 -0.289 -0.286 -0.351 -0.355 -0.354 -0.343 -0.362 -0.354 -0.356 -0.362 -0.351 -0.331 -0.339 -0.359 -0.359 -0.302 0.049 0.143 0.016 -0.147 -0.289 -0.052 0.040 -0.008 -0.084 -0.061 -0.110 0.023 0.091 0.206 0.228 0.237 0.051 0.007 0.057 0.159
-0.372 -0.369 -0.377 -0.378 -0.364 -0.331 -0.272 -0.309 -0.367 -0.360 -0.349 -0.344 -0.278 -0.324 -0.293 -0.290 -0.362 -0.367 -0.365 -0.352 -0.374 -0.365 -0.367 -0.375 -0.362 -0.339 -0.349 -0.372 -0.372 -0.308 0.067 0.168 0.032 -0.142 -0.296 -0.042 0.058 0.006 -0.076 -0.051 -0.103 0.039 0.112 0.236 0.260 0.270 0.070 0.021 0.076 0.187
-0.404 -0.400 -0.412 -0.414 -0.394 -0.350 -0.274 -0.320 -0.396 -0.388 -0.375 -0.367 -0.280 -0.340 -0.299 -0.298 -0.391 -0.397 -0.395 -0.377 -0.408 -0.394 -0.397 -0.408 -0.391 -0.359 -0.372 -0.405 -0.405 -0.323 0.136 0.264 0.095 -0.119 -0.308 0.003 0.129 0.062 -0.038 -0.009 -0.073 0.103 0.193 0.348 0.378 0.392 0.141 0.080 0.148 0.289
-0.404 -0.400 -0.412 -0.414 -0.394 -0.350 -0.274 -0.320 -0.396 -0.388 -0.375 -0.367 -0.280 -0.340 -0.299 -0.298 -0.391 -0.397 -0.395 -0.377 -0.408 -0.394 -0.397 -0.408 -0.391 -0.359 -0.372 -0.405 -0.405 -0.323 0.136 0.264 0.095 -0.119 -0.308 0.003 0.129 0.062 -0.038 -0.009 -0.073 0.103 0.193 0.348 0.378 0.392 0.141 0.080 0.148 0.289
-0.325 -0.322 -0.327 -0.327 -0.318 -0.293 -0.247 -0.277 -0.321 -0.316 -0.307 -0.305 -0.253 -0.290 -0.265 -0.261 -0.318 -0.321 -0.320 -0.312 -0.326 -0.320 -0.322 -0.326 -0.318 -0.302 -0.308 -0.323 -0.323 -0.273 0.053 0.139 0.022 -0.130 -0.261 -0.041 0.042 -0.000 -0.071 -0.049 -0.093 0.029 0.091 0.196 0.216 0.223 0.055 0.015 0.061 0.151
0.116 0.115 0.144 0.154 0.111 0.058 -0.016 0.018 0.102 0.099 0.094 0.063 -0.020 0.031 -0.010 0.015 0.095 0.112 0.109 0.070 0.130 0.098 0.101 0.131 0.101 0.049 0.067 0.136 0.136 0.053 -0.087 -0.158 -0.084 -0.019 0.063 -0.039 -0.121 -0.065 -0.037 -0.037 -0.010 -0.082 -0.120 -0.201 -0.222 -0.242 -0.096 -0.062 -0.096 -0.201
0.238 0.236 0.275 0.288 0.229 0.152 0.039 0.094 0.218 0.213 0.203 0.162 0.037 0.116 0.054 0.085 0.208 0.231 0.227 0.174 0.256 0.213 0.218 0.258 0.216 0.143 0.168 0.264 0.264 0.139 -0.158 -0.280 -0.143 -0.006 0.147 -0.063 -0.198 -0.111 -0.050 -0.057 -0.007 -0.143 -0.214 -0.356 -0.391 -0.419 -0.170 -0.112 -0.173 -0.340
0.076 0.075 0.102 0.111 0.072 0.025 -0.040 -0.011 0.063 0.061 0.058 0.029 -0.043 0.001 -0.035 -0.012 0.057 0.073 0.070 0.035 0.089 0.060 0.063 0.090 0.063 0.016 0.032 0.095 0.095 0.022 -0.084 -0.143 -0.083 -0.034 0.032 -0.046 -0.116 -0.068 -0.047 -0.045 -0.023 -0.081 -0.111 -0.178 -0.197 -0.214 -0.092 -0.063 -0.092 -0.182
-0.129 -0.128 -0.117 -0.113 -0.127 -0.138 -0.147 -0.148 -0.133 -0.132 -0.129 -0.142 -0.151 -0.148 -0.154 -0.140 -0.135 -0.128 -0.129 -0.142 -0.123 -0.134 -0.134 -0.123 -0.132 -0.147 -0.142 -0.119 -0.119 -0.130 -0.019 -0.006 -0.034 -0.086 -0.119 -0.048 -0.041 -0.038 -0.063 -0.051 -0.063 -0.030 -0.014 0.006 0.006 0.001 -0.022 -0.028 -0.019 -0.019
-0.311 -0.309 -0.312 -0.312 -0.304 -0.280 -0.236 -0.265 -0.308 -0.303 -0.293 -0.292 -0.242 -0.278 -0.255 -0.249 -0.305 -0.307 -0.306 -0.299 -0.312 -0.307 -0.309 -0.312 -0.304 -0.289 -0.296 -0.308 -0.308 -0.261 0.063 0.147 0.032 -0.119 -0.248 -0.030 0.051 0.010 -0.060 -0.038 -0.082 0.039 0.100 0.204 0.223 0.230 0.065 0.025 0.071 0.159
-0.012 -0.012 0.007 0.014 -0.014 -0.043 -0.082 -0.067 -0.021 -0.021 -0.022 -0.044 -0.086 -0.061 -0.083 -0.063 -0.025 -0.014 -0.016 -0.040 -0.003 -0.023 -0.022 -0.002 -0.021 -0.052 -0.042 0.003 0.003 -0.041 -0.039 -0.063 -0.046 -0.048 -0.030 -0.034 -0.067 -0.040 -0.042 -0.035 -0.030 -0.043 -0.051 -0.075 -0.085 -0.097 -0.045 -0.033 -0.043 -0.090
0.109 0.107 0.137 0.146 0.103 0.048 -0.029 0.007 0.094 0.091 0.085 0.054 -0.032 0.021 -0.022 0.003 0.087 0.104 0.101 0.062 0.122 0.090 0.094 0.124 0.093 0.040 0.058 0.129 0.129 0.042 -0.121 -0.198 -0.116 -0.041 0.051 -0.067 -0.155 -0.096 -0.063 -0.064 -0.034 -0.115 -0.157 -0.245 -0.268 -0.289 -0.130 -0.093 -0.131 -0.243
0.044 0.044 0.068 0.076 0.041 0.001 -0.054 -0.031 0.033 0.031 0.029 0.003 -0.058 -0.021 -0.052 -0.030 0.028 0.042 0.039 0.008 0.056 0.030 0.032 0.057 0.033 -0.008 0.006 0.062 0.062 -0.000 -0.065 -0.111 -0.068 -0.038 0.010 -0.040 -0.096 -0.056 -0.043 -0.040 -0.024 -0.065 -0.087 -0.138 -0.153 -0.169 -0.072 -0.051 -0.072 -0.146
-0.051 -0.051 -0.034 -0.028 -0.052 -0.075 -0.105 -0.095 -0.059 -0.058 -0.058 -0.077 -0.109 -0.091 -0.108 -0.090 -0.062 -0.052 -0.054 -0.075 -0.043 -0.061 -0.059 -0.042 -0.058 -0.084 -0.076 -0.038 -0.038 -0.071 -0.037 -0.050 -0.047 -0.063 -0.060 -0.042 -0.063 -0.043 -0.052 -0.044 -0.044 -0.043 -0.044 -0.055 -0.061 -0.071 -0.042 -0.036 -0.040 -0.072
-0.023 -0.023 -0.004 0.002 -0.024 -0.052 -0.088 -0.074 -0.032 -0.032 -0.032 -0.053 -0.092 -0.069 -0.090 -0.071 -0.035 -0.024 -0.026 -0.050 -0.014 -0.034 -0.032 -0.013 -0.031 -0.061 -0.051 -0.009 -0.009 -0.049 -0.037 -0.057 -0.045 -0.051 -0.038 -0.035 -0.064 -0.040 -0.044 -0.037 -0.033 -0.042 -0.047 -0.068 -0.076 -0.087 -0.042 -0.033 -0.041 -0.083
-0.085 -0.084 -0.070 -0.065 -0.084 -0.100 -0.118 -0.114 -0.091 -0.090 -0.088 -0.104 -0.123 -0.113 -0.124 -0.108 -0.093 -0.085 -0.086 -0.103 -0.078 -0.092 -0.091 -0.077 -0.090 -0.110 -0.103 -0.073 -0.073 -0.093 -0.010 -0.007 -0.023 -0.063 -0.082 -0.030 -0.034 -0.024 -0.044 -0.033 -0.040 -0.020 -0.009 -0.002 -0.004 -0.011 -0.014 -0.015 -0.011 -0.024
0.084 0.083 0.110 0.119 0.080 0.032 -0.035 -0.005 0.071 0.068 0.065 0.036 -0.038 0.007 -0.030 -0.006 0.064 0.080 0.077 0.042 0.097 0.067 0.070 0.098 0.070 0.023 0.039 0.103 0.103 0.029 -0.082 -0.143 -0.081 -0.030 0.039 -0.043 -0.115 -0.065 -0.043 -0.042 -0.020 -0.079 -0.111 -0.179 -0.198 -0.217 -0.090 -0.061 -0.090 -0.183
0.170 0.169 0.203 0.213 0.164 0.100 0.008 0.051 0.154 0.150 0.143 0.107 0.005 0.069 0.018 0.046 0.145 0.165 0.161 0.117 0.186 0.149 0.153 0.188 0.152 0.091 0.112 0.193 0.193 0.091 -0.120 -0.214 -0.111 -0.014 0.100 -0.051 -0.157 -0.087 -0.044 -0.047 -0.009 -0.111 -0.163 -0.272 -0.299 -0.323 -0.130 -0.085 -0.132 -0.265
0.319 0.316 0.362 0.376 0.308 0.215 0.078 0.145 0.296 0.289 0.276 0.229 0.076 0.173 0.097 0.133 0.284 0.311 0.305 0.244 0.340 0.290 0.296 0.342 0.292 0.206 0.236 0.348 0.348 0.196 -0.201 -0.356 -0.178 0.006 0.204 -0.075 -0.245 -0.138 -0.055 -0.068 -0.002 -0.179 -0.272 -0.452 -0.496 -0.529 -0.215 -0.141 -0.219 -0.427
0.348 0.345 0.393 0.408 0.336 0.236 0.090 0.162 0.324 0.315 0.302 0.252 0.088 0.193 0.111 0.148 0.311 0.339 0.333 0.268 0.370 0.317 0.323 0.372 0.319 0.228 0.260 0.378 0.378 0.216 -0.222 -0.391 -0.197 0.006 0.223 -0.085 -0.268 -0.153 -0.061 -0.076 -0.004 -0.198 -0.299 -0.496 -0.543 -0.579 -0.237 -0.157 -0.242 -0.466
0.361 0.358 0.407 0.422 0.348 0.245 0.092 0.169 0.336 0.327 0.313 0.262 0.091 0.200 0.116 0.153 0.322 0.351 0.346 0.278 0.384 0.329 0.335 0.386 0.331 0.237 0.270 0.392 0.392 0.223 -0.242 -0.419 -0.214 0.001 0.230 -0.097 -0.289 -0.169 -0.071 -0.087 -0.011 -0.217 -0.323 -0.529 -0.579 -0.616 -0.258 -0.174 -0.263 -0.497
0.120 0.119 0.149 0.159 0.115 0.061 -0.016 0.019 0.106 0.103 0.098 0.066 -0.019 0.033 -0.009 0.016 0.099 0.116 0.113 0.074 0.134 0.102 0.105 0.136 0.105 0.051 0.070 0.141 0.141 0.055 -0.096 -0.170 -0.092 -0.022 0.065 -0.045 -0.130 -0.072 -0.042 -0.042 -0.014 -0.090 -0.130 -0.215 -0.237 -0.258 -0.105 -0.069 -0.105 -0.214
0.062 0.062 0.087 0.095 0.059 0.016 -0.043 -0.017 0.050 0.049 0.046 0.019 -0.046 -0.007 -0.040 -0.017 0.045 0.059 0.057 0.024 0.074 0.047 0.050 0.075 0.050 0.007 0.021 0.080 0.080 0.015 -0.062 -0.112 -0.063 -0.028 0.025 -0.033 -0.093 -0.051 -0.036 -0.033 -0.015 -0.061 -0.085 -0.141 -0.157 -0.174 -0.069 -0.045 -0.069 -0.148
0.128 0.127 0.157 0.167 0.122 0.067 -0.012 0.024 0.113 0.110 0.104 0.072 -0.015 0.039 -0.005 0.021 0.105 0.123 0.120 0.080 0.142 0.109 0.112 0.143 0.111 0.057 0.076 0.148 0.148 0.061 -0.096 -0.173 -0.092 -0.019 0.071 -0.043 -0.131 -0.072 -0.040 -0.041 -0.011 -0.090 -0.132 -0.219 -0.242 -0.263 -0.105 -0.069 -0.106 -0.218
0.262 0.260 0.302 0.315 0.252 0.167 0.043 0.104 0.241 0.234 0.223 0.180 0.042 0.129 0.061 0.093 0.230 0.255 0.250 0.193 0.282 0.235 0.241 0.283 0.238 0.159 0.187 0.289 0.289 0.151 -0.201 -0.340 -0.182 -0.019 0.159 -0.090 -0.243 -0.146 -0.072 -0.083 -0.024 -0.183 -0.265 -0.427 -0.466 -0.497 -0.214 -0.148 -0.218 -0.405
