-0.2	0.9	-0.3	-0.6	0.1	-0.2	0.1	-0.7	-0.2	-0.3	0.2	-0.6	-0.9	1.0	1.0	0.9	-0.4	0.4	-0.5	0.8	-0.0
-0.2	0.9	-0.3	-0.6	0.1	-0.2	0.1	-0.7	-0.2	-0.3	0.2	-0.6	-0.9	1.0	1.0	0.9	-0.4	0.4	-0.5	0.8	-0.0
-34.05661 -75.57633 34.07160 -0.60000 -7.92175 -0.20000 76.38772 22.23846 13.27822 24.94992 0.20000 1.68385 -96.20891 16.10351 -429.07743 -16.65848 -22.87180 71.64275 69.32930 -402.33451 -22.86419 
-71.30347 -202.39520 1.24804 -0.60000 -46.58256 -55.97227 200.41181 26.45460 12.42441 51.81492 23.80326 5.85761 -140.58870 21.66990 -439.45306 -31.07852 -15.81429 65.06261 133.07117 -404.07728 -51.70028 
-107.39703 -202.66972 60.09673 160.89151 -86.76218 -123.23441 247.96155 2.92668 27.19021 107.37620 105.69981 6.06548 -215.34989 31.04797 -456.07271 -43.87311 -26.39811 115.69116 291.30150 -423.50211 -78.41227 
-144.48077 -210.93974 52.16070 170.49249 -68.95555 -130.23087 302.03754 51.89417 -5.10754 274.63482 921.89011 9.04816 -242.60503 130.56139 -477.56603 -65.44728 -13.81952 85.35072 506.37865 -459.18044 -133.93703 
-209.73237 -271.41584 -14.34963 211.64081 -66.06428 -125.96545 352.22468 47.85070 7.31268 741.81465 905.34232 24.60005 -242.60503 118.76387 -490.81617 -99.77031 33.43243 73.60780 535.27375 -439.72496 -169.13652 
-244.71068 -276.21490 -56.64061 200.28531 -113.70320 -133.08854 388.76541 54.28124 11.04621 847.32862 890.36697 15.48078 -242.60503 108.56717 -500.73843 -133.39510 52.51524 61.85012 597.00972 -438.45362 -179.02525 
-281.07284 -304.20580 -38.59661 200.80270 -145.59954 -126.03120 430.65021 68.08902 18.92813 954.27061 856.93249 36.38620 -378.48339 108.56717 -516.30350 -171.66785 69.96214 68.49876 633.62379 -436.89174 -197.24106 
-297.09592 -308.51008 -72.57259 198.60274 -149.67642 -141.54843 479.02722 85.49561 33.50202 1089.86838 834.03407 48.44291 -422.10696 86.56813 -538.41864 -198.86813 102.69713 87.89991 686.77968 -427.40291 -204.87189 
-298.12111 -319.47112 -61.71942 200.80507 -146.86204 -136.51302 530.04395 87.26336 33.85463 1195.12506 814.08741 57.06078 -419.06589 210.44425 -555.65030 -214.37840 102.65756 87.66887 728.95571 -432.86102 -219.30476 
-300.74215 -315.39573 -44.59753 192.86161 -173.38769 -148.07814 602.08339 97.64814 46.18087 1362.26365 805.43774 62.26941 -426.23954 210.44425 -580.88942 -231.77344 92.11997 108.02827 769.83518 -418.23213 -232.02944 
-310.99591 -347.87115 -51.66134 178.09157 -172.56882 -172.10317 654.16615 91.73486 56.06693 1668.94827 787.67192 63.53764 -437.88357 210.44425 -579.90795 -238.39349 86.59872 134.58473 802.03701 -372.50583 -241.35470 
-309.52168 -370.47494 -72.03490 170.05163 -188.19422 -167.96366 710.78230 131.76187 57.97587 1727.36531 768.09972 70.67926 -434.29329 210.44425 -605.58541 -246.08144 81.24562 130.77568 857.70158 -380.12894 -250.65173 
-322.75104 -389.95687 -80.24008 158.57567 -220.06284 -172.67147 751.62697 127.24041 65.93362 1792.96382 753.85850 76.86625 -434.56074 210.44425 -628.89051 -248.19184 86.40606 127.57361 889.28226 -385.11552 -253.78811 
-327.59774 -401.24399 -71.91351 151.28433 -216.45711 -169.26406 797.86549 177.62759 68.98578 1881.01352 752.53295 75.94023 -458.32044 210.44425 -641.12426 -248.73554 86.53530 137.93008 924.52803 -409.52878 -259.92490 
-332.81885 -418.20147 -63.45209 133.31544 -223.21681 -158.18364 839.61207 195.06689 70.08828 1926.12164 728.41261 76.33273 -471.48942 210.44425 -656.12174 -254.63677 88.51788 144.67628 961.89575 -414.95604 -263.70391 
-349.35687 -445.71806 -63.13750 112.94373 -223.66069 -150.94597 866.69984 195.06689 75.38458 2007.61510 710.83146 81.37818 -479.18922 210.44425 -703.34656 -258.07379 66.90377 184.91479 999.38471 -418.10125 -277.92691 
-348.92981 -448.16568 -61.19974 102.94641 -234.42038 -160.69593 896.66662 196.83779 68.22697 2100.16367 699.69743 67.22402 -499.88334 210.44425 -722.56924 -269.35325 87.92780 169.97530 1021.59928 -421.73047 -289.90923 
-356.74372 -455.75778 -68.21721 104.06046 -253.12470 -158.43786 934.39110 213.18679 66.98448 2154.73320 687.11258 67.49989 -513.58960 210.44425 -741.36608 -263.52778 103.55356 166.74821 1051.48786 -432.44078 -286.94951 
-357.31789 -495.47953 -87.71820 103.72763 -248.35584 -149.34688 957.46942 213.18679 80.80580 2282.86123 678.69874 73.25533 -504.57477 210.44425 -771.41590 -274.54957 93.83634 165.76777 1071.88290 -461.05800 -294.02326 
-357.69912 -501.45531 -70.70154 99.81769 -251.16615 -155.41576 983.86658 213.18679 87.83688 2348.26984 659.67094 86.71921 -506.18729 210.44425 -808.90296 -266.53643 88.32544 196.60686 1098.44264 -461.96510 -319.40903 
-358.55047 -514.50836 -89.93073 86.45185 -283.70032 -155.96739 1026.06761 226.72179 85.60256 2384.13461 648.68754 88.62609 -588.42078 312.32069 -848.16311 -264.29130 91.00452 197.56309 1131.13217 -468.38602 -326.10166 
-356.99056 -541.72203 -92.64138 84.46593 -288.17368 -158.97372 1056.35988 256.76905 95.95290 2427.08575 636.35768 101.87511 -612.72280 312.32069 -882.54325 -269.84931 98.06738 188.50626 1164.42559 -469.15992 -337.35926 
-363.82718 -550.66377 -102.52642 71.70164 -282.14789 -154.29000 1076.18580 256.76905 112.00122 2501.33603 619.37544 110.11840 -619.66692 351.55364 -883.97471 -274.88930 86.85778 177.70498 1185.08192 -465.72388 -350.06176 
-358.92169 -576.76834 -100.97789 63.56166 -283.08256 -147.47215 1104.95360 275.64203 117.78469 2537.47552 616.24019 117.88883 -618.36671 351.55364 -903.36789 -276.23852 89.99211 169.43534 1209.57705 -468.47025 -354.10840 
-367.20914 -583.83098 -131.62376 44.69834 -303.31560 -145.46120 1122.81138 259.31576 120.18227 2598.03621 602.22696 119.15993 -614.81255 351.55364 -913.15818 -280.71706 117.09787 163.70165 1230.20552 -473.68169 -367.60995 
-375.19290 -583.11099 -104.45497 35.15581 -470.96595 -145.54570 1143.26284 259.31576 123.50397 2646.52001 594.49148 116.40099 -606.04736 351.55364 -947.00145 -283.35827 104.86693 160.34914 1257.49331 -479.20073 -376.52622 
-373.29736 -604.58968 -127.44270 32.97918 -468.55358 -133.10435 1169.47757 326.84438 123.39696 2699.68400 582.70330 128.12387 -617.68936 411.38188 -957.33687 -291.41166 113.02376 168.14983 1289.90631 -484.26519 -384.58188 
-386.96185 -614.68066 -152.51988 31.88699 -476.36939 -174.36903 1183.00279 326.84438 129.15223 2752.19735 569.27527 125.97110 -650.56186 411.38188 -998.42468 -299.63082 102.85848 177.03088 1311.14582 -503.08168 -436.56437 
-385.59561 -619.04260 -146.89006 26.30499 -473.93024 -165.25670 1209.19071 327.25790 121.26951 2815.12620 564.01420 130.97320 -653.24020 411.38188 -1011.68306 -294.54018 125.96229 175.88684 1331.97332 -522.36309 -451.01382 
-411.42034 -952.09389 -157.43804 8.60802 -464.97118 -157.74799 1236.49087 324.43524 118.29820 2861.92322 552.11722 141.87400 -650.77453 460.58286 -1028.41717 -303.64371 98.21486 184.79283 1355.13782 -521.81809 -454.72589 
-407.41248 -947.61558 -168.24696 16.94008 -469.46697 -155.95968 1258.15824 324.43524 124.88511 2907.19220 544.70312 145.88475 -676.21035 460.58286 -1040.77032 -310.79712 106.79905 183.89805 1381.41796 -526.80860 -461.70288 
-402.69920 -944.16903 -180.94905 13.55065 -487.49842 -147.55742 1293.45173 365.25529 124.59642 2953.64558 532.54349 147.13368 -672.50400 460.58286 -1060.42779 -306.40397 103.63078 190.59640 1404.39506 -540.12660 -463.69934 
-392.30633 -938.39637 -182.18296 9.39061 -494.29334 -149.45741 1318.48463 365.25529 133.15030 3010.93241 528.07148 152.47386 -674.95000 431.80311 -1063.66188 -303.99663 107.65296 177.25493 1428.39647 -552.87534 -483.97166 
-392.10703 -931.75108 -178.40382 9.99601 -496.62076 -157.38574 1347.97930 417.94312 121.84771 3064.12914 516.77083 149.26221 -691.23763 431.80311 -1082.49438 -289.01083 108.42028 169.96423 1447.94551 -552.49266 -488.70232 
-387.70401 -929.78482 -179.89652 13.48064 -504.43652 -152.59903 1366.02833 417.94312 104.26412 3130.70972 510.15832 159.77076 -690.61024 431.80311 -1075.71836 -291.55260 130.41280 165.65767 1467.48634 -573.83505 -488.87962 
-387.65455 -925.88881 -166.16218 23.90710 -524.84906 -152.78234 1406.35765 417.94312 87.58710 3169.52918 508.39055 163.91209 -711.72160 431.80311 -1082.05423 -293.54744 121.04865 192.09570 1496.23463 -578.86657 -491.75071 
-385.85944 -923.72357 -163.32400 16.60352 -521.14582 -152.24414 1426.61545 417.94312 69.36792 3215.82265 504.61865 169.73438 -709.04737 431.80311 -1082.78365 -301.67590 110.13157 198.52693 1516.06030 -579.32446 -496.87570 
-383.26696 -924.68470 -170.54644 12.30032 -524.45173 -148.39730 1441.67231 417.94312 63.13497 3266.71732 506.21985 175.30863 -708.65483 431.80311 -1090.02918 -295.97030 121.72954 199.81461 1534.69907 -588.62329 -501.32534 
-379.25780 -923.08063 -172.91358 4.94699 -525.84400 -143.09814 1463.46070 445.95979 67.47609 3306.69010 520.79461 177.09278 -717.40059 477.15896 -1108.97675 -290.80339 122.82771 200.12500 1553.24779 -604.84649 -500.08051 
-380.52743 -912.16891 -169.14358 4.93225 -569.18583 -143.89507 1484.94525 441.77633 47.13391 3357.78448 516.92200 176.48233 -716.01670 461.20096 -1107.99059 -285.24306 108.58297 196.97164 1566.85060 -628.16302 -506.40676 
-376.03418 -924.88392 -163.29543 -2.00099 -572.20950 -141.04591 1505.86440 474.20251 45.78346 3389.27278 514.12054 178.94496 -718.62038 476.41618 -1130.24339 -288.14025 104.92385 209.64996 1588.48802 -632.04693 -504.43941 
-374.89344 -923.61516 -152.24318 1.67056 -579.02751 -140.07587 1536.71752 474.20251 39.06021 3421.06902 507.43110 177.46379 -732.76957 476.41618 -1140.92886 -296.19278 104.92385 199.81852 1602.36924 -635.45190 -511.94895 
-376.43236 -928.02425 -150.93643 -8.27630 -575.23607 -135.48383 1552.98473 474.20251 44.98919 3456.90039 499.71518 178.57482 -741.42798 476.41618 -1151.10485 -299.76941 116.83740 209.29142 1619.76564 -640.11755 -515.71416 
-369.35670 -928.25372 -148.00300 -13.41324 -584.02991 -128.60038 1575.97020 499.96457 48.77199 3487.13789 496.78954 174.61719 -733.94124 476.41618 -1175.17721 -311.82292 92.92660 221.65966 1639.15605 -650.11610 -527.03836 
-367.40229 -924.89131 -144.55736 -23.42025 -593.62206 -128.59341 1591.55239 499.96457 33.18272 3517.10317 492.11051 173.93177 -738.41754 476.41618 -1180.60829 -322.30720 90.71937 221.28612 1658.39027 -660.18877 -528.90633 
-355.91821 -930.67097 -139.06641 -31.70826 -599.07640 -124.18171 1619.54383 499.96457 32.61901 3545.18602 483.04051 172.15627 -734.92516 476.41618 -1180.45491 -316.08017 106.53292 217.61132 1676.10885 -660.99641 -531.12018 
-361.07728 -943.45660 -149.12738 -28.82847 -604.28075 -128.66842 1640.43148 498.72162 37.95053 3581.42321 479.05997 175.57905 -734.47860 476.41618 -1189.37606 -311.16624 103.00966 209.54639 1694.53090 -665.49718 -534.91744 
-364.32246 -941.06639 -152.92998 -28.43309 -622.02281 -133.40470 1655.32211 498.72162 37.30635 3621.47646 478.09449 178.91611 -737.19749 535.78596 -1198.29593 -316.69235 103.02683 253.98380 1713.61637 -674.03235 -546.03628 
-369.65187 -955.36859 -165.36710 -34.71651 -629.37451 -129.57793 1671.86408 531.76938 24.79871 3658.61011 470.34553 193.23572 -736.16991 535.78596 -1211.65151 -314.99496 104.54999 253.77746 1727.65833 -681.59895 -547.88754 
-367.59854 -957.99686 -168.44740 -38.40441 -636.55073 -125.63754 1687.42608 534.81277 17.64129 3694.65543 467.96655 193.74367 -733.21485 535.78596 -1220.90789 -310.15040 86.47153 267.01522 1744.12597 -685.88101 -551.32736 
-366.96775 -952.90734 -169.71291 -42.93245 -635.24424 -127.88602 1703.81821 534.81277 20.01518 3759.52650 480.69884 190.36806 -733.08730 569.14395 -1245.44528 -309.07418 91.09192 264.70051 1760.98624 -702.49994 -581.50389 
-363.12737 -961.14828 -169.36874 -41.69882 -646.74084 -121.28567 1719.73321 534.81277 24.70893 3788.75184 478.77987 197.72559 -733.85946 569.14395 -1252.32575 -311.87077 87.36048 263.03673 1779.25026 -732.54960 -583.15948 
-362.21318 -962.89784 -169.78300 -43.48481 -649.95388 -118.45217 1737.00678 539.63705 18.87355 3817.85630 477.20180 201.93451 -735.65132 569.14395 -1255.07950 -312.56004 73.87580 263.49242 1793.80361 -745.24107 -583.69312 
-364.32034 -960.06030 -171.96528 -38.13436 -650.68077 -118.52129 1756.05336 539.63705 10.53036 3843.91212 475.86204 204.99355 -731.87353 569.14395 -1254.74161 -311.32041 77.05717 269.28386 1812.35459 -745.34126 -588.46118 
-370.79634 -968.84078 -184.75134 -36.99083 -661.66298 -127.16104 1772.20575 539.63705 13.81438 3871.16258 473.49217 206.11832 -727.37566 569.14395 -1256.23608 -308.25729 89.69232 268.51578 1824.39729 -755.36786 -590.26436 
-367.02610 -980.74305 -191.06100 -30.86171 -667.42120 -117.23636 1795.61077 539.63705 14.68509 3898.38780 471.64231 211.79712 -723.98965 569.14395 -1257.16382 -299.98291 70.27913 271.90423 1836.30870 -756.46116 -589.52344 
-365.16327 -978.21249 -188.64039 -33.07199 -662.36777 -121.13574 1810.10326 539.63705 7.60761 3929.17835 456.54954 211.77131 -721.51148 569.14395 -1271.96961 -306.55965 77.29734 279.10590 1849.27708 -765.05968 -599.39988 
-359.03153 -979.11355 -203.04519 -37.15874 -666.84395 -123.13747 1825.73501 539.63705 11.62382 3954.66791 464.23987 218.63959 -724.92676 637.83527 -1293.65744 -312.08833 66.83572 280.50466 1865.52565 -771.59855 -600.37697 
-361.11378 -980.59014 -216.16742 -44.90197 -678.55231 -120.19327 1840.25465 542.73975 13.10687 3978.43699 459.19450 224.69353 -733.31857 637.83527 -1299.10962 -313.47186 59.80341 280.03800 1879.62111 -775.54367 -597.96142 
-361.87542 -992.94156 -238.79339 -36.23614 -684.84615 -114.16162 1860.69223 542.73975 10.51228 4010.73807 459.52044 224.81736 -736.57876 637.83527 -1311.00763 -319.49198 63.96051 291.75950 1901.15856 -785.06238 -617.48977 
-360.64012 -999.27529 -245.11914 -31.27497 -694.48858 -115.56915 1876.74801 542.73975 -2.05329 4032.00243 458.52901 225.37050 -751.14002 637.83527 -1314.17819 -332.36309 61.82663 289.36513 1914.36554 -793.35511 -616.16601 
-359.47289 -1014.49087 -243.49970 -36.23710 -695.43091 -110.58071 1894.53336 542.73975 -8.05762 4056.89123 456.46260 223.34273 -754.38118 637.83527 -1338.24090 -329.75324 73.76224 286.42228 1935.76609 -796.98141 -616.23683 
-368.39948 -1016.59635 -242.32370 -27.89235 -701.18590 -105.41886 1911.42261 542.73975 0.46300 4080.77228 453.49762 235.88237 -756.18417 674.23130 -1342.76697 -331.38167 76.12158 285.16285 1950.73926 -805.33246 -619.48701 
-376.01199 -1032.05224 -236.70708 -31.60691 -699.35451 -95.98549 1926.36012 542.73975 -5.53965 4111.96582 453.28307 241.94992 -758.98089 674.23130 -1348.28273 -324.28568 67.03869 286.33448 1966.48367 -812.03655 -625.12514 
-378.64365 -1034.64762 -223.16916 -26.97682 -706.58595 -93.67973 1935.20212 542.73975 -9.84475 4151.89778 459.51663 244.21944 -756.00476 674.23130 -1354.36573 -318.36190 74.50079 297.83627 1977.63295 -811.99707 -634.42999 
-377.05846 -1034.01210 -226.60955 -5.80711 -710.29840 -95.28461 1948.15336 542.73975 -2.70735 4173.00201 458.64205 246.33475 -764.89489 674.23130 -1353.50624 -329.35220 40.14396 305.90539 1992.07410 -815.38254 -639.75039 
-367.96856 -1044.18054 -223.39088 -9.04168 -721.63381 -91.43141 1963.12638 542.73975 -8.07197 4206.71833 462.26258 240.45445 -770.75188 674.23130 -1355.49995 -332.23926 49.76601 307.83625 2009.67324 -829.32759 -642.22476 
-369.96408 -1045.20009 -229.22079 -18.16039 -720.04074 -106.28422 1973.88821 542.73975 -12.62670 4233.46313 462.49178 247.13294 -855.43919 631.34476 -1352.44653 -333.03671 51.02979 309.83366 2026.23673 -854.24736 -645.75682 
-367.08636 -1054.32501 -226.64919 -25.15482 -724.82156 -99.85259 1991.19734 542.73975 -22.03984 4253.45774 461.92906 252.36145 -854.07110 631.34476 -1362.82335 -331.39329 35.91438 302.96335 2035.22783 -853.24899 -644.04501 
-364.07957 -1058.35596 -228.13123 -23.63367 -728.02583 -92.19831 1996.94308 542.73975 -26.81086 4282.28122 467.45230 250.45798 -856.96099 654.52656 -1376.91884 -328.34231 35.36321 299.71263 2045.95369 -867.52242 -645.79301 
-364.17501 -1066.41438 -232.68474 -27.94080 -738.61061 -89.23241 2009.99810 542.73975 -34.94659 4302.14664 468.86292 253.39245 -860.37579 654.52656 -1378.96123 -324.63590 15.30379 304.08655 2057.52603 -875.42270 -647.41091 
-361.17600 -1070.01127 -229.23482 -23.66273 -749.42841 -86.61597 2020.82336 542.73975 -29.50564 4323.84826 473.43701 252.73550 -861.98409 654.52656 -1388.35033 -325.54422 16.25831 303.11948 2071.39372 -873.26108 -647.91347 
-360.75104 -1077.31292 -222.91795 -22.38457 -746.75319 -79.77409 2031.85377 542.73975 -49.66351 4343.77305 488.62580 252.88217 -875.06079 716.02650 -1400.08882 -321.48761 20.24419 296.41687 2085.41532 -878.59553 -656.30621 
-366.83618 -1091.35051 -241.75155 -24.26841 -756.26638 -92.81879 2040.86281 542.73975 -46.91500 4370.28433 488.17326 253.34428 -874.33426 716.02650 -1403.94619 -318.04796 23.65443 294.45646 2097.19867 -895.79795 -658.01240 
-360.87176 -1099.68938 -236.59324 -28.66148 -758.23700 -89.19063 2050.99937 542.73975 -43.89675 4389.96713 492.26250 258.44125 -880.57614 716.02650 -1399.21572 -323.21441 23.65443 290.91222 2112.72212 -897.32042 -656.81294 
-363.36527 -1109.18405 -226.29236 -25.96814 -760.66740 -82.45682 2065.74514 542.73975 -48.38645 4406.70442 486.95839 262.60862 -884.52812 716.02650 -1409.18306 -319.27638 7.16178 289.56779 2124.00490 -897.63554 -658.83827 
-366.54424 -1112.09969 -227.56063 -34.18777 -778.35371 -76.51961 2078.36568 542.73975 -57.55761 4432.26201 490.79835 264.08748 -882.88993 716.02650 -1414.40626 -318.34912 7.16178 287.43690 2136.76927 -916.36051 -658.38459 
-363.80635 -1115.86242 -223.46793 -34.07959 -777.79456 -74.91849 2087.58949 542.73975 -56.50414 4450.85187 495.89596 262.38059 -886.46380 716.02650 -1423.15779 -328.06057 -26.26164 317.40009 2151.30955 -926.52409 -670.29177 
-365.86076 -1127.50782 -216.37803 -33.92871 -785.21487 -68.34621 2096.13229 542.73975 -57.80242 4473.47549 495.71321 270.06445 -879.35181 716.02650 -1421.21889 -329.37815 -18.62459 333.04182 2161.20543 -926.66075 -675.92153 
-365.08487 -1125.76737 -228.35701 -37.24080 -784.05724 -68.40190 2105.94003 542.73975 -55.76994 4495.60466 492.04729 269.01628 -887.81701 716.02650 -1431.65346 -325.58663 -9.51246 333.34866 2173.63978 -926.02967 -684.31040 
-364.08902 -1129.10394 -219.73890 -35.47384 -786.82712 -80.39805 2123.35931 542.73975 -55.01995 4520.38332 482.16785 268.75506 -886.56181 773.72297 -1437.52579 -319.34304 -19.73809 331.73250 2187.29227 -931.70613 -686.32651 
-380.95337 -1137.96602 -221.94199 -40.46837 -783.15554 -77.61504 2136.05577 542.73975 -51.55980 4537.93267 482.42084 269.82314 -897.78217 773.72297 -1433.81582 -314.02843 -5.88484 327.11617 2202.77901 -936.56281 -684.13380 
-374.53143 -1151.90432 -197.48444 -34.24822 -784.80263 -73.97789 2146.82585 542.73975 -43.89144 4569.44657 485.43979 267.23691 -893.26718 832.25927 -1443.84552 -311.93844 -14.02339 319.57542 2219.16487 -943.64209 -687.09284 
-370.84279 -1155.94009 -193.52703 -33.46640 -784.34011 -68.66749 2161.32036 542.73975 -42.59593 4595.48085 497.58292 271.96678 -891.24377 872.94000 -1468.52837 -310.93235 -20.38903 310.29319 2231.74132 -955.18940 -703.76503 
-370.30888 -1161.47606 -188.93948 -13.40828 -784.37807 -63.48197 2172.04531 542.73975 -48.74418 4619.87581 497.06682 273.56299 -886.77381 872.94000 -1472.75677 -308.71971 -24.05522 328.18783 2239.97293 -962.92540 -702.85405 
-375.30608 -1164.02544 -188.83277 -22.59652 -785.74562 -52.54981 2184.31624 542.73975 -53.52087 4638.07702 494.93101 271.02115 -887.54454 872.94000 -1478.32678 -305.94809 -55.12551 333.31579 2251.40896 -968.90360 -701.54269 
-377.08070 -1166.13624 -195.60801 -30.35140 -784.53915 -43.98406 2195.76797 542.73975 -47.61195 4660.68845 500.17984 270.86918 -894.63443 872.94000 -1474.03245 -316.02022 -67.74068 335.44928 2266.40605 -983.54974 -700.48626 
-380.84848 -1175.04305 -196.50379 -37.04661 -784.69156 -34.14513 2210.65582 542.73975 -52.83584 4683.99266 497.37776 275.95626 -890.67528 872.94000 -1476.13129 -311.09056 -60.89824 332.60651 2281.05214 -993.85554 -712.20797 
-385.60656 -1171.02865 -166.12897 -26.37482 -787.78128 -33.55688 2223.13717 542.73975 -50.62481 4703.00483 495.32993 272.42815 -886.68436 918.75377 -1479.64518 -313.24670 -76.71334 333.65977 2293.60198 -994.41332 -709.39791 
-383.15938 -1168.93266 -169.51989 -34.27561 -789.19387 -39.59487 2233.70683 542.73975 -49.20501 4726.51330 489.25937 278.28861 -881.88320 1055.79173 -1485.65252 -310.04414 -162.49445 330.24350 2304.37870 -999.33160 -707.27118 
-377.67160 -1171.01799 -175.09559 -35.17070 -800.41504 -40.35248 2242.28401 542.73975 -46.15978 4748.91570 492.07983 276.79015 -888.53595 1070.22493 -1485.73564 -307.92510 -159.79301 329.68617 2316.85844 -1000.36514 -709.75611 
-372.31286 -1167.95376 -175.92657 -33.11732 -819.02497 -42.37270 2250.45039 542.73975 -86.47728 4768.22957 492.96055 285.10536 -882.01306 1070.22493 -1488.00051 -307.37247 -156.36565 339.26092 2327.31569 -998.43506 -711.07148 
-371.87238 -1172.82538 -141.58301 -23.96356 -837.92952 -49.97011 2261.57981 542.73975 -87.77569 4793.50200 487.89590 287.34827 -889.74525 1073.92722 -1492.73147 -310.17725 -159.48457 330.62677 2342.67206 -1012.45645 -712.70034 
-372.19477 -1174.38069 -145.03641 -25.69811 -838.47055 -43.01290 2271.48657 542.73975 -95.73971 4813.15817 489.49728 289.62555 -888.95433 1083.87952 -1518.03715 -301.35325 -190.28063 334.07146 2352.63796 -1012.38222 -730.72493 
-381.54726 -1180.99628 -160.05076 -18.25141 -844.51479 -37.26756 2282.56160 542.73975 -112.52554 4833.45200 490.34835 293.61619 -899.11931 1083.87952 -1524.77482 -300.12370 -179.20355 335.79161 2364.22569 -1006.00704 -731.01203 
-379.35875 -1185.45296 -163.02275 -23.71358 -846.01652 -36.99883 2292.77505 542.73975 -113.89119 4850.30661 486.54312 296.04391 -897.05977 1083.87952 -1524.98778 -296.86596 -175.82244 332.91273 2372.98578 -1016.35932 -727.17955 
-376.42160 -1184.87490 -174.94823 -21.91092 -848.57738 -34.70145 2303.29271 542.73975 -114.02849 4870.57827 483.87855 296.42497 -904.26221 1119.01871 -1523.86642 -299.72572 -176.40357 333.11234 2381.64933 -1027.89289 -722.95358 
-374.71948 -1186.63884 -175.57071 -18.54070 -851.71185 -32.19124 2310.55912 542.73975 -110.73737 4887.95870 498.56782 297.12468 -904.14453 1174.34898 -1530.42988 -303.34947 -176.40357 338.19012 2392.56148 -1041.51802 -722.55785 
-374.41178 -1222.32455 -182.43522 -22.25060 -849.62133 -40.37556 2324.01011 542.73975 -112.89846 4901.07376 496.05867 306.68344 -901.78020 1189.50294 -1534.01352 -305.45678 -167.97006 333.34942 2403.64917 -1042.42294 -723.33839 
-373.33843 -1224.48738 -184.42754 -10.10030 -851.13220 -37.28519 2331.71391 542.73975 -117.73947 4920.79855 501.55091 306.33540 -897.13297 1207.80334 -1532.64072 -307.56272 -164.27923 394.01711 2418.56791 -1050.24938 -719.62999 
