0.332226849654182
0.32542086857539293
0.28190668074637276
0.2543343861737924
0.46889340301366494
0.462784037889539
0.42777435604230796
0.3473356431610051
0.3162463283988834
0.2575919256904568
0.21174319429179306
0.26134419372442447
0.2097210985717134
0.19118031190371318
0.2528550192049489
0.1745546384635831
0.1680841590844885
0.18099781232135798
0.16193239482676244
0.164276887552935
0.17042507328270323
0.1780871673576536
0.15078853107303206
0.16435007252762088
0.14128025330905675
0.14483662475818163
0.16648040218551122
0.14063792991603635
0.16633778252456433
0.1479444816359047
0.223230419297754
0.17586700212613274
0.20054006387679973
0.15363881062018725
0.16005266912567398
0.14181722943345396
0.14742092473744872
0.1537735732403568
0.15105249985799746
0.13497617893249747
0.13564899872456046
0.14152432744264373
0.12840746064337713
0.1420454756924471
0.11131379943496136
0.16195239765767003
0.1198533727990481
0.11338109924633606
0.11835982172936155
0.11872874429593652
0.13501884948555842
0.11775584143928434
0.10542447339988333
0.10799305092066916
0.10676206645862613
0.11197784523711035
0.1046850314892504
0.1132238664044698
0.1006116885112068
0.09793127476124301
0.09350117063151425
0.12455288418062449
0.10554362834917348
0.102318730371467
0.11759004249633372
0.09318199567260299
0.12432439654266175
0.08620894713554181
0.0988917846548786
0.11825522072435347
0.08081498344290543
0.09264492851032485
0.09695852205151119
0.09377770060617992
0.12959175628699546
0.09362321084280768
0.0923032227374597
0.10789482683150076
0.0971777498509209
0.0815093937621223
0.10089286631639102
0.10011448370609898
0.10747494101327527
0.10939983751523191
0.08836911635715759
0.08745538891591387
0.09769522284858405
0.09815783597650524
0.08668975990082839
0.11034810945068309
0.08559314808392565
0.08341372779078898
0.07638621016223121
0.09743667249460654
0.07344289831456902
0.0752672063630041
0.08266275072341038
0.07701781784708167
0.08303839331484139
0.08453952504405808
