4.277
4.474
4.651
4.880
5.077
5.339
5.590
5.887
6.154
6.461
6.835
7.171
7.525
7.909
8.314
8.747
9.175
9.635
10.100
10.586
11.074
11.596
12.101
12.632
13.176
13.720
14.259
14.789
15.327
15.863
16.388
16.904
17.441
17.939
18.433
18.894
19.363
19.813
20.242
20.647
21.042
21.432
21.784
22.126
22.455
22.756
23.058
23.325
23.589
23.839
24.055
24.274
24.492
24.696
24.863
25.052
25.210
25.374
25.515
25.642
25.770
25.912
26.032
26.132
26.239
26.325
26.427
26.526
26.608
26.685
26.766
26.848
26.906
26.972
27.037
27.097
27.159
27.209
27.256
27.325
27.375
27.426
27.457
27.493
27.559
27.601
27.622
27.674
27.715
27.734
27.784
27.793
27.843
27.871
27.897
27.923
27.945
27.969
28.005
28.026
28.045
28.076
28.102
28.121
28.144
28.154
28.179
28.190
28.227
28.238
28.262
28.280
28.281
28.299
28.314
28.340
28.332
28.369
28.372
28.392
28.413
28.410
28.428
28.436
28.453
28.472
28.480
28.481
28.499
28.498
28.506
28.523
28.529
28.534
28.543
28.575
28.566
28.590
28.587
28.596
28.605
28.610
28.611
28.625
28.631
28.631
28.634
28.645
28.653
28.668
28.662
28.671
28.673
28.687
28.690
28.694
28.704
28.713
28.709
28.712
28.714
28.727
28.729
28.735
28.732
28.745
28.738
28.750
28.761
28.761
28.752
28.758
28.766
28.761
28.763
28.769
28.793
28.781
28.778
28.801
28.788
28.793
28.794
28.797
28.813
28.803
28.818
28.818
28.810
28.823
28.827
28.829
28.831
28.829
28.836
28.838
28.838
28.840
28.830
28.828
28.835
28.845
28.838
28.850
28.842
28.845
28.853
28.839
28.849
28.860
28.860
28.845
28.865
28.862
28.856
28.862
28.855
28.857
28.861
28.865
28.870
28.878
28.865
28.864
28.867
28.865
28.883
28.866
28.886
28.875
28.885
28.867
28.876
28.883
28.873
28.878
28.892
28.881
28.879
28.888
28.890
28.887
28.881
28.887
28.891
28.894
28.900
28.902
28.900
28.905
28.896
28.893
28.895
28.904
28.890
28.899
28.900
28.895
28.893
28.907
28.896
28.900
28.894
28.896
28.895
28.893
28.899
28.909
28.893
28.895
28.904
28.913
28.904
28.902
28.912
28.896
28.915
28.905
28.900
28.910
28.910
28.901
28.903
28.912
28.911
28.920
28.917
28.907
28.922
28.915
28.911
28.906
28.904
28.914
28.905
28.904
28.915
28.907
28.921
28.910
28.914
28.921
28.913
28.920
28.904
28.920
28.908
28.910
28.915
28.924
28.908
28.914
28.920
28.920
28.920
28.907
28.908
28.929
28.913
28.904
28.915
28.914
28.912
28.910
28.920
28.916
28.928
28.911
28.924
28.913
28.927
28.920
28.922
28.925
28.910
28.926
28.918
28.918
28.928
28.915
28.910
28.912
28.922
28.922
28.924
28.908
28.916
28.925
28.916
28.920
28.915
28.915
28.919
28.910
28.911
28.916
28.924
28.927
28.929
28.919
28.913
28.920
28.926
28.927
28.927
28.913
28.923
28.915
28.915
28.909
28.910
28.917
28.913
28.915
28.926
28.922
28.913
28.915
28.929
28.925
28.924
28.917
28.919
28.923
28.921
28.920
28.909
28.915
28.925
28.918
28.926
28.911
28.926
28.927
28.931
28.924
28.911
28.907
28.925
28.923
28.915
28.912
28.929
28.926
28.925
28.909
28.915
28.917
28.913
28.924
28.925
28.915
28.920
28.909
28.927
28.919
28.911
28.918
28.932
28.917
28.929
28.920
28.921
28.929
28.921
28.916
28.906
28.924
28.918
28.917
28.930
28.921
28.917
28.911
28.922
28.922
28.934
28.923
28.917
28.927
28.913
28.921
28.917
28.921
28.922
28.922
28.923
28.924
28.918
28.925
28.929
28.915
28.921
28.909
28.923
28.916
28.911
28.913
28.915
28.926
28.929
28.930
28.918
28.918
28.912
28.927
28.921
28.912
28.915
28.920
28.932
28.919
28.925
28.912
28.924
28.931
28.928
28.923
28.914
28.927
28.921
28.924
28.922
28.934
28.929
28.927
28.933
28.923
28.927
28.914
28.923
28.921
28.922
28.910
28.928
28.927
28.925
28.922
28.918
28.927
28.929
28.933
28.916
28.929
28.921
28.917
28.911
28.922
28.923
28.912
28.918
28.907
28.921
28.931
28.927
28.913
28.922
28.919
28.925
28.921
28.932
28.920
28.913
28.915
28.928
28.922
28.918
28.924
28.929
28.916
28.917
28.925
28.919
28.921
28.927
28.923
28.927
28.922
28.931
28.920
28.927
28.912
28.925
28.917
28.925
28.931
28.924
28.928
28.915
28.914
28.928
28.929
28.921
28.917
28.918
28.916
28.926
28.924
28.917
28.931
28.929
28.916
28.933
28.919
28.927
28.930
28.920
28.911
28.925
28.922
28.920
28.922
28.934
28.927
28.926
28.919
28.915
28.921
28.910
28.931
28.918
28.921
28.915
28.918
28.918
28.922
28.926
28.910
28.932
28.928
28.917
28.917
28.929
28.921
28.915
28.916
28.926
28.926
28.911
28.929
28.922
28.914
28.919
28.931
28.913
28.913
28.910
28.917
28.931
28.931
28.922
28.911
28.924
28.928
28.932
28.909
28.930
28.930
28.918
28.922
28.921
28.921
28.918
28.925
28.927
28.915
28.917
28.930
28.916
28.923
28.919
28.925
28.916
28.924
28.912
28.915
28.934
28.916
28.930
28.927
28.931
28.919
28.927
28.917
28.911
28.933
28.931
28.926
28.912
28.932
28.921
28.933
28.914
28.927
28.918
28.918
28.917
28.933
28.924
28.926
28.909
28.916
28.928
28.932
28.916
28.917
28.927
28.929
28.926
28.918
28.914
28.926
28.923
28.919
28.916
28.916
28.927
28.926
28.928
28.913
28.913
28.924
28.918
28.913
28.930
28.919
28.922
28.928
28.921
28.920
28.932
28.921
28.909
28.923
28.924
28.924
28.920
28.926
28.912
28.928
28.918
28.911
28.925
28.920
28.928
28.931
28.917
28.924
28.915
28.920
28.911
28.931
28.923
28.918
28.922
28.908
28.916
28.918
28.917
28.915
28.925
28.919
28.914
28.915
28.919
28.911
28.927
28.915
28.916
28.922
28.927
28.927
28.909
28.927
28.926
28.916
28.914
28.919
28.929
28.927
28.919
28.912
28.914
28.920
28.928
28.922
28.935
28.923
28.912
28.930
28.928
28.926
28.914
28.928
28.929
28.927
28.917
28.918
28.919
28.929
28.924
28.921
28.921
28.920
28.920
28.922
28.932
28.923
28.924
28.926
28.921
28.919
28.930
28.931
28.923
28.922
28.926
28.914
28.910
28.915
28.923
28.928
28.931
28.913
28.931
28.924
28.919
28.924
28.925
28.927
28.921
28.914
28.919
28.926
28.915
28.912
28.913
28.917
28.933
28.928
28.925
28.930
28.922
28.930
28.917
28.919
28.920
28.923
28.919
28.925
28.916
28.926
28.914
28.931
28.918
28.923
28.916
28.917
28.920
28.914
28.912
28.911
28.917
28.921
28.932
28.929
28.914
28.923
28.928
28.921
28.911
28.927
28.914
28.927
28.918
28.922
28.910
28.925
28.914
28.915
28.914
28.921
28.926
28.920
28.917
28.929
28.915
28.933
28.921
28.934
28.919
28.917
28.927
28.912
28.922
28.919
28.921
28.923
28.919
28.914
28.927
28.932
28.909
28.916
28.920
28.925
28.930
28.929
28.912
28.919
28.917
28.935
28.913
28.920
28.915
28.919
28.925
28.926
28.929
28.922
28.930
28.920
28.919
28.930
28.924
28.925
28.919
28.926
28.928
28.918
28.926
28.928
28.930
28.935
28.923
28.918
28.925
28.937
28.923
28.929
28.915
28.922
28.912
28.933
28.930
28.913
28.923
28.920
28.925
28.910
28.920
28.922
28.914
28.933
28.917
28.922
28.923
28.931
28.929
28.918
28.927
28.920
28.928
28.917
28.916
28.921
28.923
28.913
28.926
28.916
28.924
28.930
28.923
28.937
28.914
28.928
28.929
28.922
28.915
28.919
28.918
28.926
28.929
28.931
28.921
28.912
28.930
28.920
28.920
28.918
28.918
28.931
28.926
28.920
28.913
28.925
28.925
28.916
28.912
28.932
28.933
28.923
28.933
28.926
28.922
28.930
28.916
28.929
28.921
28.933
28.927
28.929
28.930
28.931
28.918
28.928
28.923
28.916
28.922
28.911
28.913
28.925
28.917
28.915
28.924
28.914
28.932
28.930
28.919
28.937
28.925
28.925
28.916
28.928
28.919
28.932
28.921
28.929
28.924
28.921
28.920
28.913
28.914
28.916
28.913
28.927
28.919
28.923
28.908
28.928
28.932
28.921
28.921
28.913
28.927
28.922
28.925
28.923
28.919
28.931
28.921
28.922
28.931
28.924
