2.348
2.159
2.409
1.960
2.382
2.213
2.323
2.037
1.976
2.228
2.138
2.133
2.685
2.641
2.677
2.476
2.325
2.670
2.748
2.728
2.629
2.557
2.688
2.519
2.485
3.037
2.997
2.579
2.619
3.074
2.832
2.859
3.152
2.756
2.673
3.198
3.059
2.896
3.320
3.287
2.978
2.907
3.124
3.302
3.325
3.135
3.125
3.480
3.478
3.729
3.778
3.632
3.492
3.256
3.471
3.253
3.784
3.869
3.889
3.902
3.902
3.611
3.546
3.953
3.750
3.847
3.962
3.896
4.107
4.145
3.803
4.307
4.318
4.200
3.857
3.917
4.357
4.258
4.036
3.867
3.960
4.490
4.010
3.934
4.034
4.430
4.291
4.410
4.512
4.514
4.380
4.158
4.184
4.341
4.208
4.316
4.323
4.626
4.204
4.315
4.702
4.640
4.754
4.651
4.310
4.438
4.627
4.829
4.815
4.369
4.670
4.535
4.651
4.848
4.918
4.929
4.824
4.578
4.644
4.493
4.997
5.127
4.805
5.058
4.721
5.024
5.079
5.068
5.154
4.710
4.780
5.119
5.085
5.039
5.128
5.197
4.832
4.701
5.255
4.627
4.739
4.851
5.194
5.155
5.168
5.055
4.825
5.095
5.196
4.885
4.954
5.179
4.999
4.811
4.783
4.871
5.077
4.927
5.290
5.040
5.291
5.318
5.419
5.222
4.937
5.345
5.308
4.900
5.153
5.082
5.253
5.350
5.003
5.172
5.347
5.421
4.948
5.207
5.521
4.997
5.473
5.475
5.343
5.345
5.509
5.237
5.478
5.548
5.345
5.463
5.469
5.369
5.572
5.496
5.123
5.517
5.532
5.421
5.423
5.505
5.307
5.594
5.403
5.110
5.603
5.497
5.156
5.634
5.365
5.590
5.113
5.572
5.589
5.240
5.226
5.362
5.635
5.486
5.614
5.551
5.695
5.226
5.687
5.284
5.375
5.675
5.217
5.131
5.763
5.324
5.668
5.639
5.561
5.737
5.612
5.694
5.742
5.259
5.694
5.329
5.328
5.686
5.756
5.497
5.614
5.291
5.278
5.712
5.685
5.808
5.692
5.676
5.427
5.783
5.495
5.657
5.750
5.332
5.717
5.725
5.732
5.828
5.531
5.841
5.808
5.782
5.757
5.750
5.671
5.766
5.279
5.758
5.743
5.733
5.592
5.784
5.406
5.802
5.363
5.829
5.550
5.817
5.732
5.730
5.438
5.785
5.788
5.432
5.448
5.550
5.798
5.586
5.884
5.379
5.763
5.520
5.747
5.411
5.461
5.596
5.744
5.859
5.685
5.915
5.846
5.935
5.936
5.570
5.792
5.432
5.777
5.898
5.873
5.817
5.825
5.822
5.517
5.422
5.855
5.823
5.874
6.001
5.823
5.920
5.986
5.800
5.636
6.034
5.886
5.926
5.530
6.009
5.881
5.646
5.551
5.847
5.883
5.529
5.941
5.976
5.930
5.583
5.941
5.930
6.028
5.928
5.732
5.916
5.805
5.936
5.650
5.963
5.983
5.526
5.567
5.937
6.039
5.873
5.790
5.974
5.986
5.979
6.100
5.557
5.992
5.995
5.668
5.901
5.651
5.963
5.622
6.086
5.999
5.722
6.065
5.970
5.596
5.917
5.587
6.000
5.654
5.959
6.122
5.677
5.580
5.985
5.998
6.045
5.864
5.951
5.915
5.901
5.931
5.521
5.977
5.652
6.002
5.990
5.979
5.974
6.081
5.829
5.694
5.913
5.739
6.009
5.924
6.005
5.724
5.940
5.648
5.623
5.578
5.852
5.666
5.710
5.918
6.108
5.943
6.063
5.589
6.075
6.061
6.105
5.785
6.081
6.050
6.141
6.174
6.034
6.039
5.606
5.559
6.061
6.072
6.080
6.074
5.652
6.108
6.048
5.590
5.680
6.149
6.092
5.659
6.059
5.615
6.057
5.704
5.774
5.732
6.030
5.950
6.105
5.767
5.928
5.588
6.061
6.125
6.140
5.617
6.119
6.053
5.669
6.152
5.971
6.034
5.646
5.748
5.777
6.035
5.916
5.985
6.107
5.827
6.186
6.092
5.766
6.133
6.015
6.103
6.033
6.282
5.965
6.036
6.186
6.109
6.027
6.037
6.127
6.065
5.758
5.644
6.125
6.054
5.804
5.705
6.108
5.938
6.201
6.078
5.691
6.064
6.107
6.006
6.001
6.047
6.106
6.109
5.820
6.151
5.788
5.896
6.219
6.217
6.035
6.154
6.151
5.847
6.145
5.631
5.830
6.119
6.061
5.770
5.721
6.140
6.160
5.702
6.113
6.263
6.187
5.911
5.857
6.144
6.153
6.249
6.144
6.129
6.111
6.125
5.933
5.855
5.932
6.020
6.162
5.702
6.090
6.210
5.803
5.623
6.054
5.709
6.071
6.185
5.807
6.224
5.909
5.809
6.115
6.083
5.876
6.207
5.762
6.177
6.159
6.074
6.036
6.193
6.184
5.854
6.215
5.693
5.756
5.887
5.708
6.032
5.882
5.749
6.077
5.923
5.695
6.145
5.878
6.140
6.209
6.210
6.121
6.125
6.085
5.803
6.107
6.032
6.116
6.199
6.207
6.196
6.169
6.245
6.080
6.137
6.001
5.960
5.774
6.141
6.059
5.915
5.835
5.922
5.877
6.091
6.153
5.726
6.150
5.874
6.239
6.071
5.691
6.201
6.219
6.177
6.147
5.956
5.976
6.250
5.758
6.303
6.183
6.163
6.203
6.208
6.240
5.919
6.147
6.055
6.241
6.277
5.855
5.937
5.937
6.058
6.253
6.194
6.225
5.963
6.288
5.828
6.234
6.131
6.272
6.325
6.245
6.293
6.171
6.117
5.965
6.134
5.718
5.841
5.916
6.237
6.023
6.155
6.196
5.836
5.861
6.160
5.933
6.059
6.139
5.778
6.219
5.833
5.863
6.047
6.229
6.237
6.242
6.247
5.880
6.258
6.231
6.208
6.325
6.264
6.259
5.824
6.285
6.052
6.420
6.262
6.236
6.142
6.205
6.226
6.214
6.153
6.213
6.269
6.255
5.776
6.188
6.166
5.859
6.341
6.044
6.218
6.063
6.186
5.841
5.873
5.903
6.211
6.331
6.120
5.996
6.189
6.217
6.198
6.266
6.081
6.067
6.287
6.243
5.987
6.220
6.254
5.988
6.183
5.892
6.234
6.264
6.154
6.011
5.838
6.267
6.220
6.248
6.284
6.256
6.034
5.851
6.139
6.220
6.055
6.249
5.863
6.162
5.867
6.279
6.076
6.162
6.193
6.263
5.973
5.929
5.832
5.839
6.338
5.935
5.859
5.926
6.029
6.163
6.254
5.989
6.229
5.939
6.149
5.876
6.214
6.265
6.278
6.075
6.168
6.227
6.240
6.261
6.223
5.899
5.833
5.898
6.226
6.285
5.758
6.238
6.180
5.966
6.258
6.286
6.273
6.256
6.216
6.026
6.047
6.297
6.063
6.353
5.987
6.150
6.269
6.295
5.912
6.244
5.912
5.935
6.272
6.097
5.761
6.215
5.871
5.845
6.184
6.424
6.261
6.187
6.297
6.232
6.182
6.316
6.286
6.009
6.228
6.278
5.946
6.250
5.885
5.830
6.057
5.895
5.934
6.315
5.778
6.295
5.736
6.120
5.846
6.080
6.462
6.332
5.848
6.263
5.861
6.268
6.243
5.940
5.896
6.264
6.340
6.318
5.857
6.205
5.899
6.247
6.233
5.944
6.045
6.333
6.096
6.126
6.158
6.314
6.383
6.045
5.851
6.317
6.268
6.280
6.321
5.799
6.431
6.214
6.179
6.281
6.334
6.256
6.220
5.971
6.284
6.260
5.989
5.924
6.112
6.317
6.210
6.224
5.890
6.289
6.071
6.147
6.278
6.343
6.324
6.262
6.137
6.286
6.297
6.259
6.331
6.271
6.256
6.260
6.154
6.248
6.290
6.267
5.908
6.298
6.294
5.831
6.299
5.994
6.079
6.279
6.283
5.912
6.288
6.246
6.297
5.957
6.256
6.461
5.930
5.984
5.990
6.261
6.307
6.301
5.932
5.819
6.299
6.057
6.207
6.286
6.418
6.003
6.272
6.386
5.966
6.240
6.308
6.087
5.910
6.238
5.959
6.031
6.200
6.318
6.314
6.309
6.326
5.868
5.993
5.956
6.380
6.043
6.047
6.329
6.251
6.365
6.139
6.294
5.955
5.901
6.346
6.285
6.326
5.918
6.288
5.886
6.172
5.987
6.343
6.266
6.033
6.264
6.310
6.223
6.335
6.376
5.939
6.315
5.948
6.190
6.123
6.293
6.124
6.118
5.966
6.005
6.371
6.349
6.047
6.223
6.055
5.889
5.986
5.911
6.262
6.048
5.879
5.916
6.105
6.253
5.805
6.355
5.867
6.406
6.347
6.328
6.313
6.340
6.033
6.242
6.338
5.986
6.218
6.307
6.011
6.284
6.352
5.836
6.272
6.292
