-0.404 -0.400 -0.413 -0.415 -0.392 -0.350 -0.292 -0.328 -0.397 -0.387 -0.371 -0.368 -0.299 -0.346 -0.315 -0.305 -0.391 -0.397 -0.394 -0.378 -0.408 -0.394 -0.398 -0.409 -0.391 -0.363 -0.373 -0.404 -0.404 -0.319 0.111 0.207 0.068 -0.122 -0.297 -0.001 0.082 0.045 -0.044 -0.012 -0.064 0.078 0.151 0.282 0.308 0.318 0.110 0.068 0.118 0.219
-0.400 -0.396 -0.408 -0.410 -0.388 -0.347 -0.290 -0.326 -0.392 -0.383 -0.368 -0.365 -0.297 -0.343 -0.313 -0.303 -0.387 -0.393 -0.390 -0.375 -0.404 -0.390 -0.393 -0.404 -0.387 -0.360 -0.370 -0.399 -0.399 -0.316 0.106 0.201 0.064 -0.123 -0.295 -0.004 0.078 0.041 -0.046 -0.015 -0.065 0.074 0.146 0.274 0.300 0.310 0.106 0.064 0.113 0.212
-0.413 -0.408 -0.422 -0.425 -0.400 -0.354 -0.291 -0.330 -0.404 -0.394 -0.377 -0.373 -0.299 -0.349 -0.316 -0.306 -0.398 -0.405 -0.402 -0.384 -0.417 -0.402 -0.405 -0.418 -0.398 -0.368 -0.379 -0.412 -0.412 -0.321 0.138 0.241 0.092 -0.110 -0.298 0.018 0.108 0.067 -0.027 0.006 -0.049 0.103 0.181 0.321 0.350 0.360 0.137 0.092 0.146 0.254
-0.415 -0.410 -0.425 -0.428 -0.401 -0.355 -0.290 -0.330 -0.406 -0.396 -0.378 -0.374 -0.298 -0.350 -0.315 -0.305 -0.400 -0.407 -0.404 -0.386 -0.420 -0.404 -0.407 -0.420 -0.400 -0.369 -0.380 -0.415 -0.415 -0.320 0.151 0.258 0.104 -0.104 -0.297 0.028 0.121 0.079 -0.018 0.016 -0.041 0.115 0.196 0.340 0.369 0.380 0.151 0.104 0.159 0.271
-0.392 -0.388 -0.400 -0.401 -0.381 -0.341 -0.286 -0.321 -0.385 -0.376 -0.361 -0.358 -0.293 -0.338 -0.309 -0.299 -0.380 -0.385 -0.383 -0.368 -0.396 -0.383 -0.386 -0.396 -0.379 -0.354 -0.363 -0.391 -0.391 -0.311 0.100 0.191 0.058 -0.123 -0.290 -0.007 0.072 0.036 -0.049 -0.018 -0.067 0.068 0.138 0.262 0.288 0.297 0.099 0.058 0.106 0.202
-0.350 -0.347 -0.354 -0.355 -0.341 -0.312 -0.269 -0.296 -0.346 -0.339 -0.326 -0.325 -0.275 -0.310 -0.287 -0.278 -0.342 -0.345 -0.343 -0.333 -0.352 -0.344 -0.346 -0.353 -0.341 -0.322 -0.330 -0.348 -0.348 -0.286 0.055 0.130 0.021 -0.130 -0.268 -0.033 0.030 0.003 -0.068 -0.042 -0.083 0.029 0.087 0.188 0.208 0.215 0.054 0.022 0.061 0.137
-0.292 -0.290 -0.291 -0.290 -0.286 -0.269 -0.241 -0.260 -0.290 -0.285 -0.276 -0.278 -0.246 -0.269 -0.255 -0.246 -0.288 -0.289 -0.288 -0.283 -0.292 -0.289 -0.290 -0.292 -0.287 -0.277 -0.281 -0.288 -0.288 -0.250 0.005 0.058 -0.021 -0.134 -0.235 -0.060 -0.016 -0.034 -0.087 -0.067 -0.096 -0.015 0.027 0.100 0.113 0.117 0.004 -0.019 0.009 0.060
-0.328 -0.326 -0.330 -0.330 -0.321 -0.296 -0.260 -0.283 -0.325 -0.319 -0.308 -0.308 -0.265 -0.295 -0.276 -0.267 -0.321 -0.324 -0.322 -0.315 -0.330 -0.324 -0.325 -0.330 -0.321 -0.306 -0.312 -0.326 -0.326 -0.274 0.030 0.096 -0.001 -0.135 -0.257 -0.048 0.007 -0.016 -0.079 -0.056 -0.092 0.007 0.058 0.147 0.164 0.169 0.029 0.001 0.035 0.101
-0.397 -0.392 -0.404 -0.406 -0.385 -0.346 -0.290 -0.325 -0.389 -0.381 -0.365 -0.362 -0.297 -0.342 -0.312 -0.303 -0.384 -0.390 -0.387 -0.372 -0.400 -0.387 -0.390 -0.401 -0.384 -0.358 -0.368 -0.396 -0.396 -0.315 0.096 0.188 0.055 -0.127 -0.294 -0.011 0.069 0.033 -0.052 -0.022 -0.071 0.064 0.135 0.260 0.285 0.294 0.096 0.055 0.103 0.199
-0.387 -0.383 -0.394 -0.396 -0.376 -0.339 -0.285 -0.319 -0.381 -0.372 -0.357 -0.355 -0.292 -0.335 -0.307 -0.297 -0.376 -0.381 -0.378 -0.364 -0.391 -0.379 -0.381 -0.391 -0.375 -0.351 -0.360 -0.386 -0.386 -0.309 0.090 0.179 0.050 -0.126 -0.289 -0.014 0.063 0.029 -0.054 -0.024 -0.072 0.059 0.128 0.248 0.273 0.281 0.090 0.050 0.097 0.189
-0.371 -0.368 -0.377 -0.378 -0.361 -0.326 -0.276 -0.308 -0.365 -0.357 -0.343 -0.342 -0.283 -0.323 -0.297 -0.287 -0.360 -0.365 -0.363 -0.350 -0.374 -0.363 -0.366 -0.374 -0.360 -0.338 -0.346 -0.370 -0.370 -0.298 0.083 0.167 0.044 -0.124 -0.278 -0.016 0.056 0.024 -0.055 -0.026 -0.072 0.053 0.118 0.232 0.255 0.263 0.082 0.045 0.089 0.176
-0.368 -0.365 -0.373 -0.374 -0.358 -0.325 -0.278 -0.308 -0.362 -0.355 -0.342 -0.340 -0.285 -0.323 -0.298 -0.289 -0.358 -0.362 -0.360 -0.348 -0.371 -0.361 -0.363 -0.371 -0.358 -0.337 -0.345 -0.366 -0.367 -0.299 0.063 0.143 0.027 -0.133 -0.280 -0.031 0.038 0.008 -0.067 -0.040 -0.083 0.035 0.097 0.205 0.227 0.234 0.063 0.027 0.069 0.151
-0.299 -0.297 -0.299 -0.298 -0.293 -0.275 -0.246 -0.265 -0.297 -0.292 -0.283 -0.285 -0.251 -0.275 -0.260 -0.251 -0.295 -0.296 -0.295 -0.290 -0.299 -0.296 -0.297 -0.299 -0.294 -0.283 -0.288 -0.296 -0.296 -0.255 0.005 0.060 -0.022 -0.137 -0.240 -0.061 -0.016 -0.035 -0.089 -0.068 -0.099 -0.015 0.028 0.102 0.117 0.120 0.004 -0.020 0.009 0.062
-0.346 -0.343 -0.349 -0.350 -0.338 -0.310 -0.269 -0.295 -0.342 -0.335 -0.323 -0.323 -0.275 -0.308 -0.287 -0.278 -0.338 -0.341 -0.339 -0.330 -0.348 -0.340 -0.342 -0.348 -0.337 -0.320 -0.327 -0.344 -0.344 -0.286 0.040 0.111 0.007 -0.137 -0.268 -0.044 0.016 -0.010 -0.077 -0.052 -0.091 0.015 0.070 0.167 0.186 0.192 0.039 0.008 0.045 0.118
-0.315 -0.313 -0.316 -0.315 -0.309 -0.287 -0.255 -0.276 -0.312 -0.307 -0.297 -0.298 -0.260 -0.287 -0.270 -0.261 -0.310 -0.311 -0.310 -0.304 -0.316 -0.311 -0.313 -0.316 -0.309 -0.296 -0.301 -0.312 -0.312 -0.266 0.013 0.072 -0.016 -0.139 -0.251 -0.059 -0.009 -0.030 -0.088 -0.066 -0.099 -0.009 0.038 0.119 0.134 0.138 0.012 -0.014 0.017 0.076
-0.305 -0.303 -0.306 -0.305 -0.299 -0.278 -0.246 -0.267 -0.303 -0.297 -0.287 -0.289 -0.251 -0.278 -0.261 -0.251 -0.300 -0.302 -0.300 -0.294 -0.306 -0.302 -0.303 -0.306 -0.299 -0.287 -0.292 -0.302 -0.302 -0.257 0.025 0.084 -0.004 -0.129 -0.241 -0.047 0.002 -0.018 -0.077 -0.055 -0.088 0.003 0.050 0.131 0.147 0.151 0.024 -0.002 0.029 0.088
-0.391 -0.387 -0.398 -0.400 -0.380 -0.342 -0.288 -0.321 -0.384 -0.376 -0.360 -0.358 -0.295 -0.338 -0.310 -0.300 -0.379 -0.384 -0.382 -0.367 -0.394 -0.382 -0.385 -0.395 -0.378 -0.354 -0.363 -0.390 -0.390 -0.312 0.089 0.178 0.049 -0.128 -0.291 -0.015 0.062 0.027 -0.055 -0.026 -0.074 0.058 0.127 0.248 0.273 0.281 0.088 0.049 0.096 0.189
-0.397 -0.393 -0.405 -0.407 -0.385 -0.345 -0.289 -0.324 -0.390 -0.381 -0.365 -0.362 -0.296 -0.341 -0.311 -0.302 -0.384 -0.390 -0.387 -0.372 -0.401 -0.387 -0.390 -0.401 -0.384 -0.358 -0.367 -0.396 -0.396 -0.314 0.102 0.196 0.061 -0.124 -0.293 -0.006 0.075 0.038 -0.048 -0.017 -0.067 0.070 0.142 0.268 0.294 0.303 0.102 0.061 0.109 0.207
-0.394 -0.390 -0.402 -0.404 -0.383 -0.343 -0.288 -0.322 -0.387 -0.378 -0.363 -0.360 -0.295 -0.339 -0.310 -0.300 -0.382 -0.387 -0.385 -0.370 -0.398 -0.385 -0.388 -0.398 -0.381 -0.356 -0.365 -0.393 -0.393 -0.313 0.100 0.192 0.059 -0.124 -0.292 -0.007 0.072 0.036 -0.049 -0.018 -0.068 0.068 0.139 0.264 0.289 0.298 0.099 0.059 0.107 0.203
-0.378 -0.375 -0.384 -0.386 -0.368 -0.333 -0.283 -0.315 -0.372 -0.364 -0.350 -0.348 -0.290 -0.330 -0.304 -0.294 -0.367 -0.372 -0.370 -0.357 -0.381 -0.370 -0.373 -0.381 -0.367 -0.344 -0.353 -0.377 -0.377 -0.305 0.071 0.154 0.033 -0.133 -0.286 -0.027 0.045 0.013 -0.065 -0.037 -0.082 0.042 0.106 0.219 0.242 0.250 0.070 0.033 0.077 0.163
-0.408 -0.404 -0.417 -0.420 -0.396 -0.352 -0.292 -0.330 -0.400 -0.391 -0.374 -0.371 -0.299 -0.348 -0.316 -0.306 -0.394 -0.401 -0.398 -0.381 -0.413 -0.398 -0.401 -0.413 -0.394 -0.365 -0.376 -0.408 -0.408 -0.320 0.122 0.221 0.078 -0.117 -0.298 0.007 0.093 0.054 -0.037 -0.005 -0.058 0.088 0.164 0.298 0.326 0.336 0.121 0.077 0.129 0.233
-0.394 -0.390 -0.402 -0.404 -0.383 -0.344 -0.289 -0.324 -0.387 -0.379 -0.363 -0.361 -0.296 -0.340 -0.311 -0.302 -0.382 -0.387 -0.385 -0.370 -0.398 -0.385 -0.388 -0.398 -0.382 -0.356 -0.366 -0.393 -0.393 -0.314 0.093 0.183 0.052 -0.128 -0.293 -0.013 0.065 0.030 -0.054 -0.024 -0.073 0.061 0.131 0.254 0.279 0.288 0.092 0.052 0.099 0.194
-0.398 -0.393 -0.405 -0.407 -0.386 -0.346 -0.290 -0.325 -0.390 -0.381 -0.366 -0.363 -0.297 -0.342 -0.313 -0.303 -0.385 -0.390 -0.388 -0.373 -0.401 -0.388 -0.391 -0.401 -0.384 -0.359 -0.368 -0.397 -0.397 -0.316 0.096 0.188 0.055 -0.127 -0.295 -0.011 0.069 0.033 -0.052 -0.022 -0.071 0.064 0.135 0.260 0.285 0.295 0.096 0.055 0.103 0.199
-0.409 -0.404 -0.418 -0.420 -0.396 -0.353 -0.292 -0.330 -0.401 -0.391 -0.374 -0.371 -0.299 -0.348 -0.316 -0.306 -0.395 -0.401 -0.398 -0.381 -0.413 -0.398 -0.401 -0.413 -0.394 -0.366 -0.376 -0.408 -0.408 -0.320 0.123 0.223 0.079 -0.117 -0.298 0.008 0.094 0.055 -0.037 -0.004 -0.057 0.089 0.165 0.300 0.327 0.338 0.123 0.079 0.131 0.235
-0.391 -0.387 -0.398 -0.400 -0.379 -0.341 -0.287 -0.321 -0.384 -0.375 -0.360 -0.358 -0.294 -0.337 -0.309 -0.299 -0.378 -0.384 -0.381 -0.367 -0.394 -0.382 -0.384 -0.394 -0.378 -0.353 -0.363 -0.390 -0.390 -0.311 0.092 0.182 0.052 -0.126 -0.291 -0.013 0.065 0.030 -0.053 -0.023 -0.071 0.061 0.130 0.252 0.277 0.286 0.092 0.052 0.099 0.193
-0.363 -0.360 -0.368 -0.369 -0.354 -0.322 -0.277 -0.306 -0.358 -0.351 -0.338 -0.337 -0.283 -0.320 -0.296 -0.287 -0.354 -0.358 -0.356 -0.344 -0.365 -0.356 -0.359 -0.366 -0.353 -0.333 -0.341 -0.361 -0.361 -0.296 0.054 0.131 0.019 -0.136 -0.278 -0.037 0.029 -0.000 -0.072 -0.046 -0.088 0.027 0.086 0.191 0.212 0.219 0.053 0.019 0.059 0.139
-0.373 -0.370 -0.379 -0.380 -0.363 -0.330 -0.281 -0.312 -0.368 -0.360 -0.346 -0.345 -0.288 -0.327 -0.301 -0.292 -0.363 -0.367 -0.365 -0.353 -0.376 -0.366 -0.368 -0.376 -0.363 -0.341 -0.349 -0.372 -0.372 -0.302 0.067 0.148 0.030 -0.134 -0.283 -0.029 0.041 0.010 -0.066 -0.039 -0.083 0.038 0.101 0.212 0.234 0.242 0.066 0.030 0.073 0.157
-0.404 -0.399 -0.412 -0.415 -0.391 -0.348 -0.288 -0.326 -0.396 -0.386 -0.370 -0.366 -0.296 -0.344 -0.312 -0.302 -0.390 -0.396 -0.393 -0.377 -0.408 -0.393 -0.397 -0.408 -0.390 -0.361 -0.372 -0.403 -0.403 -0.316 0.124 0.222 0.080 -0.114 -0.294 0.009 0.095 0.056 -0.035 -0.002 -0.055 0.090 0.165 0.299 0.326 0.336 0.123 0.080 0.131 0.234
-0.404 -0.399 -0.412 -0.415 -0.391 -0.348 -0.288 -0.326 -0.396 -0.386 -0.370 -0.367 -0.296 -0.344 -0.312 -0.302 -0.390 -0.396 -0.393 -0.377 -0.408 -0.393 -0.397 -0.408 -0.390 -0.361 -0.372 -0.403 -0.403 -0.316 0.124 0.222 0.080 -0.114 -0.294 0.009 0.095 0.056 -0.035 -0.002 -0.055 0.090 0.165 0.299 0.326 0.336 0.123 0.080 0.131 0.234
-0.319 -0.316 -0.321 -0.320 -0.311 -0.286 -0.250 -0.274 -0.315 -0.309 -0.298 -0.299 -0.255 -0.286 -0.266 -0.257 -0.312 -0.314 -0.313 -0.305 -0.320 -0.314 -0.316 -0.320 -0.311 -0.296 -0.302 -0.316 -0.316 -0.263 0.048 0.114 0.016 -0.122 -0.246 -0.032 0.024 -0.000 -0.065 -0.041 -0.077 0.023 0.076 0.166 0.184 0.189 0.047 0.017 0.052 0.119
0.111 0.106 0.138 0.151 0.100 0.055 0.005 0.030 0.096 0.090 0.083 0.063 0.005 0.040 0.013 0.025 0.089 0.102 0.100 0.071 0.122 0.093 0.096 0.123 0.092 0.054 0.067 0.124 0.124 0.048 -0.077 -0.124 -0.068 -0.015 0.050 -0.039 -0.089 -0.058 -0.034 -0.037 -0.018 -0.070 -0.097 -0.158 -0.175 -0.189 -0.081 -0.059 -0.082 -0.148
0.207 0.201 0.241 0.258 0.191 0.130 0.058 0.096 0.188 0.179 0.167 0.143 0.060 0.111 0.072 0.084 0.178 0.196 0.192 0.154 0.221 0.183 0.188 0.223 0.182 0.131 0.148 0.222 0.222 0.114 -0.124 -0.200 -0.105 -0.002 0.112 -0.055 -0.133 -0.087 -0.040 -0.050 -0.017 -0.109 -0.156 -0.256 -0.282 -0.300 -0.129 -0.093 -0.132 -0.231
0.068 0.064 0.092 0.104 0.058 0.021 -0.021 -0.001 0.055 0.050 0.044 0.027 -0.022 0.007 -0.016 -0.004 0.049 0.061 0.059 0.033 0.078 0.052 0.055 0.079 0.052 0.019 0.030 0.080 0.080 0.016 -0.068 -0.105 -0.064 -0.028 0.019 -0.041 -0.082 -0.055 -0.039 -0.040 -0.026 -0.064 -0.084 -0.131 -0.145 -0.156 -0.072 -0.055 -0.073 -0.126
-0.122 -0.123 -0.110 -0.104 -0.123 -0.130 -0.134 -0.135 -0.127 -0.126 -0.124 -0.133 -0.137 -0.137 -0.139 -0.129 -0.128 -0.124 -0.124 -0.133 -0.117 -0.128 -0.127 -0.117 -0.126 -0.136 -0.134 -0.114 -0.114 -0.122 -0.015 -0.002 -0.028 -0.076 -0.112 -0.040 -0.034 -0.032 -0.054 -0.043 -0.054 -0.025 -0.010 0.010 0.011 0.008 -0.018 -0.023 -0.015 -0.010
-0.297 -0.295 -0.298 -0.297 -0.290 -0.268 -0.235 -0.257 -0.294 -0.289 -0.278 -0.280 -0.240 -0.268 -0.251 -0.241 -0.291 -0.293 -0.292 -0.286 -0.298 -0.293 -0.295 -0.298 -0.291 -0.278 -0.283 -0.294 -0.294 -0.246 0.050 0.112 0.019 -0.112 -0.229 -0.026 0.026 0.004 -0.057 -0.034 -0.069 0.026 0.076 0.161 0.177 0.181 0.048 0.021 0.054 0.116
-0.001 -0.004 0.018 0.028 -0.007 -0.033 -0.060 -0.048 -0.011 -0.014 -0.016 -0.031 -0.061 -0.044 -0.059 -0.047 -0.015 -0.006 -0.007 -0.027 0.007 -0.013 -0.011 0.008 -0.013 -0.037 -0.029 0.009 0.009 -0.032 -0.039 -0.055 -0.041 -0.040 -0.026 -0.033 -0.055 -0.038 -0.038 -0.033 -0.030 -0.041 -0.046 -0.066 -0.074 -0.083 -0.042 -0.034 -0.042 -0.072
0.082 0.078 0.108 0.121 0.072 0.030 -0.016 0.007 0.069 0.063 0.056 0.038 -0.016 0.016 -0.009 0.002 0.062 0.075 0.072 0.045 0.093 0.065 0.069 0.094 0.065 0.029 0.041 0.095 0.095 0.024 -0.089 -0.133 -0.082 -0.034 0.026 -0.055 -0.102 -0.072 -0.050 -0.053 -0.035 -0.083 -0.108 -0.164 -0.180 -0.193 -0.094 -0.073 -0.095 -0.156
0.045 0.041 0.067 0.079 0.036 0.003 -0.034 -0.016 0.033 0.029 0.024 0.008 -0.035 -0.010 -0.030 -0.018 0.027 0.038 0.036 0.013 0.054 0.030 0.033 0.055 0.030 -0.000 0.010 0.056 0.056 -0.000 -0.058 -0.087 -0.055 -0.032 0.004 -0.038 -0.072 -0.049 -0.038 -0.037 -0.027 -0.056 -0.070 -0.108 -0.120 -0.130 -0.062 -0.047 -0.062 -0.107
-0.044 -0.046 -0.027 -0.018 -0.049 -0.068 -0.087 -0.079 -0.052 -0.054 -0.055 -0.067 -0.089 -0.077 -0.088 -0.077 -0.055 -0.048 -0.049 -0.065 -0.037 -0.054 -0.052 -0.037 -0.053 -0.072 -0.066 -0.035 -0.035 -0.065 -0.034 -0.040 -0.039 -0.054 -0.057 -0.038 -0.050 -0.038 -0.046 -0.039 -0.040 -0.038 -0.036 -0.043 -0.048 -0.055 -0.037 -0.033 -0.036 -0.054
-0.012 -0.015 0.006 0.016 -0.018 -0.042 -0.067 -0.056 -0.022 -0.024 -0.026 -0.040 -0.068 -0.052 -0.066 -0.055 -0.026 -0.017 -0.018 -0.037 -0.005 -0.024 -0.022 -0.004 -0.023 -0.046 -0.039 -0.002 -0.002 -0.041 -0.037 -0.050 -0.040 -0.043 -0.034 -0.033 -0.053 -0.037 -0.039 -0.034 -0.032 -0.039 -0.042 -0.059 -0.066 -0.074 -0.040 -0.033 -0.039 -0.066
-0.064 -0.065 -0.049 -0.041 -0.067 -0.083 -0.096 -0.092 -0.071 -0.072 -0.072 -0.083 -0.099 -0.091 -0.099 -0.088 -0.074 -0.067 -0.068 -0.082 -0.058 -0.073 -0.071 -0.057 -0.071 -0.088 -0.083 -0.055 -0.055 -0.077 -0.018 -0.017 -0.026 -0.054 -0.069 -0.030 -0.035 -0.027 -0.040 -0.032 -0.036 -0.024 -0.017 -0.014 -0.017 -0.023 -0.021 -0.020 -0.019 -0.029
0.078 0.074 0.103 0.115 0.068 0.029 -0.015 0.007 0.064 0.059 0.053 0.035 -0.015 0.015 -0.009 0.003 0.058 0.070 0.068 0.042 0.088 0.061 0.064 0.089 0.061 0.027 0.038 0.090 0.090 0.023 -0.070 -0.109 -0.064 -0.025 0.026 -0.041 -0.083 -0.056 -0.038 -0.039 -0.024 -0.065 -0.086 -0.136 -0.151 -0.163 -0.074 -0.056 -0.075 -0.131
0.151 0.146 0.181 0.196 0.138 0.087 0.027 0.058 0.135 0.128 0.118 0.097 0.028 0.070 0.038 0.050 0.127 0.142 0.139 0.106 0.164 0.131 0.135 0.165 0.130 0.086 0.101 0.165 0.165 0.076 -0.097 -0.156 -0.084 -0.010 0.076 -0.046 -0.108 -0.070 -0.036 -0.042 -0.017 -0.086 -0.122 -0.199 -0.220 -0.236 -0.101 -0.074 -0.103 -0.183
0.282 0.274 0.321 0.340 0.262 0.188 0.100 0.147 0.260 0.248 0.232 0.205 0.102 0.167 0.119 0.131 0.248 0.268 0.264 0.219 0.298 0.254 0.260 0.300 0.252 0.191 0.212 0.299 0.299 0.166 -0.158 -0.256 -0.131 0.010 0.161 -0.066 -0.164 -0.108 -0.043 -0.059 -0.014 -0.136 -0.199 -0.328 -0.361 -0.383 -0.163 -0.118 -0.168 -0.292
0.308 0.300 0.350 0.369 0.288 0.208 0.113 0.164 0.285 0.273 0.255 0.227 0.117 0.186 0.134 0.147 0.273 0.294 0.289 0.242 0.326 0.279 0.285 0.327 0.277 0.212 0.234 0.326 0.326 0.184 -0.175 -0.282 -0.145 0.011 0.177 -0.074 -0.180 -0.120 -0.048 -0.066 -0.017 -0.151 -0.220 -0.361 -0.397 -0.420 -0.181 -0.131 -0.186 -0.321
0.318 0.310 0.360 0.380 0.297 0.215 0.117 0.169 0.294 0.281 0.263 0.234 0.120 0.192 0.138 0.151 0.281 0.303 0.298 0.250 0.336 0.288 0.295 0.338 0.286 0.219 0.242 0.336 0.336 0.189 -0.189 -0.300 -0.156 0.008 0.181 -0.083 -0.193 -0.130 -0.055 -0.074 -0.023 -0.163 -0.236 -0.383 -0.420 -0.444 -0.194 -0.143 -0.200 -0.340
0.110 0.106 0.137 0.151 0.099 0.054 0.004 0.029 0.096 0.090 0.082 0.063 0.004 0.039 0.012 0.024 0.088 0.102 0.099 0.070 0.121 0.092 0.096 0.123 0.092 0.053 0.066 0.123 0.123 0.047 -0.081 -0.129 -0.072 -0.018 0.048 -0.042 -0.094 -0.062 -0.037 -0.040 -0.021 -0.074 -0.101 -0.163 -0.181 -0.194 -0.085 -0.063 -0.087 -0.153
0.068 0.064 0.092 0.104 0.058 0.022 -0.019 0.001 0.055 0.050 0.045 0.027 -0.020 0.008 -0.014 -0.002 0.049 0.061 0.059 0.033 0.077 0.052 0.055 0.079 0.052 0.019 0.030 0.080 0.080 0.017 -0.059 -0.093 -0.055 -0.023 0.021 -0.034 -0.073 -0.047 -0.033 -0.033 -0.020 -0.056 -0.074 -0.118 -0.131 -0.143 -0.063 -0.046 -0.063 -0.115
0.118 0.113 0.146 0.159 0.106 0.061 0.009 0.035 0.103 0.097 0.089 0.069 0.009 0.045 0.017 0.029 0.096 0.109 0.107 0.077 0.129 0.099 0.103 0.131 0.099 0.059 0.073 0.131 0.131 0.052 -0.082 -0.132 -0.073 -0.015 0.054 -0.042 -0.095 -0.062 -0.036 -0.039 -0.019 -0.075 -0.103 -0.168 -0.186 -0.200 -0.087 -0.063 -0.088 -0.157
0.219 0.212 0.254 0.271 0.202 0.137 0.060 0.101 0.199 0.189 0.176 0.151 0.062 0.118 0.076 0.088 0.189 0.207 0.203 0.163 0.233 0.194 0.199 0.235 0.193 0.139 0.157 0.234 0.234 0.119 -0.148 -0.231 -0.126 -0.010 0.116 -0.072 -0.156 -0.107 -0.054 -0.066 -0.029 -0.131 -0.183 -0.292 -0.321 -0.340 -0.153 -0.115 -0.157 -0.264
