-0.3	0.5	0.9
-0.3	0.5	0.9
-0.14644 1.00856 0.76114 
0.03305 1.51481 0.78849 
0.27177 2.31581 0.63985 
0.64722 2.91893 0.64453 
1.02399 3.89826 0.74249 
1.50697 4.60084 0.80958 
2.01729 5.42232 0.85649 
2.49073 6.10219 0.99738 
2.96177 6.88774 0.93849 
3.44133 7.57055 1.10675 
3.90202 8.19833 1.25403 
4.31808 8.94617 1.20384 
4.81032 9.44342 1.19025 
5.25899 10.00604 1.36002 
5.62799 10.64550 1.36796 
6.01389 11.16211 1.55955 
6.39105 11.76718 1.71337 
6.80940 12.19585 1.94290 
7.17719 12.67961 1.96450 
7.51623 13.15771 2.01757 
7.88685 13.48223 1.99935 
8.23198 13.85685 2.08603 
8.57331 14.28831 2.21358 
8.91100 14.61234 2.25924 
9.18582 15.11443 2.30249 
9.47484 15.54233 2.42504 
9.83033 15.78858 2.56104 
10.08245 16.24485 2.52819 
10.41361 16.57446 2.63545 
10.68858 17.03590 2.61788 
10.98689 17.22239 2.72967 
11.20642 17.63288 2.76636 
11.49277 17.98162 2.94214 
11.74583 18.39270 2.99596 
12.04426 18.62204 3.20449 
12.28426 19.10420 3.23475 
12.58616 19.44086 3.38689 
12.83442 19.79507 3.52636 
13.08665 20.14710 3.62154 
13.30402 20.54221 3.66221 
13.50347 20.96365 3.68360 
13.69263 21.44887 3.73749 
13.93361 21.71154 3.89148 
14.19190 21.99548 3.96650 
14.38078 22.45968 3.97936 
14.60390 22.78721 4.01690 
14.83802 23.11293 4.15348 
15.12816 23.23838 4.33624 
15.32558 23.66394 4.39739 
15.57092 23.92760 4.48519 
15.80074 24.21009 4.38961 
16.01216 24.56827 4.36679 
16.25742 24.86341 4.49323 
16.43502 25.22250 4.59121 
16.59338 25.65834 4.45111 
16.80321 25.95547 4.52175 
17.04187 26.16801 4.65369 
17.25817 26.38412 4.76235 
17.44214 26.69435 4.85602 
17.63356 26.97506 4.86962 
17.83844 27.34305 4.68295 
18.03953 27.66393 4.86672 
18.20481 28.04120 4.90870 
18.43176 28.28144 4.85900 
18.61301 28.68498 4.77062 
18.79081 28.95073 4.92794 
19.02163 29.13211 5.09162 
19.17195 29.62282 4.99370 
19.39612 29.83987 5.10106 
19.56212 30.13023 5.19922 
19.70167 30.56466 5.17271 
19.86261 30.82782 5.16214 
20.07898 31.05174 5.32033 
20.25686 31.39277 5.28913 
20.45040 31.59487 5.40696 
20.64286 31.88196 5.50049 
20.86740 31.99242 5.65964 
21.04634 32.25827 5.74503 
21.21943 32.60030 5.73001 
21.32518 33.04913 5.68356 
21.53238 33.18640 5.85244 
21.72891 33.43097 5.92522 
21.90994 33.60363 6.00297 
22.10419 33.80873 6.16147 
22.23141 34.12215 6.19471 
22.43867 34.32624 6.27747 
22.62964 34.51266 6.35958 
22.79383 34.84712 6.42221 
22.99154 35.01929 6.38407 
23.16057 35.29893 6.37105 
23.33553 35.57343 6.39522 
23.54391 35.83935 6.48577 
23.71432 36.09569 6.56518 
23.89107 36.37669 6.60841 
24.09040 36.63845 6.61453 
24.22931 36.99839 6.65678 
24.37980 37.27539 6.77807 
24.51708 37.62992 6.79921 
24.67481 37.90347 6.82463 
24.85224 38.05837 6.86139 
