1.1733008605858113
0.9685566171127978
0.8172558325344665
0.6971089060937046
0.5934145093875284
0.5162954959047676
0.4469730889268612
0.40120126049993265
0.3678761699973462
0.3441262336479288
0.3208579233765608
0.2996260621002243
0.2845060391052035
0.26747015622339265
0.2567929734993713
0.25274533974045416
0.23950181989727165
0.2351635363756891
0.22439784914638358
0.21639303802655474
0.21980060186824674
0.20786824708705542
0.2028118563264812
0.1999077493191989
0.19494836637464316
0.19164814019430906
0.1887086126886845
0.18101021618732252
0.18714873817676284
0.18466562076866777
0.17903091841721455
0.17629663359260878
0.1735318849570752
0.16761047433018905
0.16875545173053078
0.16738732466845208
0.1687454706057097
0.16437301850818586
0.1638268586839124
0.1616938371298801
0.15700876528157795
0.15040410520442857
0.15776136442035232
0.155009221725736
0.1526133214681125
0.15031586755447904
0.14926661394474244
0.15235731129361976
0.149142211836978
0.14955302576650853
0.14417553595505983
0.1449162374245233
0.14333490483734412
0.1401857427347221
0.14036498696682279
0.14241920465963284
0.14284989883005397
0.13917020918221326
0.13955065271321399
0.14341412007985282
0.13945355371197793
0.13903983445558715
0.1386453050983438
0.13517950823016897
0.13434586035252302
0.13512727265555405
0.1375877267255505
0.1302319780046537
0.13866845030052025
0.1307352692737268
0.12988417920951664
0.13183302018391918
0.1311430574695595
0.1290604333414192
0.13338712493915642
0.13162309721552815
0.13696109863166278
0.12575104430874054
0.13061580451945282
0.12481265262026071
0.129933045580117
0.12928126111839772
0.12608236637337275
0.12683862635733334
0.12408021244890356
0.12821150153355187
0.13273161423357918
0.12166346253015199
0.1266725924745782
0.12173868465007183
0.12524519563068146
0.12490857679016579
0.12223749025494628
0.12115674059860704
0.12673829782724155
0.12071978260602492
0.11832291504823897
0.11857491679484919
0.11816949655865644
0.12234665451882477
