3.701
3.712
3.724
3.736
3.748
3.760
3.772
3.784
3.796
3.808
3.820
3.832
3.844
3.856
3.868
3.880
3.892
3.904
3.916
3.928
3.940
3.952
3.964
3.976
3.988
4.000
4.012
4.024
4.036
4.048
4.060
4.072
4.084
4.096
4.108
4.120
4.132
4.144
4.156
4.168
4.180
4.192
4.204
4.216
4.228
4.240
4.252
4.264
4.276
4.288
4.299
4.311
4.323
4.335
4.347
4.359
4.371
4.383
4.395
4.407
4.418
4.430
4.442
4.454
4.466
4.478
4.490
4.501
4.513
4.525
4.537
4.549
4.560
4.572
4.584
4.596
4.607
4.619
4.631
4.642
4.654
4.666
4.677
4.689
4.701
4.712
4.724
4.736
4.747
4.759
4.770
4.782
4.793
4.805
4.816
4.828
4.839
4.851
4.862
4.874
4.885
4.897
4.908
4.919
4.931
4.942
4.953
4.965
4.976
4.987
4.998
5.010
5.021
5.032
5.043
5.054
5.066
5.077
5.088
5.099
5.110
5.121
5.132
5.143
5.154
5.165
5.176
5.187
5.198
5.209
5.220
5.231
5.242
5.252
5.263
5.274
5.285
5.296
5.306
5.317
5.328
5.338
5.349
5.360
5.370
5.381
5.391
5.402
5.412
5.423
5.433
5.444
5.454
5.465
5.475
5.485
5.496
5.506
5.516
5.527
5.537
5.547
5.557
5.567
5.578
5.588
5.598
5.608
5.618
5.628
5.638
5.648
5.658
5.668
5.678
5.688
5.697
5.707
5.717
5.727
5.737
5.746
5.756
5.766
5.775
5.785
5.795
5.804
5.814
5.823
5.833
5.842
5.852
5.861
5.870
5.880
5.889
5.898
5.908
5.917
5.926
5.935
5.945
5.954
5.963
5.972
5.981
5.990
5.999
6.008
6.017
6.026
6.035
6.044
6.053
6.061
6.070
6.079
6.088
6.096
6.105
6.114
6.122
6.131
6.140
6.148
6.157
6.165
6.174
6.182
6.191
6.199
6.207
6.216
6.224
6.232
6.240
6.249
6.257
6.265
6.273
6.281
6.289
6.297
6.305
6.313
6.321
6.329
6.337
6.345
6.353
6.361
6.369
6.376
6.384
6.392
6.400
6.407
6.415
6.423
6.430
6.438
6.445
6.453
6.460
6.468
6.475
6.482
6.490
6.497
6.504
6.512
6.519
6.526
6.533
6.541
6.548
6.555
6.562
6.569
6.576
6.583
6.590
6.597
6.604
6.611
6.618
6.625
6.631
6.638
6.645
6.652
6.658
6.665
6.672
6.678
6.685
6.692
6.698
6.705
6.711
6.718
6.724
6.730
6.737
6.743
6.750
6.756
6.762
6.768
6.775
6.781
6.787
6.793
6.799
6.805
6.812
6.818
6.824
6.830
6.836
6.842
6.848
6.853
6.859
6.865
6.871
6.877
6.883
6.888
6.894
6.900
6.905
6.911
6.917
6.922
6.928
6.934
6.939
6.945
6.950
6.956
6.961
6.966
6.972
6.977
6.982
6.988
6.993
6.998
7.004
7.009
7.014
7.019
7.024
7.029
7.035
7.040
7.045
7.050
7.055
7.060
7.065
7.070
7.075
7.079
7.084
7.089
7.094
7.099
7.104
7.108
7.113
7.118
7.123
7.127
7.132
7.137
7.141
7.146
7.150
7.155
7.159
7.164
7.168
7.173
7.177
7.182
7.186
7.190
7.195
7.199
7.203
7.208
7.212
7.216
7.220
7.225
7.229
7.233
7.237
7.241
7.245
7.250
7.254
7.258
7.262
7.266
7.270
7.274
7.278
7.282
7.285
7.289
7.293
7.297
7.301
7.305
7.309
7.312
7.316
7.320
7.324
7.327
7.331
7.335
7.338
7.342
7.346
7.349
7.353
7.356
7.360
7.363
7.367
7.370
7.374
7.377
7.381
7.384
7.388
7.391
7.394
7.398
7.401
7.404
7.408
7.411
7.414
7.417
7.421
7.424
7.427
7.430
7.433
7.437
7.440
7.443
7.446
7.449
7.452
7.455
7.458
7.461
7.464
7.467
7.470
7.473
7.476
7.479
7.482
7.485
7.488
7.491
7.493
7.496
7.499
7.502
7.505
7.507
7.510
7.513
7.516
7.518
7.521
7.524
7.526
7.529
7.532
7.534
7.537
7.540
7.542
7.545
7.547
7.550
7.553
7.555
7.558
7.560
7.563
7.565
7.567
7.570
7.572
7.575
7.577
7.580
7.582
7.584
7.587
7.589
7.591
7.594
7.596
7.598
7.601
7.603
7.605
7.607
7.610
7.612
7.614
7.616
7.618
7.621
7.623
7.625
7.627
7.629
7.631
7.633
7.635
7.638
7.640
7.642
7.644
7.646
7.648
7.650
7.652
7.654
7.656
7.658
7.660
7.662
7.664
7.666
7.667
7.669
7.671
7.673
7.675
7.677
7.679
7.681
7.682
7.684
7.686
7.688
7.690
7.691
7.693
7.695
7.697
7.698
7.700
7.702
7.704
7.705
7.707
7.709
7.710
7.712
7.714
7.715
7.717
7.719
7.720
7.722
7.724
7.725
7.727
7.728
7.730
7.731
7.733
7.735
7.736
7.738
7.739
7.741
7.742
7.744
7.745
7.747
7.748
7.750
7.751
7.752
7.754
7.755
7.757
7.758
7.760
7.761
7.762
7.764
7.765
7.766
7.768
7.769
7.770
7.772
7.773
7.774
7.776
7.777
7.778
7.780
7.781
7.782
7.783
7.785
7.786
7.787
7.788
7.790
7.791
7.792
7.793
7.795
7.796
7.797
7.798
7.799
7.800
7.802
7.803
7.804
7.805
7.806
7.807
7.808
7.810
7.811
7.812
7.813
7.814
7.815
7.816
7.817
7.818
7.819
7.820
7.821
7.823
7.824
7.825
7.826
7.827
7.828
7.829
7.830
7.831
7.832
7.833
7.834
7.835
7.836
7.837
7.838
7.838
7.839
7.840
7.841
7.842
7.843
7.844
7.845
7.846
7.847
7.848
7.849
7.849
7.850
7.851
7.852
7.853
7.854
7.855
7.856
7.856
7.857
7.858
7.859
7.860
7.861
7.861
7.862
7.863
7.864
7.865
7.865
7.866
7.867
7.868
7.869
7.869
7.870
7.871
7.872
7.872
7.873
7.874
7.875
7.875
7.876
7.877
7.878
7.878
7.879
7.880
7.880
7.881
7.882
7.883
7.883
7.884
7.885
7.885
7.886
7.887
7.887
7.888
7.889
7.889
7.890
7.891
7.891
7.892
7.892
7.893
7.894
7.894
7.895
7.896
7.896
7.897
7.897
7.898
7.899
7.899
7.900
7.900
7.901
7.902
7.902
7.903
7.903
7.904
7.904
7.905
7.906
7.906
7.907
7.907
7.908
7.908
7.909
7.909
7.910
7.911
7.911
7.912
7.912
7.913
7.913
7.914
7.914
7.915
7.915
7.916
7.916
7.917
7.917
7.918
7.918
7.919
7.919
7.920
7.920
7.921
7.921
7.921
7.922
7.922
7.923
7.923
7.924
7.924
7.925
7.925
7.926
7.926
7.926
7.927
7.927
7.928
7.928
7.929
7.929
7.929
7.930
7.930
7.931
7.931
7.932
7.932
7.932
7.933
7.933
7.934
7.934
7.934
7.935
7.935
7.935
7.936
7.936
7.937
7.937
7.937
7.938
7.938
7.938
7.939
7.939
7.940
7.940
7.940
7.941
7.941
7.941
7.942
7.942
7.942
7.943
7.943
7.943
7.944
7.944
7.944
7.945
7.945
7.945
7.946
7.946
7.946
7.947
7.947
7.947
7.948
7.948
7.948
7.949
7.949
7.949
7.949
7.950
7.950
7.950
7.951
7.951
7.951
7.952
7.952
7.952
7.952
7.953
7.953
7.953
7.954
7.954
7.954
7.954
7.955
7.955
7.955
7.955
7.956
7.956
7.956
7.956
7.957
7.957
7.957
7.957
7.958
7.958
7.958
7.958
7.959
7.959
7.959
7.959
7.960
7.960
7.960
7.960
7.961
7.961
7.961
7.961
7.962
7.962
7.962
7.962
7.962
7.963
7.963
7.963
7.963
7.964
7.964
7.964
7.964
7.964
7.965
7.965
7.965
7.965
7.966
7.966
7.966
7.966
7.966
7.967
7.967
7.967
7.967
7.967
7.968
7.968
7.968
7.968
7.968
7.968
7.969
7.969
7.969
7.969
7.969
7.970
7.970
7.970
7.970
7.970
7.970
7.971
7.971
7.971
7.971
7.971
7.972
7.972
7.972
7.972
7.972
7.972
7.973
7.973
7.973
7.973
7.973
7.973
7.973
7.974
7.974
7.974
7.974
7.974
7.974
7.975
7.975
7.975
7.975
7.975
7.975
7.975
7.976
7.976
7.976
7.976
7.976
7.976
7.976
7.977
7.977
7.977
7.977
7.977
7.977
7.977
7.978
7.978
7.978
7.978
7.978
7.978
7.978
7.978
7.979
7.979
7.979
7.979
7.979
7.979
7.979
7.979
7.980
7.980
7.980
7.980
