3.409
3.553
3.850
3.772
3.796
3.576
3.797
3.805
3.764
3.755
4.016
3.704
4.001
3.991
3.965
3.815
3.928
3.989
3.802
4.015
4.061
4.110
4.175
4.208
4.188
4.193
4.417
4.280
4.353
4.317
4.306
4.547
4.372
4.424
4.344
4.272
4.464
4.378
4.683
4.475
4.640
4.743
4.571
4.673
4.596
4.570
4.747
4.752
4.753
4.633
4.867
4.680
4.728
5.078
4.720
4.801
4.751
5.037
4.942
4.951
5.062
4.882
4.846
5.161
5.179
5.231
5.125
5.212
5.052
5.351
5.314
5.149
5.351
5.403
5.269
5.601
5.359
5.526
5.352
5.173
5.475
5.468
5.635
5.600
5.639
5.632
5.695
5.560
5.619
5.470
5.735
5.585
5.713
5.689
5.705
5.626
5.754
5.635
5.749
6.016
5.727
5.893
5.761
5.968
5.715
5.837
6.068
5.947
6.165
5.982
6.149
6.072
5.951
6.107
6.094
6.080
6.083
6.346
5.995
6.061
6.105
6.188
5.958
6.088
6.090
6.161
6.145
6.366
6.334
6.216
6.029
6.451
6.192
6.050
6.184
6.161
6.334
6.524
6.231
6.299
6.470
6.537
6.418
6.392
6.478
6.681
6.511
6.384
6.313
6.571
6.548
6.409
6.605
6.641
6.459
6.603
6.464
6.737
6.599
6.684
6.587
6.620
6.586
6.721
6.687
6.681
6.632
6.724
6.582
6.647
6.696
6.699
6.890
6.808
6.821
6.631
6.553
6.763
6.777
6.608
6.828
6.747
6.916
6.611
6.790
6.687
7.109
6.919
6.907
6.891
6.710
6.955
6.843
6.737
6.908
6.881
6.831
6.824
6.973
6.971
6.838
6.887
7.065
6.995
6.913
6.873
6.902
6.877
7.020
6.963
7.154
7.108
7.031
7.323
7.101
7.169
7.138
6.959
7.008
6.972
7.177
7.027
7.280
7.062
7.109
7.071
6.992
7.092
7.058
7.092
7.110
7.230
7.322
7.282
7.107
7.135
7.209
7.087
7.218
7.302
7.238
7.281
7.262
7.254
7.207
7.395
7.232
7.271
7.325
7.345
7.220
7.469
7.218
7.326
7.389
7.225
7.413
7.354
7.347
7.232
7.395
7.212
7.340
7.499
7.377
7.279
7.267
7.286
7.557
7.355
7.321
7.276
7.525
7.320
7.589
7.482
7.489
7.274
7.230
7.134
7.364
7.504
7.487
7.580
7.607
7.541
7.318
7.421
7.412
7.353
7.593
7.503
7.398
7.504
7.663
7.403
7.629
7.438
7.724
7.296
7.532
7.403
7.508
7.659
7.475
7.547
7.777
7.553
7.709
7.548
7.654
7.765
7.786
7.683
7.602
7.630
7.441
7.637
7.732
7.534
7.709
7.785
7.752
7.736
7.568
7.620
7.657
7.653
7.766
7.755
7.612
7.693
7.641
7.889
7.822
7.574
7.689
7.914
7.719
7.654
7.912
7.631
7.616
7.666
7.570
7.467
7.820
7.685
7.692
7.730
7.765
7.582
7.786
7.773
7.742
7.753
7.669
7.866
7.671
7.867
7.747
7.719
7.750
7.912
7.689
7.653
7.828
7.738
7.719
7.796
7.810
7.783
7.729
7.731
7.762
7.938
7.876
7.755
7.770
7.699
7.837
7.823
7.866
7.942
7.940
7.781
7.721
7.793
7.888
7.841
7.842
7.891
7.913
7.796
7.776
7.780
7.775
7.839
7.965
7.949
7.948
7.791
7.723
7.941
8.006
8.094
8.009
7.898
8.069
8.037
7.928
8.148
8.026
7.944
7.821
8.056
8.042
7.844
7.991
8.050
7.924
8.028
7.824
7.984
8.027
7.924
7.913
8.044
7.995
8.150
7.879
8.131
7.976
7.886
8.142
7.957
7.998
7.824
7.952
7.884
7.964
8.166
8.090
8.147
7.969
8.026
8.082
7.885
7.963
8.147
8.066
8.078
8.217
8.172
8.026
8.212
7.960
8.015
7.942
8.071
8.012
7.925
8.119
8.132
7.913
8.042
8.202
8.071
8.060
7.937
8.283
8.091
8.154
8.079
8.009
8.100
8.094
8.278
8.123
7.941
8.105
8.151
8.090
8.028
8.092
8.175
8.043
8.106
8.093
7.944
7.966
8.156
8.048
8.204
8.318
8.151
7.926
8.191
8.106
8.157
8.125
8.157
8.170
8.084
8.215
8.286
8.277
8.215
8.011
8.105
8.045
8.128
8.172
8.215
8.207
7.981
8.096
8.187
8.188
8.211
8.062
8.378
8.071
8.269
8.456
8.100
8.025
8.267
8.350
8.271
8.157
8.067
8.198
8.224
8.013
8.124
8.298
8.370
8.252
8.287
8.407
8.344
8.126
8.438
8.115
8.163
8.217
8.297
8.365
8.284
8.142
8.135
8.171
8.322
8.365
8.217
8.079
8.385
8.124
8.199
8.372
8.265
8.146
8.113
8.139
8.247
8.207
8.145
8.422
8.157
8.132
8.337
8.355
8.343
8.238
8.351
8.236
8.201
8.331
8.326
8.291
8.314
8.305
8.332
8.102
8.173
8.226
8.194
8.405
8.380
8.345
8.283
8.185
8.186
8.255
8.429
8.167
8.586
8.190
8.238
8.345
8.336
8.378
8.138
8.401
8.379
8.357
8.269
8.305
8.470
8.256
8.417
8.263
8.351
8.271
8.343
8.275
8.402
8.398
8.379
8.424
8.323
8.372
8.346
8.413
8.192
8.224
8.451
8.460
8.511
8.213
8.384
8.325
8.292
8.501
8.343
8.500
8.402
8.367
8.430
8.294
8.310
8.414
8.527
8.390
8.407
8.335
8.143
8.237
8.387
8.405
8.182
8.265
8.341
8.486
8.162
8.492
8.514
8.504
8.430
8.433
8.400
8.601
8.392
8.468
8.273
8.614
8.226
8.386
8.503
8.476
8.454
8.480
8.519
8.354
8.363
8.510
8.201
8.261
8.379
8.309
8.574
8.356
8.368
8.568
8.590
8.386
8.583
8.390
8.317
8.320
8.347
8.414
8.419
8.575
8.444
8.503
8.472
8.479
8.273
8.350
8.354
8.387
8.492
8.431
8.300
8.595
8.487
8.335
8.209
8.319
8.296
8.410
8.604
8.418
8.480
8.468
8.347
8.456
8.455
8.442
8.465
8.288
8.541
8.559
8.579
8.375
8.447
8.505
8.378
8.553
8.351
8.555
8.460
8.455
8.370
8.537
8.492
8.579
8.544
8.421
8.564
8.458
8.361
8.582
8.424
8.373
8.449
8.612
8.546
8.599
8.481
8.562
8.372
8.697
8.516
8.393
8.384
8.570
8.481
8.487
8.522
8.395
8.356
8.422
8.610
8.447
8.419
8.546
8.462
8.530
8.476
8.448
8.341
8.554
8.316
8.428
8.457
8.328
8.491
8.514
8.453
8.260
8.470
8.417
8.621
8.519
8.508
8.279
8.505
8.577
8.582
8.469
8.564
8.571
8.623
8.570
8.586
8.424
8.586
8.375
8.423
8.454
8.496
8.540
8.471
8.426
8.882
8.473
8.588
8.485
8.532
8.646
8.502
8.439
8.440
8.395
8.515
8.506
8.537
8.711
8.570
8.655
8.557
8.419
8.391
8.408
8.578
8.606
8.631
8.564
8.652
8.592
8.589
8.530
8.532
8.488
8.738
8.405
8.506
8.541
8.599
8.474
8.576
8.494
8.466
8.561
8.454
8.609
8.488
8.423
8.399
8.605
8.652
8.566
8.395
8.681
8.828
8.603
8.510
8.685
8.508
8.317
8.495
8.675
8.484
8.555
8.752
8.629
8.441
8.701
8.507
8.528
8.376
8.632
8.528
8.583
8.865
8.683
8.597
8.656
8.735
8.627
8.589
8.573
8.498
8.539
8.657
8.488
8.557
8.653
8.532
8.538
8.487
8.659
8.627
8.566
8.579
8.572
8.610
8.648
8.558
8.568
8.695
8.591
8.538
8.506
8.703
8.585
8.524
8.595
8.687
8.554
8.599
8.605
8.540
8.545
8.714
8.501
8.626
8.663
8.624
8.728
8.690
8.650
8.416
8.540
8.604
8.605
8.643
8.529
8.589
8.841
8.564
8.677
8.610
8.642
8.621
8.533
8.760
8.556
8.701
8.626
8.633
8.635
8.671
8.403
8.813
8.604
8.734
8.691
8.661
8.905
8.661
8.705
8.568
8.580
8.769
8.644
8.562
8.480
8.565
8.615
8.583
8.608
8.720
8.560
8.761
8.550
8.677
8.679
8.449
8.669
8.559
8.583
8.734
8.677
8.802
8.776
8.649
8.475
8.696
8.695
8.458
8.505
8.660
8.680
8.779
8.685
8.670
8.661
8.708
8.592
8.644
8.571
8.639
8.629
8.681
8.619
8.718
8.590
8.830
8.789
8.759
8.666
8.864
8.668
8.689
8.471
8.483
8.522
8.688
8.682
8.745
8.564
8.639
8.821
8.630
8.671
8.639
8.463
8.786
8.729
8.543
