6.041
6.320
6.618
6.942
7.271
7.635
8.014
8.416
8.844
9.300
9.778
10.279
10.813
11.371
11.956
12.567
13.203
13.867
14.549
15.259
15.986
16.732
17.493
18.268
19.052
19.845
20.644
21.444
22.240
23.036
23.824
24.603
25.368
26.122
26.854
27.572
28.266
28.938
29.587
30.213
30.812
31.385
31.932
32.453
32.946
33.416
33.859
34.281
34.681
35.054
35.407
35.737
36.052
36.354
36.630
36.891
37.139
37.372
37.598
37.802
37.997
38.182
38.358
38.525
38.680
38.832
38.971
39.106
39.232
39.351
39.466
39.573
39.680
39.778
39.873
39.965
40.053
40.133
40.210
40.285
40.358
40.426
40.493
40.557
40.622
40.678
40.738
40.786
40.838
40.894
40.940
40.987
41.032
41.078
41.116
41.157
41.197
41.235
41.272
41.307
41.339
41.371
41.404
41.434
41.466
41.495
41.523
41.552
41.576
41.602
41.626
41.652
41.673
41.694
41.719
41.740
41.758
41.779
41.800
41.819
41.836
41.856
41.874
41.889
41.906
41.923
41.937
41.950
41.966
41.983
41.997
42.011
42.024
42.035
42.047
42.063
42.074
42.084
42.093
42.106
42.118
42.126
42.138
42.145
42.159
42.165
42.176
42.186
42.193
42.204
42.212
42.220
42.224
42.237
42.243
42.249
42.259
42.262
42.271
42.278
42.283
42.291
42.298
42.304
42.311
42.315
42.321
42.326
42.332
42.337
42.340
42.345
42.352
42.360
42.363
42.366
42.370
42.376
42.379
42.385
42.389
42.390
42.394
42.398
42.402
42.407
42.408
42.415
42.418
42.419
42.425
42.425
42.428
42.433
42.438
42.439
42.441
42.445
42.446
42.449
42.452
42.456
42.457
42.459
42.462
42.464
42.466
42.468
42.473
42.476
42.476
42.477
42.480
42.479
42.482
42.485
42.487
42.488
42.490
42.491
42.493
42.496
42.496
42.500
42.500
42.502
42.504
42.506
42.507
42.508
42.509
42.511
42.511
42.514
42.514
42.513
42.518
42.517
42.517
42.518
42.521
42.520
42.524
42.523
42.525
42.526
42.525
42.526
42.529
42.529
42.531
42.532
42.533
42.533
42.533
42.536
42.535
42.535
42.535
42.538
42.537
42.538
42.539
42.540
42.540
42.541
42.541
42.544
42.541
42.542
42.542
42.544
42.545
42.545
42.546
42.547
42.548
42.547
42.549
42.548
42.548
42.550
42.549
42.552
42.553
42.551
42.552
42.554
42.553
42.552
42.552
42.553
42.553
42.554
42.553
42.554
42.555
42.556
42.556
42.558
42.554
42.557
42.557
42.557
42.557
42.558
42.557
42.559
42.558
42.560
42.561
42.560
42.559
42.561
42.561
42.560
42.562
42.561
42.562
42.561
42.562
42.562
42.561
42.562
42.563
42.562
42.562
42.564
42.562
42.562
42.564
42.564
42.564
42.564
42.564
42.567
42.564
42.564
42.563
42.565
42.566
42.565
42.564
42.566
42.564
42.565
42.565
42.566
42.564
42.564
42.564
42.564
42.566
42.567
42.566
42.564
42.567
42.568
42.567
42.568
42.568
42.567
42.567
42.567
42.569
42.566
42.568
42.567
42.566
42.568
42.569
42.569
42.569
42.569
42.568
42.567
42.567
42.568
42.567
42.567
42.568
42.568
42.571
42.569
42.569
42.569
42.570
42.569
42.568
42.570
42.568
42.569
42.569
42.569
42.571
42.569
42.568
42.570
42.569
42.568
42.570
42.569
42.570
42.568
42.572
42.568
42.567
42.571
42.569
42.568
42.571
42.570
42.568
42.571
42.567
42.569
42.569
42.569
42.572
42.570
42.570
42.569
42.569
42.568
42.571
42.570
42.569
42.571
42.569
42.570
42.571
42.570
42.569
42.569
42.571
42.573
42.568
42.571
42.571
42.570
42.570
42.569
42.570
42.569
42.570
42.570
42.571
42.569
42.571
42.570
42.571
42.571
42.570
42.572
42.573
42.572
42.573
42.571
42.569
42.570
42.570
42.572
42.570
42.570
42.571
42.570
42.570
42.571
42.570
42.569
42.569
42.573
42.570
42.571
42.569
42.571
42.570
42.570
42.570
42.572
42.571
42.569
42.571
42.571
42.570
42.572
42.571
42.571
42.571
42.570
42.571
42.570
42.571
42.571
42.571
42.571
42.572
42.570
42.571
42.572
42.572
42.571
42.571
42.572
42.571
42.571
42.570
42.571
42.572
42.570
42.571
42.570
42.571
42.572
42.571
42.570
42.571
42.570
42.573
42.571
42.571
42.569
42.571
42.572
42.572
42.571
42.571
42.572
42.571
42.571
42.571
42.571
42.572
42.571
42.570
42.571
42.571
42.570
42.572
42.569
42.569
42.571
42.570
42.571
42.570
42.573
42.570
42.573
42.570
42.571
42.573
42.570
42.572
42.573
42.574
42.571
42.571
42.571
42.570
42.572
42.570
42.571
42.573
42.572
42.571
42.568
42.571
42.570
42.571
42.571
42.570
42.571
42.569
42.569
42.572
42.572
42.571
42.571
42.571
42.573
42.570
42.573
42.572
42.571
42.571
42.572
42.572
42.570
42.570
42.573
42.571
42.571
42.570
42.571
42.573
42.571
42.571
42.571
42.572
42.572
42.571
42.570
42.570
42.571
42.572
42.571
42.571
42.572
42.571
42.572
42.571
42.570
42.572
42.570
42.568
42.571
42.571
42.572
42.571
42.572
42.572
42.571
42.570
42.572
42.571
42.573
42.571
42.571
42.570
42.569
42.569
42.570
42.571
42.571
42.570
42.572
42.571
42.571
42.572
42.570
42.571
42.570
42.571
42.571
42.570
42.571
42.571
42.574
42.571
42.572
42.570
42.573
42.570
42.571
42.571
42.570
42.571
42.571
42.573
42.571
42.571
42.572
42.573
42.572
42.570
42.570
42.571
42.570
42.571
42.573
42.571
42.571
42.571
42.572
42.570
42.573
42.571
42.571
42.572
42.571
42.571
42.571
42.573
42.571
42.571
42.571
42.572
42.572
42.572
42.572
42.571
42.571
42.572
42.570
42.571
42.570
42.570
42.572
42.572
42.571
42.571
42.572
42.571
42.572
42.572
42.570
42.572
42.570
42.570
42.571
42.573
42.574
42.572
42.571
42.571
42.573
42.572
42.572
42.571
42.571
42.571
42.573
42.573
42.571
42.570
42.570
42.571
42.572
42.571
42.570
42.570
42.573
42.571
42.573
42.571
42.571
42.572
42.572
42.572
42.570
42.569
42.573
42.572
42.571
42.572
42.572
42.571
42.570
42.570
42.570
42.571
42.572
42.573
42.571
42.571
42.572
42.571
42.571
42.572
42.571
42.571
42.569
42.572
42.568
42.571
42.571
42.573
42.572
42.570
42.570
42.571
42.572
42.572
42.571
42.571
42.572
42.571
42.572
42.569
42.571
42.570
42.573
42.572
42.572
42.573
42.571
42.571
42.571
42.572
42.572
42.570
42.571
42.570
42.571
42.571
42.571
42.570
42.569
42.571
42.571
42.572
42.570
42.571
42.572
42.571
42.569
42.571
42.571
42.572
42.571
42.572
42.571
42.570
42.570
42.572
42.570
42.570
42.572
42.569
42.572
42.572
42.571
42.571
42.570
42.570
42.571
42.571
42.572
42.571
42.571
42.571
42.572
42.570
42.572
42.572
42.572
42.571
42.570
42.573
42.571
42.571
42.571
42.571
42.572
42.572
42.570
42.571
42.572
42.571
42.570
42.569
42.572
42.574
42.569
42.572
42.572
42.571
42.572
42.571
42.571
42.571
42.572
42.570
42.570
42.570
42.570
42.570
42.572
42.569
42.573
42.571
42.570
42.570
42.571
42.571
42.571
42.570
42.572
42.571
42.570
42.569
42.570
42.571
42.572
42.573
42.571
42.571
42.572
42.571
42.570
42.571
42.571
42.569
42.571
42.571
42.570
42.571
42.573
42.570
42.571
42.571
42.571
42.572
42.571
42.571
42.572
42.572
42.572
42.572
42.569
42.571
42.571
42.571
42.570
42.571
42.568
42.571
42.570
42.570
42.571
42.573
42.569
42.572
42.572
42.571
42.572
42.569
42.571
42.571
42.572
42.571
42.572
42.572
42.572
42.571
42.572
42.571
42.571
42.570
42.573
42.571
42.572
42.572
42.571
42.570
42.570
42.572
42.569
42.570
42.571
42.572
42.570
42.570
42.570
42.571
42.570
42.571
42.571
42.571
42.572
42.572
42.570
42.573
42.570
42.572
42.572
42.571
42.573
42.570
42.571
42.572
42.571
42.573
42.572
42.571
42.571
42.570
42.572
42.571
42.569
42.572
42.571
42.571
42.571
42.572
42.571
42.571
42.572
42.571
42.572
42.570
42.572
42.570
42.571
42.570
42.570
42.570
42.570
42.571
42.572
42.571
42.572
42.569
42.572
42.572
42.569
42.571
42.571
42.572
42.571
42.572
42.572
42.570
42.571
42.571
42.571
42.570
42.570
42.570
42.572
42.571
42.570
42.571
42.572
