1.911
1.925
1.940
1.954
1.968
1.983
1.997
2.011
2.026
2.040
2.055
2.069
2.084
2.099
2.113
2.128
2.142
2.157
2.172
2.187
2.201
2.216
2.231
2.246
2.261
2.276
2.290
2.305
2.320
2.335
2.350
2.365
2.380
2.395
2.410
2.425
2.440
2.455
2.470
2.485
2.500
2.515
2.530
2.545
2.560
2.575
2.590
2.605
2.620
2.635
2.650
2.665
2.680
2.695
2.710
2.724
2.739
2.754
2.769
2.784
2.799
2.813
2.828
2.843
2.858
2.872
2.887
2.901
2.916
2.931
2.945
2.960
2.974
2.989
3.003
3.017
3.032
3.046
3.060
3.075
3.089
3.103
3.117
3.131
3.145
3.159
3.173
3.187
3.201
3.215
3.228
3.242
3.256
3.269
3.283
3.296
3.310
3.323
3.337
3.350
3.363
3.376
3.389
3.402
3.415
3.428
3.441
3.454
3.467
3.480
3.492
3.505
3.517
3.530
3.542
3.555
3.567
3.579
3.591
3.604
3.616
3.628
3.640
3.651
3.663
3.675
3.687
3.698
3.710
3.721
3.732
3.744
3.755
3.766
3.777
3.788
3.799
3.810
3.821
3.832
3.843
3.853
3.864
3.874
3.885
3.895
3.905
3.916
3.926
3.936
3.946
3.956
3.966
3.976
3.985
3.995
4.005
4.014
4.024
4.033
4.042
4.052
4.061
4.070
4.079
4.088
4.097
4.106
4.114
4.123
4.132
4.140
4.149
4.157
4.166
4.174
4.182
4.190
4.199
4.207
4.215
4.222
4.230
4.238
4.246
4.253
4.261
4.269
4.276
4.283
4.291
4.298
4.305
4.312
4.319
4.326
4.333
4.340
4.347
4.354
4.361
4.367
4.374
4.380
4.387
4.393
4.400
4.406
4.412
4.419
4.425
4.431
4.437
4.443
4.449
4.455
4.460
4.466
4.472
4.477
4.483
4.489
4.494
4.499
4.505
4.510
4.515
4.521
4.526
4.531
4.536
4.541
4.546
4.551
4.556
4.561
4.565
4.570
4.575
4.580
4.584
4.589
4.593
4.598
4.602
4.606
4.611
4.615
4.619
4.624
4.628
4.632
4.636
4.640
4.644
4.648
4.652
4.656
4.659
4.663
4.667
4.671
4.674
4.678
4.682
4.685
4.689
4.692
4.696
4.699
4.702
4.706
4.709
4.712
4.716
4.719
4.722
4.725
4.728
4.731
4.734
4.737
4.740
4.743
4.746
4.749
4.752
4.755
4.757
4.760
4.763
4.766
4.768
4.771
4.773
4.776
4.779
4.781
4.784
4.786
4.789
4.791
4.793
4.796
4.798
4.800
4.803
4.805
4.807
4.809
4.812
4.814
4.816
4.818
4.820
4.822
4.824
4.826
4.828
4.830
4.832
4.834
4.836
4.838
4.840
4.842
4.843
4.845
4.847
4.849
4.851
4.852
4.854
4.856
4.857
4.859
4.861
4.862
4.864
4.865
4.867
4.869
4.870
4.872
4.873
4.875
4.876
4.877
4.879
4.880
4.882
4.883
4.884
4.886
4.887
4.888
4.890
4.891
4.892
4.894
4.895
4.896
4.897
4.898
4.900
4.901
4.902
4.903
4.904
4.905
4.906
4.908
4.909
4.910
4.911
4.912
4.913
4.914
4.915
4.916
4.917
4.918
4.919
4.920
4.921
4.922
4.923
4.923
4.924
4.925
4.926
4.927
4.928
4.929
4.930
4.930
4.931
4.932
4.933
4.934
4.934
4.935
4.936
4.937
4.937
4.938
4.939
4.940
4.940
4.941
4.942
4.942
4.943
4.944
4.944
4.945
4.946
4.946
4.947
4.948
4.948
4.949
4.949
4.950
4.951
4.951
4.952
4.952
4.953
4.953
4.954
4.955
4.955
4.956
4.956
4.957
4.957
4.958
4.958
4.959
4.959
4.960
4.960
4.961
4.961
4.962
4.962
4.962
4.963
4.963
4.964
4.964
4.965
4.965
4.965
4.966
4.966
4.967
4.967
4.967
4.968
4.968
4.969
4.969
4.969
4.970
4.970
4.970
4.971
4.971
4.971
4.972
4.972
4.972
4.973
4.973
4.973
4.974
4.974
4.974
4.975
4.975
4.975
4.976
4.976
4.976
4.976
4.977
4.977
4.977
4.978
4.978
4.978
4.978
4.979
4.979
4.979
4.979
4.980
4.980
4.980
4.980
4.981
4.981
4.981
4.981
4.981
4.982
4.982
4.982
4.982
4.983
4.983
4.983
4.983
4.983
4.984
4.984
4.984
4.984
4.984
4.984
4.985
4.985
4.985
4.985
4.985
4.986
4.986
4.986
4.986
4.986
4.986
4.987
4.987
4.987
4.987
4.987
4.987
4.987
4.988
4.988
4.988
4.988
4.988
4.988
4.988
4.989
4.989
4.989
4.989
4.989
4.989
4.989
4.990
4.990
4.990
4.990
4.990
4.990
4.990
4.990
4.991
4.991
4.991
4.991
4.991
4.991
4.991
4.991
4.991
4.991
4.992
4.992
4.992
4.992
4.992
4.992
4.992
4.992
4.992
4.992
4.993
4.993
4.993
4.993
4.993
4.993
4.993
4.993
4.993
4.993
4.993
4.993
4.994
4.994
4.994
4.994
4.994
4.994
4.994
4.994
4.994
4.994
4.994
4.994
4.994
4.994
4.995
4.995
4.995
4.995
4.995
4.995
4.995
4.995
4.995
4.995
4.995
4.995
4.995
4.995
4.995
4.995
4.995
4.996
4.996
4.996
4.996
4.996
4.996
4.996
4.996
4.996
4.996
4.996
4.996
4.996
4.996
4.996
4.996
4.996
4.996
4.996
4.996
4.996
4.997
4.997
4.997
4.997
4.997
4.997
4.997
4.997
4.997
4.997
4.997
4.997
4.997
4.997
4.997
4.997
4.997
4.997
4.997
4.997
4.997
4.997
4.997
4.997
4.997
4.997
4.997
4.997
4.998
4.998
4.998
4.998
4.998
4.998
4.998
4.998
4.998
4.998
4.998
4.998
4.998
4.998
4.998
4.998
4.998
4.998
4.998
4.998
4.998
4.998
4.998
4.998
4.998
4.998
4.998
4.998
4.998
4.998
4.998
4.998
4.998
4.998
4.998
4.998
4.998
4.998
4.998
4.998
4.998
4.998
4.999
4.999
4.999
4.999
4.999
4.999
4.999
4.999
4.999
4.999
4.999
4.999
4.999
4.999
4.999
4.999
4.999
4.999
4.999
4.999
4.999
4.999
4.999
4.999
4.999
4.999
4.999
4.999
4.999
4.999
4.999
4.999
4.999
4.999
4.999
4.999
4.999
4.999
4.999
4.999
4.999
4.999
4.999
4.999
4.999
4.999
4.999
4.999
4.999
4.999
4.999
4.999
4.999
4.999
4.999
4.999
4.999
4.999
4.999
4.999
4.999
4.999
4.999
4.999
4.999
4.999
4.999
4.999
4.999
4.999
4.999
4.999
4.999
4.999
4.999
4.999
4.999
4.999
4.999
4.999
4.999
4.999
4.999
4.999
4.999
4.999
4.999
4.999
4.999
4.999
4.999
4.999
5.000
5.000
5.000
5.000
5.000
5.000
5.000
5.000
5.000
5.000
5.000
5.000
5.000
5.000
5.000
5.000
5.000
5.000
5.000
5.000
5.000
5.000
5.000
5.000
5.000
5.000
5.000
5.000
5.000
5.000
5.000
5.000
5.000
5.000
5.000
5.000
5.000
5.000
5.000
5.000
5.000
5.000
5.000
5.000
5.000
5.000
5.000
5.000
5.000
5.000
5.000
5.000
5.000
5.000
5.000
5.000
5.000
5.000
5.000
5.000
5.000
5.000
5.000
5.000
5.000
5.000
5.000
5.000
5.000
5.000
5.000
5.000
5.000
5.000
5.000
5.000
5.000
5.000
5.000
5.000
5.000
5.000
5.000
5.000
5.000
5.000
5.000
5.000
5.000
5.000
5.000
5.000
5.000
5.000
5.000
5.000
5.000
5.000
5.000
5.000
5.000
5.000
5.000
5.000
5.000
5.000
5.000
5.000
5.000
5.000
5.000
5.000
5.000
5.000
5.000
5.000
5.000
5.000
5.000
5.000
5.000
5.000
5.000
5.000
5.000
5.000
5.000
5.000
5.000
5.000
5.000
5.000
5.000
5.000
5.000
5.000
5.000
5.000
5.000
5.000
5.000
5.000
5.000
5.000
5.000
5.000
5.000
5.000
5.000
5.000
5.000
5.000
5.000
5.000
5.000
5.000
5.000
5.000
5.000
5.000
5.000
5.000
5.000
5.000
5.000
5.000
5.000
5.000
5.000
5.000
5.000
5.000
5.000
5.000
5.000
5.000
5.000
5.000
5.000
5.000
5.000
5.000
5.000
5.000
5.000
5.000
5.000
5.000
5.000
5.000
5.000
5.000
5.000
5.000
5.000
5.000
5.000
5.000
5.000
5.000
5.000
5.000
5.000
5.000
5.000
5.000
5.000
5.000
5.000
5.000
5.000
5.000
5.000
5.000
5.000
5.000
