2.690
2.735
2.772
2.784
2.822
2.861
2.910
2.926
2.968
3.007
3.038
3.103
3.098
3.161
3.204
3.244
3.274
3.303
3.372
3.387
3.437
3.465
3.503
3.548
3.588
3.658
3.655
3.703
3.764
3.818
3.847
3.880
3.934
3.989
4.004
4.056
4.103
4.158
4.182
4.224
4.284
4.310
4.355
4.381
4.436
4.467
4.493
4.552
4.628
4.648
4.697
4.723
4.778
4.822
4.825
4.859
4.923
4.956
4.991
5.020
5.078
5.109
5.144
5.192
5.225
5.271
5.297
5.332
5.370
5.376
5.420
5.475
5.487
5.533
5.576
5.608
5.623
5.655
5.706
5.689
5.782
5.780
5.790
5.835
5.876
5.899
5.918
5.955
6.008
5.999
6.034
6.051
6.075
6.133
6.154
6.156
6.186
6.214
6.198
6.258
6.283
6.312
6.324
6.347
6.401
6.396
6.402
6.452
6.463
6.470
6.460
6.488
6.568
6.575
6.583
6.595
6.622
6.638
6.652
6.699
6.666
6.705
6.692
6.721
6.741
6.757
6.772
6.772
6.805
6.857
6.836
6.878
6.884
6.877
6.875
6.932
6.879
6.955
6.944
6.966
6.956
6.988
7.003
7.014
6.999
7.026
7.032
7.047
7.093
7.076
7.079
7.087
7.124
7.123
7.150
7.122
7.112
7.179
7.206
7.171
7.212
7.211
7.234
7.227
7.228
7.213
7.230
7.221
7.271
7.298
7.278
7.287
7.290
7.291
7.335
7.317
7.339
7.350
7.365
7.371
7.367
7.390
7.371
7.399
7.385
7.449
7.391
7.418
7.443
7.409
7.449
7.455
7.463
7.486
7.494
7.455
7.498
7.505
7.483
7.482
7.519
7.520
7.537
7.527
7.543
7.505
7.521
7.556
7.552
7.550
7.529
7.573
7.545
7.594
7.610
7.619
7.587
7.589
7.600
7.629
7.632
7.616
7.608
7.652
7.619
7.634
7.648
7.671
7.651
7.648
7.673
7.667
7.662
7.664
7.683
7.690
7.667
7.672
7.694
7.706
7.699
7.709
7.700
7.728
7.704
7.737
7.719
7.727
7.721
7.738
7.724
7.750
7.740
7.744
7.776
7.749
7.766
7.810
7.785
7.775
7.782
7.785
7.791
7.793
7.801
7.809
7.831
7.806
7.799
7.829
7.851
7.802
7.832
7.852
7.833
7.833
7.842
7.801
7.811
7.834
7.813
7.807
7.837
7.866
7.847
7.834
7.869
7.874
7.880
7.863
7.854
7.859
7.874
7.891
7.892
7.889
7.893
7.854
7.889
7.928
7.922
7.865
7.891
7.870
7.896
7.898
7.884
7.891
7.909
7.905
7.907
7.903
7.923
7.921
7.915
7.929
7.921
7.926
7.945
7.945
7.938
7.949
7.952
7.930
7.910
7.942
7.970
7.951
7.939
7.941
7.953
7.939
7.969
7.963
7.950
7.961
7.963
7.985
7.972
7.965
7.964
7.983
8.000
8.003
7.970
7.957
7.992
7.994
7.949
7.995
7.973
7.991
8.009
8.008
7.989
7.993
7.988
7.999
8.021
7.984
7.987
8.013
7.983
8.007
8.018
8.002
8.018
8.007
8.030
8.005
8.018
8.028
8.031
8.019
7.981
8.029
7.998
8.011
8.041
8.066
8.029
8.036
8.016
8.021
8.047
8.026
8.024
8.055
8.047
8.036
8.048
8.057
8.030
8.007
8.041
8.068
8.032
8.044
8.073
8.046
8.046
8.067
8.065
8.053
8.041
8.035
8.046
8.068
8.069
8.068
8.051
8.088
8.065
8.076
8.069
8.069
8.076
8.088
8.095
8.069
8.061
8.081
8.085
8.083
8.066
8.100
8.093
8.064
8.053
8.103
8.092
8.061
8.076
8.077
8.082
8.098
8.116
8.086
8.112
8.066
8.092
8.094
8.081
8.091
8.086
8.102
8.131
8.110
8.074
8.134
8.094
8.097
8.132
8.113
8.090
8.106
8.101
8.126
8.101
8.105
8.117
8.110
8.123
8.104
8.099
8.119
8.090
8.075
8.101
8.122
8.133
8.100
8.088
8.115
8.127
8.128
8.110
8.109
8.131
8.141
8.121
8.136
8.129
8.116
8.134
8.110
8.117
8.112
8.122
8.135
8.122
8.141
8.111
8.140
8.131
8.184
8.148
8.102
8.131
8.122
8.171
8.133
8.124
8.132
8.161
8.115
8.131
8.158
8.142
8.100
8.166
8.145
8.117
8.129
8.108
8.138
8.117
8.158
8.150
8.115
8.159
8.153
8.146
8.155
8.141
8.126
8.128
8.124
8.162
8.140
8.134
8.135
8.128
8.162
8.164
8.123
8.154
8.143
8.127
8.136
8.166
8.164
8.164
8.144
8.167
8.163
8.148
8.166
8.162
8.141
8.130
8.148
8.156
8.173
8.157
8.167
8.154
8.158
8.157
8.165
8.147
8.186
8.181
8.184
8.170
8.157
8.146
8.154
8.145
8.166
8.174
8.172
8.159
8.138
8.167
8.158
8.181
8.160
8.166
8.162
8.169
8.165
8.165
8.208
8.156
8.158
8.178
8.147
8.178
8.163
8.150
8.157
8.166
8.175
8.173
8.165
8.162
8.161
8.168
8.167
8.172
8.177
8.172
8.184
8.149
8.197
8.153
8.180
8.160
8.186
8.157
8.174
8.183
8.194
8.183
8.167
8.194
8.139
8.219
8.175
8.238
8.208
8.199
8.174
8.181
8.198
8.186
8.193
8.206
8.150
8.181
8.158
8.183
8.194
8.172
8.192
8.187
8.161
8.189
8.203
8.164
8.202
8.203
8.178
8.178
8.187
8.175
8.231
8.205
8.167
8.207
8.167
8.185
8.190
8.164
8.159
8.186
8.190
8.193
8.196
8.189
8.182
8.179
8.179
8.196
8.203
8.199
8.184
8.198
8.190
8.191
8.207
8.195
8.195
8.178
8.215
8.158
8.175
8.179
8.190
8.172
8.201
8.195
8.198
8.166
8.196
8.218
8.179
8.200
8.210
8.194
8.201
8.197
8.200
8.185
8.213
8.191
8.166
8.203
8.191
8.230
8.209
8.183
8.186
8.232
8.193
8.195
8.220
8.225
8.208
8.187
8.200
8.196
8.171
8.167
8.208
8.189
8.225
8.208
8.168
8.204
8.208
8.176
8.202
8.218
8.191
8.208
8.203
8.232
8.209
8.208
8.181
8.210
8.234
8.170
8.176
8.209
8.213
8.204
8.222
8.241
8.194
8.207
8.225
8.196
8.215
8.183
8.224
8.225
8.193
8.199
8.219
8.219
8.189
8.205
8.216
8.191
8.205
8.203
8.218
8.211
8.199
8.208
8.215
8.203
8.213
8.202
8.188
8.193
8.194
8.181
8.192
8.191
8.216
8.208
8.183
8.231
8.202
8.175
8.219
8.193
8.202
8.181
8.200
8.217
8.208
8.221
8.190
8.215
8.233
8.202
8.218
8.185
8.191
8.228
8.198
8.200
8.201
8.208
8.192
8.207
8.219
8.184
8.206
8.223
8.211
8.231
8.187
8.209
8.198
8.192
8.228
8.228
8.208
8.199
8.201
8.209
8.211
8.221
8.210
8.214
8.220
8.200
8.195
8.163
8.217
8.200
8.233
8.207
8.203
8.194
8.214
8.231
8.213
8.232
8.239
8.222
8.205
8.194
8.223
8.211
8.242
8.208
8.166
8.207
8.203
8.213
8.243
8.197
8.224
8.233
8.211
8.244
8.229
8.229
8.188
8.230
8.241
8.189
8.192
8.244
8.213
8.202
8.189
8.259
8.225
8.234
8.217
8.221
8.228
8.210
8.209
8.209
8.213
8.199
8.226
8.233
8.229
8.212
8.242
8.215
8.193
8.200
8.229
8.211
8.239
8.224
8.199
8.233
8.171
8.214
8.217
8.192
8.190
8.215
8.187
8.205
8.216
8.207
8.209
8.218
8.203
8.197
8.222
8.197
8.202
8.238
8.211
8.229
8.218
8.226
8.220
8.184
8.216
8.186
8.214
8.220
8.237
8.209
8.200
8.201
8.206
8.236
8.210
8.245
8.212
8.195
8.188
8.218
8.220
8.227
8.233
8.221
8.198
8.212
8.244
8.219
8.252
8.238
8.228
8.218
8.216
8.232
8.219
8.205
8.195
8.247
8.210
8.228
8.255
8.226
8.181
8.214
8.236
8.211
8.234
8.235
8.189
8.244
8.215
8.224
8.212
8.215
8.225
8.211
8.197
8.201
8.218
8.222
8.206
8.223
8.228
8.202
8.216
8.203
8.227
8.212
8.220
8.253
8.232
8.207
8.217
8.250
8.242
8.191
8.178
8.212
8.211
8.210
8.224
8.211
8.239
8.185
8.236
8.234
8.238
8.214
8.227
8.229
8.208
8.201
8.230
8.239
8.193
8.215
8.205
8.190
8.206
8.190
8.200
8.212
8.206
8.208
8.242
8.228
8.216
8.219
8.218
8.230
8.189
8.244
8.254
8.212
8.196
