6.219
6.525
6.783
7.136
7.425
7.795
8.173
8.605
8.992
9.450
9.975
10.481
10.986
11.549
12.158
12.773
13.416
14.069
14.763
15.466
16.199
16.941
17.700
18.473
19.257
20.048
20.842
21.626
22.425
23.207
23.975
24.731
25.486
26.216
26.943
27.628
28.303
28.962
29.583
30.182
30.761
31.325
31.832
32.345
32.811
33.264
33.693
34.100
34.486
34.839
35.173
35.494
35.794
36.083
36.351
36.611
36.844
37.082
37.286
37.484
37.678
37.865
38.038
38.190
38.343
38.487
38.628
38.764
38.887
39.008
39.118
39.227
39.327
39.425
39.518
39.608
39.695
39.775
39.850
39.930
40.004
40.076
40.136
40.200
40.265
40.325
40.379
40.439
40.489
40.537
40.590
40.632
40.683
40.727
40.766
40.808
40.848
40.886
40.924
40.957
40.993
41.029
41.062
41.091
41.126
41.151
41.184
41.208
41.236
41.263
41.289
41.314
41.336
41.358
41.382
41.404
41.424
41.448
41.465
41.486
41.505
41.523
41.543
41.560
41.579
41.594
41.609
41.625
41.639
41.657
41.668
41.686
41.698
41.712
41.726
41.740
41.749
41.765
41.775
41.785
41.796
41.808
41.817
41.829
41.838
41.848
41.856
41.866
41.877
41.886
41.894
41.904
41.909
41.918
41.928
41.933
41.943
41.950
41.957
41.964
41.969
41.976
41.984
41.990
41.996
42.002
42.006
42.013
42.020
42.025
42.028
42.035
42.040
42.042
42.049
42.053
42.060
42.063
42.066
42.076
42.078
42.081
42.085
42.090
42.092
42.097
42.102
42.105
42.107
42.113
42.113
42.119
42.120
42.124
42.127
42.132
42.132
42.135
42.137
42.141
42.143
42.146
42.149
42.151
42.152
42.156
42.159
42.159
42.158
42.166
42.169
42.168
42.171
42.174
42.174
42.179
42.178
42.181
42.181
42.183
42.187
42.187
42.188
42.190
42.191
42.192
42.196
42.195
42.198
42.200
42.203
42.202
42.203
42.203
42.204
42.205
42.208
42.209
42.210
42.212
42.213
42.215
42.214
42.214
42.218
42.217
42.220
42.220
42.221
42.223
42.223
42.224
42.224
42.227
42.223
42.228
42.226
42.226
42.229
42.229
42.232
42.231
42.230
42.233
42.231
42.232
42.233
42.235
42.234
42.235
42.236
42.238
42.236
42.236
42.238
42.239
42.241
42.240
42.237
42.240
42.242
42.240
42.242
42.241
42.245
42.245
42.245
42.243
42.245
42.245
42.247
42.244
42.247
42.247
42.246
42.249
42.251
42.248
42.250
42.249
42.250
42.249
42.249
42.250
42.248
42.250
42.251
42.252
42.250
42.251
42.251
42.252
42.253
42.251
42.252
42.254
42.250
42.253
42.253
42.250
42.254
42.253
42.254
42.252
42.256
42.253
42.256
42.256
42.255
42.255
42.258
42.255
42.257
42.255
42.256
42.257
42.256
42.255
42.257
42.257
42.256
42.254
42.259
42.256
42.258
42.256
42.258
42.256
42.259
42.257
42.257
42.258
42.257
42.257
42.257
42.258
42.258
42.258
42.259
42.260
42.258
42.258
42.260
42.261
42.260
42.257
42.261
42.259
42.258
42.259
42.259
42.259
42.259
42.259
42.258
42.261
42.260
42.260
42.260
42.260
42.260
42.260
42.258
42.261
42.260
42.260
42.260
42.261
42.261
42.260
42.261
42.258
42.262
42.259
42.261
42.261
42.260
42.258
42.261
42.261
42.261
42.260
42.262
42.262
42.260
42.260
42.261
42.260
42.261
42.263
42.261
42.263
42.259
42.261
42.261
42.258
42.261
42.260
42.263
42.262
42.261
42.262
42.262
42.261
42.262
42.262
42.259
42.263
42.262
42.263
42.263
42.261
42.262
42.260
42.263
42.262
42.263
42.259
42.263
42.264
42.261
42.261
42.260
42.261
42.261
42.261
42.263
42.263
42.261
42.265
42.262
42.261
42.262
42.261
42.262
42.261
42.260
42.261
42.262
42.262
42.262
42.263
42.262
42.262
42.261
42.264
42.263
42.261
42.261
42.264
42.264
42.262
42.263
42.261
42.263
42.264
42.262
42.263
42.261
42.264
42.262
42.263
42.262
42.264
42.264
42.263
42.263
42.262
42.262
42.259
42.262
42.262
42.263
42.260
42.262
42.261
42.263
42.263
42.263
42.262
42.261
42.263
42.262
42.262
42.262
42.263
42.262
42.262
42.263
42.263
42.263
42.261
42.263
42.264
42.262
42.261
42.263
42.261
42.264
42.262
42.263
42.263
42.261
42.261
42.262
42.260
42.264
42.264
42.263
42.262
42.263
42.264
42.262
42.263
42.262
42.264
42.262
42.261
42.263
42.262
42.264
42.261
42.264
42.263
42.264
42.263
42.263
42.264
42.265
42.263
42.264
42.263
42.264
42.262
42.263
42.263
42.262
42.262
42.260
42.263
42.264
42.263
42.265
42.263
42.262
42.265
42.263
42.263
42.263
42.262
42.261
42.262
42.264
42.264
42.262
42.261
42.261
42.263
42.260
42.264
42.261
42.260
42.261
42.263
42.262
42.261
42.265
42.261
42.263
42.262
42.262
42.263
42.264
42.265
42.263
42.262
42.263
42.262
42.260
42.262
42.264
42.262
42.263
42.265
42.263
42.261
42.264
42.262
42.264
42.264
42.264
42.261
42.263
42.264
42.265
42.261
42.264
42.264
42.261
42.264
42.264
42.262
42.263
42.263
42.263
42.263
42.262
42.264
42.262
42.263
42.262
42.263
42.260
42.263
42.261
42.263
42.265
42.263
42.263
42.263
42.263
42.262
42.265
42.264
42.262
42.264
42.264
42.263
42.262
42.263
42.262
42.266
42.260
42.264
42.262
42.263
42.263
42.263
42.263
42.263
42.262
42.263
42.264
42.263
42.261
42.262
42.263
42.263
42.264
42.264
42.262
42.262
42.263
42.261
42.263
42.263
42.263
42.264
42.262
42.263
42.262
42.260
42.262
42.260
42.263
42.264
42.263
42.264
42.264
42.261
42.264
42.261
42.262
42.263
42.263
42.264
42.263
42.264
42.262
42.263
42.262
42.263
42.263
42.262
42.262
42.263
42.261
42.263
42.262
42.261
42.261
42.265
42.263
42.262
42.263
42.262
42.263
42.264
42.264
42.264
42.265
42.262
42.263
42.262
42.262
42.260
42.264
42.262
42.262
42.261
42.263
42.265
42.261
42.264
42.261
42.261
42.262
42.263
42.263
42.264
42.264
42.262
42.262
42.262
42.264
42.264
42.265
42.264
42.262
42.262
42.265
42.265
42.262
42.265
42.262
42.264
42.263
42.262
42.263
42.263
42.264
42.263
42.263
42.263
42.264
42.263
42.263
42.261
42.264
42.264
42.263
42.261
42.265
42.264
42.261
42.262
42.264
42.261
42.262
42.263
42.266
42.263
42.263
42.262
42.264
42.262
42.262
42.262
42.261
42.264
42.262
42.263
42.265
42.265
42.262
42.263
42.262
42.262
42.263
42.262
42.263
42.263
42.262
42.263
42.262
42.262
42.261
42.262
42.261
42.264
42.262
42.263
42.263
42.263
42.264
42.262
42.262
42.261
42.261
42.263
42.263
42.262
42.261
42.263
42.265
42.262
42.262
42.263
42.261
42.261
42.263
42.262
42.261
42.262
42.261
42.261
42.262
42.264
42.263
42.264
42.262
42.262
42.264
42.263
42.263
42.264
42.263
42.265
42.264
42.264
42.263
42.262
42.260
42.263
42.264
42.263
42.263
42.261
42.264
42.262
42.264
42.262
42.260
42.264
42.261
42.263
42.264
42.263
42.262
42.264
42.262
42.265
42.261
42.262
42.262
42.263
42.263
42.263
42.263
42.263
42.265
42.264
42.262
42.264
42.263
42.264
42.264
42.264
42.262
42.263
42.263
42.265
42.265
42.264
42.263
42.261
42.262
42.264
42.263
42.263
42.262
42.263
42.261
42.265
42.263
42.261
42.265
42.262
42.262
42.260
42.261
42.262
42.262
42.264
42.261
42.262
42.263
42.265
42.264
42.261
42.262
42.263
42.262
42.263
42.263
42.263
42.262
42.262
42.264
42.262
42.264
42.263
42.263
42.265
42.262
42.265
42.265
42.261
42.263
42.263
42.263
42.261
42.263
42.264
42.263
42.261
42.262
42.262
42.262
42.261
42.261
42.263
42.266
42.263
42.261
42.262
42.264
42.263
42.262
42.265
42.264
42.264
42.265
42.263
42.262
42.263
42.263
42.264
42.264
42.264
42.264
42.265
42.264
42.264
42.262
42.264
42.261
42.261
42.263
42.261
42.261
42.262
42.261
42.262
42.264
42.264
42.265
42.261
42.264
42.264
42.262
42.264
42.262
42.262
42.261
42.263
42.262
42.262
42.266
42.263
42.264
42.262
42.264
42.262
42.263
42.265
42.262
42.264
42.262
42.263
42.264
42.262
42.262
42.260
42.263
42.260
42.263
42.263
42.264
42.264
42.262
42.262
42.262
42.264
