-2.776e-02
-2.698e-02
-2.537e-02
-2.707e-02
-2.268e-02
-1.615e-02
-7.123e-03
1.312e-04
3.478e-03
1.096e-02
1.423e-02
1.948e-02
1.892e-02
1.898e-02
1.990e-02
1.885e-02
1.771e-02
1.820e-02
1.636e-02
2.003e-02
1.976e-02
1.807e-02
2.023e-02
2.365e-02
1.824e-02
9.624e-03
8.760e-03
7.462e-03
1.544e-03
5.320e-04
2.712e-03
-1.440e-03
-1.140e-03
-1.780e-03
-7.995e-04
-3.001e-03
-4.149e-03
-3.712e-03
-5.578e-03
-6.002e-03
-4.859e-03
-7.194e-04
5.793e-04
1.129e-03
4.678e-03
1.249e-02
1.815e-02
1.811e-02
2.022e-02
1.780e-02
1.584e-02
1.638e-02
1.484e-02
1.467e-02
1.533e-02
1.507e-02
1.735e-02
1.368e-02
1.576e-02
1.787e-02
1.472e-02
1.435e-02
2.054e-02
1.805e-02
1.509e-02
1.227e-02
1.346e-02
6.966e-03
7.277e-03
5.144e-03
7.828e-03
9.129e-03
1.252e-02
1.744e-02
1.400e-02
1.490e-02
1.527e-02
1.518e-02
1.316e-02
1.225e-02
1.519e-02
1.380e-02
1.273e-02
1.323e-02
1.034e-02
7.107e-03
1.200e-02
1.407e-02
1.540e-02
1.052e-02
1.018e-02
8.891e-03
1.277e-02
1.502e-02
1.416e-02
1.678e-02
1.787e-02
2.246e-02
2.686e-02
2.645e-02
2.724e-02
2.498e-02
2.138e-02
2.379e-02
2.889e-02
2.868e-02
2.583e-02
2.575e-02
2.594e-02
2.928e-02
3.467e-02
3.173e-02
3.387e-02
3.296e-02
2.934e-02
2.965e-02
2.631e-02
1.786e-02
1.390e-02
1.009e-02
1.107e-02
1.389e-02
1.925e-02
2.429e-02
3.236e-02
3.219e-02
3.128e-02
3.297e-02
3.046e-02
3.204e-02
3.404e-02
3.657e-02
4.201e-02
4.720e-02
4.606e-02
4.764e-02
4.634e-02
3.756e-02
2.618e-02
1.414e-02
1.292e-02
1.410e-02
9.988e-03
6.579e-03
2.458e-03
4.124e-03
3.738e-03
4.650e-03
2.938e-03
2.624e-03
5.888e-03
8.687e-03
1.335e-02
1.289e-02
8.802e-03
9.451e-03
1.032e-02
1.244e-02
1.215e-02
1.137e-02
1.109e-02
1.241e-02
1.119e-02
8.972e-03
1.200e-02
1.232e-02
1.242e-02
1.281e-02
1.171e-02
1.304e-02
1.197e-02
1.283e-02
1.243e-02
1.660e-02
2.016e-02
2.124e-02
1.473e-02
9.863e-03
8.593e-03
7.333e-03
7.340e-03
1.033e-02
1.213e-02
1.674e-02
1.947e-02
3.008e-02
3.620e-02
4.062e-02
4.181e-02
4.124e-02
4.268e-02
4.251e-02
4.232e-02
4.504e-02
4.203e-02
4.031e-02
3.942e-02
4.042e-02
3.864e-02
3.642e-02
3.492e-02
3.418e-02
3.362e-02
3.517e-02
3.661e-02
3.821e-02
3.759e-02
3.683e-02
4.034e-02
4.180e-02
4.025e-02
3.926e-02
4.289e-02
4.026e-02
4.294e-02
4.314e-02
4.628e-02
4.314e-02
4.103e-02
3.667e-02
3.404e-02
2.628e-02
2.028e-02
1.845e-02
1.999e-02
2.381e-02
2.178e-02
2.256e-02
2.685e-02
2.716e-02
2.514e-02
2.302e-02
2.390e-02
2.389e-02
2.287e-02
2.314e-02
2.372e-02
2.472e-02
2.638e-02
2.691e-02
2.739e-02
2.967e-02
2.916e-02
3.092e-02
2.983e-02
3.151e-02
2.988e-02
2.962e-02
2.565e-02
2.529e-02
2.301e-02
2.173e-02
2.443e-02
2.533e-02
2.509e-02
2.801e-02
2.958e-02
3.961e-02
4.045e-02
4.055e-02
3.997e-02
3.991e-02
3.730e-02
3.625e-02
3.199e-02
3.001e-02
2.454e-02
2.436e-02
2.864e-02
2.386e-02
2.426e-02
2.322e-02
2.196e-02
2.385e-02
2.463e-02
2.332e-02
2.291e-02
2.173e-02
2.292e-02
2.224e-02
2.418e-02
2.457e-02
2.658e-02
2.529e-02
2.147e-02
2.282e-02
2.472e-02
2.954e-02
3.834e-02
4.382e-02
4.553e-02
4.518e-02
4.495e-02
4.270e-02
3.910e-02
3.552e-02
3.152e-02
3.061e-02
3.062e-02
3.095e-02
3.109e-02
4.052e-02
4.464e-02
4.665e-02
4.834e-02
4.370e-02
4.329e-02
4.165e-02
4.186e-02
5.346e-02
5.161e-02
6.009e-02
6.515e-02
6.812e-02
6.886e-02
6.107e-02
4.907e-02
3.974e-02
3.099e-02
2.635e-02
2.456e-02
2.328e-02
2.225e-02
2.217e-02
2.561e-02
3.212e-02
3.588e-02
4.659e-02
4.558e-02
4.923e-02
5.123e-02
5.755e-02
5.747e-02
6.204e-02
6.105e-02
5.713e-02
5.515e-02
5.534e-02
4.993e-02
4.383e-02
3.525e-02
3.188e-02
2.769e-02
2.548e-02
2.516e-02
2.801e-02
3.078e-02
2.765e-02
2.739e-02
3.039e-02
2.917e-02
2.870e-02
2.974e-02
2.864e-02
3.169e-02
2.740e-02
3.072e-02
3.224e-02
3.129e-02
3.250e-02
3.151e-02
3.185e-02
3.078e-02
3.439e-02
3.494e-02
3.557e-02
3.766e-02
4.322e-02
4.878e-02
4.984e-02
5.340e-02
5.752e-02
6.101e-02
5.762e-02
5.205e-02
4.729e-02
3.841e-02
2.963e-02
2.400e-02
2.247e-02
1.880e-02
1.907e-02
1.850e-02
2.179e-02
2.596e-02
2.243e-02
2.255e-02
2.511e-02
2.143e-02
2.157e-02
2.275e-02
2.457e-02
2.474e-02
2.593e-02
2.699e-02
3.112e-02
4.057e-02
4.592e-02
4.440e-02
4.776e-02
5.219e-02
5.330e-02
5.302e-02
5.630e-02
5.594e-02
5.487e-02
5.672e-02
6.147e-02
5.641e-02
4.472e-02
3.433e-02
2.965e-02
2.592e-02
2.312e-02
2.199e-02
2.039e-02
1.917e-02
1.602e-02
1.489e-02
1.692e-02
1.624e-02
1.502e-02
1.414e-02
1.348e-02
1.372e-02
1.533e-02
1.486e-02
1.540e-02
1.632e-02
1.617e-02
1.785e-02
1.310e-02
1.370e-02
1.732e-02
1.787e-02
1.978e-02
2.098e-02
2.265e-02
2.355e-02
2.131e-02
2.043e-02
2.077e-02
1.971e-02
1.824e-02
1.802e-02
1.788e-02
1.794e-02
2.078e-02
1.946e-02
1.650e-02
1.626e-02
1.930e-02
1.543e-02
1.518e-02
1.701e-02
1.354e-02
1.173e-02
1.423e-02
1.397e-02
1.462e-02
1.774e-02
1.872e-02
2.269e-02
2.496e-02
2.800e-02
2.757e-02
3.044e-02
3.141e-02
3.174e-02
3.303e-02
3.113e-02
3.341e-02
3.101e-02
3.336e-02
3.174e-02
3.414e-02
3.706e-02
4.449e-02
4.849e-02
5.254e-02
5.036e-02
5.230e-02
5.064e-02
4.625e-02
4.864e-02
4.696e-02
4.319e-02
4.470e-02
4.472e-02
4.625e-02
4.978e-02
4.720e-02
4.868e-02
4.709e-02
4.783e-02
4.764e-02
4.555e-02
4.642e-02
5.087e-02
5.096e-02
5.074e-02
4.848e-02
4.409e-02
4.124e-02
3.477e-02
2.882e-02
2.765e-02
2.413e-02
2.089e-02
1.964e-02
1.717e-02
1.756e-02
1.706e-02
1.867e-02
1.742e-02
1.995e-02
1.980e-02
2.224e-02
2.320e-02
2.199e-02
2.182e-02
2.275e-02
1.717e-02
1.852e-02
1.808e-02
1.709e-02
1.850e-02
1.877e-02
2.072e-02
2.179e-02
2.233e-02
1.990e-02
2.032e-02
2.295e-02
2.416e-02
2.333e-02
2.293e-02
2.440e-02
2.648e-02
3.004e-02
2.788e-02
3.567e-02
4.427e-02
4.954e-02
4.970e-02
5.055e-02
4.900e-02
5.408e-02
5.204e-02
5.096e-02
4.996e-02
5.169e-02
5.202e-02
4.899e-02
4.730e-02
4.673e-02
4.872e-02
5.332e-02
6.144e-02
6.060e-02
6.647e-02
7.011e-02
7.543e-02
8.560e-02
8.576e-02
8.342e-02
8.224e-02
7.946e-02
6.810e-02
5.845e-02
5.446e-02
5.046e-02
4.763e-02
5.200e-02
5.187e-02
5.157e-02
4.435e-02
3.906e-02
3.389e-02
2.738e-02
3.000e-02
2.657e-02
2.895e-02
3.001e-02
3.602e-02
3.875e-02
3.860e-02
3.997e-02
4.834e-02
6.023e-02
6.503e-02
7.055e-02
7.691e-02
7.641e-02
7.527e-02
7.603e-02
7.738e-02
7.381e-02
6.731e-02
6.104e-02
5.880e-02
5.932e-02
6.268e-02
7.181e-02
7.635e-02
7.573e-02
7.890e-02
7.057e-02
6.461e-02
5.768e-02
5.712e-02
5.385e-02
4.988e-02
4.321e-02
4.011e-02
3.205e-02
2.802e-02
2.881e-02
3.175e-02
2.934e-02
2.678e-02
2.699e-02
2.816e-02
2.357e-02
2.312e-02
1.956e-02
1.864e-02
2.101e-02
2.224e-02
2.502e-02
2.402e-02
2.449e-02
2.693e-02
2.422e-02
2.522e-02
2.844e-02
2.628e-02
2.801e-02
2.448e-02
2.625e-02
2.679e-02
2.898e-02
2.840e-02
3.094e-02
3.438e-02
3.882e-02
4.390e-02
5.038e-02
5.904e-02
6.733e-02
6.709e-02
6.380e-02
5.720e-02
4.684e-02
3.402e-02
2.970e-02
2.609e-02
2.493e-02
2.104e-02
2.321e-02
1.857e-02
1.852e-02
1.888e-02
1.932e-02
1.604e-02
1.512e-02
1.609e-02
1.902e-02
1.828e-02
1.271e-02
1.143e-02
1.121e-02
1.247e-02
1.358e-02
1.452e-02
1.375e-02
1.827e-02
1.902e-02
2.019e-02
2.323e-02
2.255e-02
2.142e-02
1.969e-02
2.056e-02
2.226e-02
2.534e-02
2.003e-02
1.901e-02
1.500e-02
1.703e-02
1.811e-02
1.705e-02
1.881e-02
2.352e-02
2.344e-02
2.885e-02
3.262e-02
3.670e-02
4.104e-02
3.914e-02
4.387e-02
4.092e-02
3.834e-02
3.675e-02
3.519e-02
3.568e-02
3.695e-02
3.852e-02
3.552e-02
4.106e-02
4.021e-02
4.110e-02
4.201e-02
4.148e-02
4.072e-02
3.724e-02
3.291e-02
2.965e-02
2.954e-02
2.769e-02
2.568e-02
2.738e-02
2.801e-02
2.850e-02
3.066e-02
2.844e-02
2.819e-02
2.334e-02
2.478e-02
2.633e-02
2.379e-02
2.514e-02
2.747e-02
2.656e-02
2.669e-02
2.408e-02
2.248e-02
2.508e-02
3.066e-02
3.832e-02
3.827e-02
3.720e-02
3.736e-02
3.608e-02
3.835e-02
3.775e-02
3.486e-02
3.043e-02
3.227e-02
3.108e-02
3.138e-02
3.532e-02
3.662e-02
3.580e-02
4.041e-02
3.302e-02
3.396e-02
3.513e-02
3.366e-02
2.998e-02
2.873e-02
2.132e-02
1.733e-02
1.338e-02
1.353e-02
1.304e-02
1.137e-02
1.347e-02
1.589e-02
2.306e-02
2.458e-02
2.407e-02
2.558e-02
2.618e-02
2.982e-02
3.262e-02
3.356e-02
3.683e-02
3.844e-02
4.834e-02
4.286e-02
3.968e-02
2.808e-02
2.564e-02
2.854e-02
2.653e-02
2.365e-02
2.154e-02
2.435e-02
2.357e-02
1.927e-02
2.117e-02
2.392e-02
2.626e-02
3.313e-02
4.062e-02
4.570e-02
4.656e-02
4.444e-02
3.830e-02
2.400e-02
2.219e-02
1.470e-02
1.340e-02
1.539e-02
1.239e-02
1.198e-02
9.668e-03
6.696e-03
1.073e-02
1.368e-02
8.533e-03
1.005e-02
1.072e-02
1.435e-02
1.455e-02
1.092e-02
8.959e-03
7.046e-03
1.042e-02
1.148e-02
1.214e-02
1.194e-02
9.354e-03
6.689e-03
1.041e-02
1.668e-02
1.659e-02
1.261e-02
1.177e-02
8.756e-03
6.832e-03
8.913e-03
1.127e-02
1.080e-02
1.123e-02
1.524e-02
1.918e-02
1.638e-02
1.986e-02
2.016e-02
3.114e-02
4.137e-02
4.288e-02
3.513e-02
3.518e-02
3.217e-02
2.925e-02
2.827e-02
2.441e-02
2.243e-02
2.646e-02
2.651e-02
2.965e-02
2.984e-02
3.051e-02
2.792e-02
2.940e-02
2.990e-02
2.863e-02
3.117e-02
3.105e-02
2.615e-02
2.022e-02
1.497e-02
1.375e-02
1.397e-02
1.396e-02
2.041e-02
2.056e-02
1.911e-02
1.746e-02
1.221e-02
1.649e-02
1.648e-02
2.209e-02
2.202e-02
2.725e-02
2.567e-02
2.297e-02
2.161e-02
2.250e-02
2.197e-02
1.883e-02
1.902e-02
1.963e-02
1.874e-02
2.381e-02
2.421e-02
3.343e-02
3.107e-02
2.842e-02
3.074e-02
3.441e-02
2.942e-02
2.706e-02
1.929e-02
1.649e-02
2.222e-02
2.010e-02
1.920e-02
1.813e-02
1.997e-02
1.630e-02
1.490e-02
1.738e-02
1.664e-02
2.172e-02
2.102e-02
2.069e-02
1.568e-02
2.243e-02
2.482e-02
2.834e-02
2.481e-02
2.564e-02
2.711e-02
3.111e-02
2.925e-02
2.576e-02
2.826e-02
2.587e-02
3.192e-02
2.644e-02
2.904e-02
2.681e-02
1.537e-02
1.407e-02
1.308e-02
1.040e-02
4.738e-03
-1.907e-03
-2.821e-03
1.046e-03
5.877e-03
-2.343e-03
-9.594e-05
-8.884e-04
4.773e-03
2.616e-03
1.872e-05
-2.282e-03
-2.286e-04
1.206e-03
6.249e-03
2.071e-02
2.534e-02
3.062e-02
3.140e-02
2.955e-02
2.563e-02
2.294e-02
2.384e-02
2.175e-02
1.530e-02
7.445e-03
1.207e-02
8.134e-03
3.607e-03
1.244e-02
1.368e-02
1.487e-02
1.541e-02
1.699e-02
1.890e-02
1.916e-02
1.776e-02
6.250e-03
7.177e-03
5.050e-03
8.862e-03
1.339e-02
2.037e-02
2.024e-02
1.256e-02
1.374e-02
1.364e-02
1.787e-02
1.212e-02
9.773e-03
9.026e-03
1.042e-02
1.108e-02
8.341e-03
3.419e-03
4.407e-03
2.804e-03
7.984e-03
6.143e-03
5.124e-03
7.146e-03
6.070e-03
1.167e-02
1.499e-02
1.758e-02
1.781e-02
1.902e-02
2.103e-02
1.909e-02
1.616e-02
1.613e-02
1.465e-02
8.061e-03
-2.783e-04
-3.373e-03
-5.393e-03
-2.303e-03
-3.570e-03
-9.615e-03
-6.046e-03
-1.028e-02
-3.843e-03
6.825e-03
9.905e-03
8.404e-03
7.480e-04
-7.452e-04
-1.800e-03
5.635e-03
3.577e-03
1.016e-02
1.784e-02
2.046e-02
2.130e-02
