9.931e-02
5.687e-02
4.302e-02
1.821e-02
-1.895e-03
-1.428e-02
-3.064e-02
-3.608e-02
-3.854e-02
-4.310e-02
-3.735e-02
-3.451e-02
-3.494e-02
-3.908e-02
-3.967e-02
-4.165e-02
-4.556e-02
-4.493e-02
-4.325e-02
-4.153e-02
-4.539e-02
-4.876e-02
-4.628e-02
-4.732e-02
-4.404e-02
-3.812e-02
-3.606e-02
-3.555e-02
-3.589e-02
-3.197e-02
-3.262e-02
-2.952e-02
-3.580e-02
-3.208e-02
-2.775e-02
-2.162e-02
-2.213e-02
-2.167e-02
-1.699e-02
-2.101e-02
-2.303e-02
-2.333e-02
-2.168e-02
-2.571e-02
-3.050e-02
-3.754e-02
-4.188e-02
-4.720e-02
-4.279e-02
-4.372e-02
-4.532e-02
-5.102e-02
-4.948e-02
-5.241e-02
-4.756e-02
-5.547e-02
-5.538e-02
-5.035e-02
-4.547e-02
-4.615e-02
-5.341e-02
-5.609e-02
-5.522e-02
-5.339e-02
-4.524e-02
-4.189e-02
-3.935e-02
-3.884e-02
-3.915e-02
-4.177e-02
-3.567e-02
-3.367e-02
-2.860e-02
-1.886e-02
-2.166e-02
-2.757e-02
-2.770e-02
-2.837e-02
-3.356e-02
-4.330e-02
-4.208e-02
-3.603e-02
-3.415e-02
-3.565e-02
-3.301e-02
-4.107e-02
-3.641e-02
-3.456e-02
-3.546e-02
-3.300e-02
-3.526e-02
-2.745e-02
-2.955e-02
-2.646e-02
-3.821e-02
-4.094e-02
-4.200e-02
-4.725e-02
-4.725e-02
-5.192e-02
-5.498e-02
-5.454e-02
-5.437e-02
-4.939e-02
-4.090e-02
-3.958e-02
-4.581e-02
-4.793e-02
-5.023e-02
-4.800e-02
-4.452e-02
-4.751e-02
-5.271e-02
-5.019e-02
-4.335e-02
-3.693e-02
-3.709e-02
-3.414e-02
-2.722e-02
-2.852e-02
-3.058e-02
-2.326e-02
-2.859e-02
-3.769e-02
-3.471e-02
-3.886e-02
-4.509e-02
-4.060e-02
-4.131e-02
-5.052e-02
-4.328e-02
-4.302e-02
-4.570e-02
-4.873e-02
-4.519e-02
-4.741e-02
-5.048e-02
-5.179e-02
-4.709e-02
-3.957e-02
-3.525e-02
-3.446e-02
-3.207e-02
-3.237e-02
-3.229e-02
-2.744e-02
-2.206e-02
-1.455e-02
-6.641e-03
-6.821e-03
-9.986e-03
-6.883e-03
-1.057e-02
-1.487e-02
-2.328e-02
-1.471e-02
-2.155e-02
-2.092e-02
-2.564e-02
-2.411e-02
-2.501e-02
-3.079e-02
-3.286e-02
-2.899e-02
-2.611e-02
-2.854e-02
-2.152e-02
-2.219e-02
-2.387e-02
-1.968e-02
-2.287e-02
-2.622e-02
-3.078e-02
-3.119e-02
-2.582e-02
-2.634e-02
-2.060e-02
-2.059e-02
-1.728e-02
-2.120e-02
-2.088e-02
-2.206e-02
-2.169e-02
-2.253e-02
-3.002e-02
-2.905e-02
-3.982e-02
-4.455e-02
-3.958e-02
-3.939e-02
-4.092e-02
-3.990e-02
-4.656e-02
-4.237e-02
-4.426e-02
-3.984e-02
-3.616e-02
-3.377e-02
-3.654e-02
-3.124e-02
-3.153e-02
-3.964e-02
-3.118e-02
-3.251e-02
-3.546e-02
-3.490e-02
-3.227e-02
-2.739e-02
-2.728e-02
-2.293e-02
-3.026e-02
-3.500e-02
-3.501e-02
-3.454e-02
-3.488e-02
-3.644e-02
-3.476e-02
-3.792e-02
-4.253e-02
-4.194e-02
-4.376e-02
-4.171e-02
-4.248e-02
-4.121e-02
-3.595e-02
-2.895e-02
-2.969e-02
-3.101e-02
-2.970e-02
-2.812e-02
-3.229e-02
-3.309e-02
-2.975e-02
-2.892e-02
-2.650e-02
-2.616e-02
-3.333e-02
-2.979e-02
-2.814e-02
-2.568e-02
-3.085e-02
-3.614e-02
-3.440e-02
-2.816e-02
-2.987e-02
-2.906e-02
-2.637e-02
-2.577e-02
-2.806e-02
-2.391e-02
-2.742e-02
-2.386e-02
-1.871e-02
-2.191e-02
-2.222e-02
-2.232e-02
-2.394e-02
-2.696e-02
-2.657e-02
-2.588e-02
-2.851e-02
-2.535e-02
-2.800e-02
-2.675e-02
-2.409e-02
-2.195e-02
-2.345e-02
-2.039e-02
-1.530e-02
-1.881e-02
-1.966e-02
-2.134e-02
-2.090e-02
-2.340e-02
-2.215e-02
-2.307e-02
-2.205e-02
-2.082e-02
-2.232e-02
-2.068e-02
-2.024e-02
-2.666e-02
-2.236e-02
-2.125e-02
-2.395e-02
-2.600e-02
-2.499e-02
-2.473e-02
-2.616e-02
-2.449e-02
-1.999e-02
-2.369e-02
-2.753e-02
-2.598e-02
-1.942e-02
-1.373e-02
-1.702e-02
-2.224e-02
-1.857e-02
-2.059e-02
-2.673e-02
-2.569e-02
-2.513e-02
-2.672e-02
-2.173e-02
-2.183e-02
-2.305e-02
-2.464e-02
-2.065e-02
-1.802e-02
-2.669e-02
-3.226e-02
-3.687e-02
-3.859e-02
-3.556e-02
-3.674e-02
-3.032e-02
-2.872e-02
-3.197e-02
-2.766e-02
-2.474e-02
-2.436e-02
-2.343e-02
-2.254e-02
-2.305e-02
-2.321e-02
-2.371e-02
-1.637e-02
-1.978e-02
-1.960e-02
-1.650e-02
-1.175e-02
-1.298e-02
-1.096e-02
-2.069e-02
-2.270e-02
-2.480e-02
-2.062e-02
-2.006e-02
-1.739e-02
-1.828e-02
-1.693e-02
-1.831e-02
-2.529e-02
-2.435e-02
-2.643e-02
-2.882e-02
-2.888e-02
-2.100e-02
-1.977e-02
-2.044e-02
-2.271e-02
-1.803e-02
-1.741e-02
-2.224e-02
-2.493e-02
-2.744e-02
-2.964e-02
-3.207e-02
-2.966e-02
-3.273e-02
-3.300e-02
-3.399e-02
-3.058e-02
-3.116e-02
-2.862e-02
-3.077e-02
-2.729e-02
-2.982e-02
-2.603e-02
-3.008e-02
-2.700e-02
-2.292e-02
-2.218e-02
-1.833e-02
-1.348e-02
-1.278e-02
-1.405e-02
-8.306e-03
-7.263e-03
-1.273e-02
-6.837e-03
-6.615e-03
-4.484e-03
2.501e-03
4.795e-04
1.180e-03
-1.276e-03
5.485e-04
3.643e-03
2.530e-04
-1.807e-03
-2.221e-03
-4.150e-03
-9.475e-03
-1.416e-02
-1.536e-02
-1.651e-02
-1.682e-02
-1.973e-02
-1.708e-02
-1.746e-02
-1.899e-02
-2.120e-02
-1.993e-02
-1.946e-02
-1.616e-02
-1.734e-02
-1.690e-02
-9.897e-03
-1.227e-02
-9.995e-03
-9.816e-03
-5.636e-03
-3.007e-03
-6.176e-03
-7.206e-03
-7.610e-03
-5.443e-03
-7.181e-04
-2.433e-03
-5.383e-03
-2.576e-03
-7.226e-03
-8.378e-03
-7.302e-03
-7.226e-03
-4.762e-03
-2.547e-04
7.880e-04
-1.706e-03
2.762e-04
1.903e-03
4.872e-03
1.316e-03
1.174e-03
2.471e-03
8.321e-05
7.105e-03
3.122e-03
7.842e-04
-4.599e-04
2.959e-03
1.536e-03
-6.145e-04
-4.485e-03
-5.310e-03
-5.017e-03
1.164e-04
-3.642e-04
-1.613e-03
-2.955e-03
-7.678e-04
-2.627e-03
-1.546e-03
8.102e-04
-9.516e-04
1.536e-03
3.832e-03
2.861e-03
2.669e-03
5.394e-04
1.202e-03
-5.638e-04
-2.395e-03
-1.002e-02
-1.300e-02
-1.621e-02
-1.937e-02
-1.806e-02
-1.437e-02
-1.085e-02
-1.241e-02
-1.514e-02
-1.840e-02
-1.426e-02
-1.677e-02
-1.403e-02
-1.405e-02
-1.557e-02
-9.646e-03
-6.084e-03
-2.152e-03
3.535e-03
2.952e-03
8.867e-03
1.269e-02
2.232e-02
2.445e-02
2.011e-02
2.295e-02
2.167e-02
2.486e-02
2.655e-02
2.426e-02
2.252e-02
2.139e-02
1.775e-02
1.912e-02
1.823e-02
1.893e-02
2.121e-02
2.428e-02
2.260e-02
2.099e-02
2.246e-02
1.920e-02
1.305e-02
1.139e-02
9.509e-03
9.921e-03
1.224e-02
1.163e-02
1.015e-02
5.187e-03
2.470e-03
-1.138e-03
1.947e-03
1.940e-03
1.164e-03
-1.792e-03
-1.981e-03
-1.503e-03
-3.211e-04
8.356e-04
1.238e-04
4.273e-03
6.674e-03
5.991e-03
1.263e-02
1.562e-02
1.946e-02
1.612e-02
1.447e-02
1.254e-02
1.356e-02
1.600e-02
1.522e-02
8.193e-03
8.949e-03
7.646e-03
3.223e-03
2.892e-03
8.302e-04
-5.608e-03
-8.922e-03
-8.311e-03
-1.042e-02
-1.155e-02
-3.627e-03
-4.434e-03
-8.468e-03
-8.059e-03
-5.891e-03
-6.568e-03
-5.946e-03
-5.450e-03
-1.669e-03
2.132e-03
-1.634e-03
-7.952e-03
-8.463e-03
-5.812e-03
-1.279e-02
-1.188e-02
-1.182e-02
-8.717e-03
-4.539e-03
-1.311e-03
2.981e-03
2.330e-03
1.424e-02
1.326e-02
1.290e-02
1.214e-02
1.039e-02
-1.384e-04
-6.573e-03
-1.021e-02
-1.129e-02
-9.883e-03
-6.237e-03
-4.519e-03
-6.009e-03
-9.051e-03
-4.692e-03
-6.891e-04
4.593e-03
1.416e-02
2.061e-02
2.625e-02
3.033e-02
3.205e-02
3.458e-02
2.821e-02
1.953e-02
1.746e-02
1.070e-02
6.109e-03
7.325e-04
-3.757e-03
-1.192e-03
1.859e-04
3.979e-03
9.922e-03
1.398e-02
1.297e-02
1.432e-02
1.406e-02
2.057e-02
2.381e-02
2.214e-02
2.010e-02
1.964e-02
1.694e-02
1.803e-02
1.996e-02
1.520e-02
1.886e-02
1.485e-02
1.359e-02
1.410e-02
1.037e-02
1.094e-02
1.103e-02
9.882e-03
5.177e-03
7.816e-03
6.270e-03
1.937e-03
5.555e-03
8.698e-03
8.708e-03
8.340e-03
1.202e-02
9.060e-03
1.342e-02
8.495e-03
9.725e-03
1.091e-02
1.554e-02
1.286e-02
1.468e-02
1.463e-02
1.435e-02
1.472e-02
1.414e-02
1.047e-02
7.385e-03
5.952e-03
1.145e-02
1.537e-02
1.242e-02
1.166e-02
6.982e-03
9.835e-03
1.231e-02
1.388e-02
1.917e-02
1.932e-02
2.717e-02
2.967e-02
2.665e-02
2.879e-02
3.116e-02
2.910e-02
1.999e-02
1.861e-02
2.093e-02
2.203e-02
2.683e-02
2.976e-02
2.664e-02
3.274e-02
3.086e-02
3.331e-02
3.428e-02
3.042e-02
3.040e-02
2.815e-02
3.589e-02
3.458e-02
3.554e-02
3.707e-02
3.355e-02
3.427e-02
3.457e-02
3.226e-02
3.239e-02
2.553e-02
2.543e-02
2.494e-02
2.092e-02
1.951e-02
1.537e-02
1.335e-02
1.502e-02
1.884e-02
2.069e-02
2.184e-02
2.570e-02
3.385e-02
4.381e-02
4.979e-02
5.536e-02
5.491e-02
5.920e-02
6.029e-02
5.814e-02
4.945e-02
4.833e-02
4.833e-02
4.514e-02
3.758e-02
3.243e-02
2.072e-02
1.835e-02
1.214e-02
1.135e-02
8.300e-03
6.845e-03
3.828e-03
1.765e-03
8.100e-03
6.745e-03
1.080e-02
1.019e-02
1.570e-02
1.584e-02
1.275e-02
1.640e-02
2.048e-02
1.976e-02
1.829e-02
2.066e-02
2.328e-02
2.778e-02
3.061e-02
2.809e-02
3.343e-02
3.652e-02
4.192e-02
4.039e-02
4.095e-02
4.352e-02
5.140e-02
5.376e-02
5.743e-02
5.747e-02
5.035e-02
5.384e-02
4.617e-02
4.518e-02
4.706e-02
4.853e-02
4.723e-02
4.568e-02
4.830e-02
4.634e-02
4.812e-02
4.500e-02
3.894e-02
4.070e-02
3.725e-02
3.234e-02
3.123e-02
2.932e-02
2.691e-02
2.338e-02
1.882e-02
1.890e-02
1.502e-02
1.490e-02
1.982e-02
1.743e-02
1.695e-02
1.712e-02
1.481e-02
1.189e-02
1.334e-02
2.386e-02
2.061e-02
2.882e-02
2.633e-02
2.503e-02
2.945e-02
2.928e-02
2.596e-02
2.610e-02
2.811e-02
2.920e-02
2.609e-02
2.461e-02
2.210e-02
2.843e-02
3.347e-02
2.873e-02
2.773e-02
2.737e-02
2.566e-02
2.361e-02
1.964e-02
2.210e-02
1.864e-02
2.402e-02
2.735e-02
2.794e-02
2.318e-02
2.231e-02
1.808e-02
1.741e-02
2.335e-02
2.416e-02
2.599e-02
2.878e-02
2.615e-02
3.292e-02
3.550e-02
3.199e-02
3.172e-02
3.301e-02
3.480e-02
2.892e-02
2.952e-02
3.171e-02
3.343e-02
2.984e-02
2.386e-02
2.182e-02
2.191e-02
2.610e-02
3.410e-02
3.568e-02
3.291e-02
3.901e-02
4.708e-02
5.378e-02
6.314e-02
7.122e-02
7.488e-02
7.076e-02
6.706e-02
6.557e-02
5.176e-02
4.487e-02
4.145e-02
4.529e-02
5.254e-02
5.456e-02
5.953e-02
6.054e-02
6.006e-02
6.015e-02
5.289e-02
5.294e-02
5.017e-02
5.513e-02
5.354e-02
5.426e-02
5.084e-02
4.043e-02
3.634e-02
3.349e-02
2.829e-02
2.352e-02
1.768e-02
2.042e-02
2.027e-02
2.121e-02
2.139e-02
2.139e-02
2.469e-02
2.559e-02
2.439e-02
2.445e-02
2.281e-02
2.039e-02
1.614e-02
1.556e-02
1.208e-02
4.758e-03
5.840e-03
6.324e-03
9.838e-03
9.528e-03
1.228e-02
1.743e-02
2.088e-02
2.273e-02
2.717e-02
3.583e-02
3.886e-02
4.120e-02
4.004e-02
4.952e-02
5.499e-02
5.750e-02
6.038e-02
6.141e-02
6.521e-02
6.672e-02
6.666e-02
6.500e-02
6.965e-02
6.793e-02
6.662e-02
6.619e-02
7.164e-02
6.733e-02
6.726e-02
6.628e-02
6.121e-02
5.401e-02
4.434e-02
4.978e-02
5.008e-02
5.364e-02
5.280e-02
4.951e-02
5.369e-02
4.903e-02
6.051e-02
5.933e-02
5.837e-02
5.109e-02
5.047e-02
5.967e-02
6.277e-02
6.664e-02
6.210e-02
5.358e-02
5.058e-02
4.443e-02
3.415e-02
3.125e-02
3.036e-02
2.837e-02
3.081e-02
2.265e-02
2.072e-02
1.858e-02
2.223e-02
3.025e-02
3.797e-02
4.700e-02
5.263e-02
7.102e-02
7.193e-02
7.156e-02
7.755e-02
7.615e-02
6.577e-02
5.895e-02
5.215e-02
4.235e-02
2.636e-02
1.429e-02
1.207e-02
6.605e-03
7.072e-03
1.008e-02
1.669e-02
2.097e-02
2.295e-02
2.801e-02
3.039e-02
2.495e-02
2.828e-02
2.073e-02
2.106e-02
1.692e-02
1.398e-02
1.278e-02
1.169e-02
1.667e-02
2.562e-02
1.750e-02
9.457e-03
1.429e-02
1.122e-02
6.042e-03
-1.171e-03
1.261e-03
4.059e-03
6.126e-03
9.271e-03
1.018e-02
6.058e-03
1.439e-02
1.355e-02
2.111e-02
2.355e-02
2.725e-02
2.476e-02
2.549e-02
2.136e-02
2.270e-02
2.701e-02
3.491e-02
3.193e-02
2.969e-02
3.116e-02
3.019e-02
2.575e-02
2.713e-02
2.839e-02
2.866e-02
2.144e-02
3.008e-02
3.594e-02
4.073e-02
4.585e-02
6.647e-02
7.330e-02
7.737e-02
7.914e-02
7.684e-02
7.961e-02
6.629e-02
5.864e-02
4.815e-02
4.449e-02
2.465e-02
-1.740e-02
