2.269
2.338
2.394
2.448
2.447
2.510
2.550
2.590
2.629
2.723
2.674
2.797
2.856
2.830
2.879
2.939
2.957
3.010
3.051
3.114
3.169
3.176
3.258
3.271
3.310
3.349
3.397
3.465
3.528
3.587
3.549
3.627
3.607
3.667
3.790
3.849
3.833
3.886
3.966
4.000
4.095
4.113
4.155
4.263
4.271
4.318
4.326
4.357
4.377
4.491
4.503
4.558
4.586
4.683
4.679
4.796
4.737
4.805
4.823
4.936
4.911
5.030
5.013
5.058
5.085
5.146
5.218
5.254
5.297
5.344
5.416
5.341
5.405
5.468
5.489
5.505
5.544
5.582
5.642
5.700
5.721
5.695
5.799
5.792
5.785
5.825
5.926
5.897
5.898
5.975
5.999
6.093
6.069
6.083
6.151
6.218
6.177
6.149
6.199
6.263
6.287
6.293
6.296
6.361
6.341
6.374
6.384
6.476
6.505
6.526
6.519
6.571
6.536
6.572
6.567
6.609
6.585
6.628
6.635
6.642
6.674
6.675
6.718
6.740
6.755
6.788
6.800
6.816
6.838
6.790
6.774
6.861
6.903
6.859
6.953
6.926
6.954
6.859
6.965
6.985
6.989
6.988
6.974
7.046
7.033
7.081
7.059
7.099
7.089
7.109
7.148
7.118
7.112
7.052
7.136
7.187
7.139
7.138
7.136
7.202
7.164
7.195
7.233
7.265
7.253
7.235
7.220
7.233
7.270
7.243
7.306
7.271
7.285
7.297
7.298
7.295
7.303
7.337
7.378
7.396
7.385
7.375
7.415
7.356
7.409
7.378
7.455
7.508
7.435
7.400
7.403
7.437
7.434
7.390
7.442
7.490
7.410
7.498
7.535
7.477
7.491
7.457
7.470
7.497
7.501
7.463
7.555
7.523
7.493
7.529
7.524
7.519
7.594
7.541
7.557
7.592
7.579
7.640
7.539
7.514
7.594
7.602
7.642
7.571
7.582
7.585
7.647
7.573
7.547
7.614
7.636
7.664
7.648
7.618
7.650
7.654
7.629
7.651
7.608
7.595
7.658
7.638
7.686
7.672
7.665
7.699
7.669
7.704
7.662
7.686
7.674
7.683
7.668
7.691
7.652
7.678
7.659
7.608
7.740
7.760
7.653
7.690
7.664
7.713
7.677
7.666
7.721
7.712
7.744
7.793
7.739
7.757
7.749
7.710
7.794
7.702
7.739
7.735
7.729
7.758
7.780
7.753
7.797
7.749
7.685
7.780
7.790
7.760
7.790
7.807
7.784
7.810
7.783
7.795
7.730
7.781
7.788
7.747
7.810
7.778
7.791
7.737
7.814
7.772
7.782
7.816
7.829
7.771
7.763
7.808
7.756
7.772
7.763
7.854
7.819
7.793
7.762
7.815
7.734
7.832
7.806
7.766
7.827
7.874
7.856
7.786
7.805
7.805
7.863
7.845
7.816
7.797
7.789
7.837
7.843
7.817
7.848
7.832
7.809
7.849
7.873
7.811
7.830
7.839
7.782
7.794
7.858
7.814
7.875
7.875
7.817
7.884
7.888
7.902
7.885
7.862
7.807
7.823
7.856
7.835
7.814
7.835
7.895
7.853
7.898
7.863
7.856
7.841
7.869
7.813
7.888
7.850
7.853
7.857
7.879
7.858
7.880
7.871
7.906
7.797
7.863
7.853
7.894
7.835
7.929
7.832
7.897
7.869
7.892
7.859
7.847
7.914
7.843
7.846
7.915
7.882
7.826
7.873
7.865
7.881
7.866
7.855
7.895
7.946
7.872
7.908
7.885
7.889
7.957
7.829
7.878
7.904
7.873
7.952
7.903
7.909
7.918
7.927
7.908
7.869
7.869
7.877
7.904
7.875
7.922
7.894
7.882
7.909
7.900
7.970
7.938
7.853
7.875
7.928
7.893
7.893
7.856
7.892
7.867
7.846
7.890
7.890
7.918
7.914
7.966
7.850
7.840
7.933
7.951
7.865
7.892
7.909
7.915
7.882
7.845
7.859
7.906
7.874
7.905
7.922
7.853
7.884
7.889
7.948
7.886
7.924
7.863
7.920
7.922
7.889
7.927
7.895
7.961
7.890
7.913
7.931
7.882
7.971
7.839
7.884
7.902
7.931
7.861
7.928
7.922
7.941
7.913
7.883
7.850
7.850
7.950
7.895
7.885
7.908
7.862
7.866
7.926
7.882
7.850
7.873
7.935
7.880
7.902
7.909
7.892
7.898
7.868
7.956
7.927
7.900
7.894
7.878
7.917
7.917
7.962
7.926
7.874
7.934
7.892
7.887
7.853
7.916
7.888
7.911
7.856
7.888
7.889
7.974
7.916
7.874
7.960
7.891
7.887
7.941
7.924
7.937
7.897
7.864
7.981
7.891
7.911
7.905
7.962
7.851
7.861
7.934
7.880
7.930
7.907
7.905
7.938
7.863
7.871
7.919
7.908
7.911
7.899
7.933
7.912
7.921
7.900
7.896
7.892
7.915
7.880
7.936
7.932
7.890
7.898
7.926
7.919
7.909
7.881
7.950
7.889
7.855
7.879
7.887
7.908
7.901
7.897
7.894
7.932
7.877
7.875
7.866
7.913
7.963
7.856
7.894
7.856
7.875
7.883
7.917
7.877
7.982
7.887
7.868
7.904
7.881
7.960
7.859
7.909
7.901
7.868
7.925
7.864
7.909
7.944
7.973
7.885
7.913
7.936
7.868
7.861
7.918
7.915
7.859
7.864
7.930
7.912
7.927
7.942
7.873
7.875
7.937
7.914
7.905
7.904
7.873
7.876
7.917
7.844
7.900
7.876
7.903
7.931
7.893
7.905
7.842
7.878
7.909
7.906
7.926
7.874
7.888
7.843
7.920
7.943
7.879
7.906
7.877
7.884
7.914
7.901
7.881
7.869
7.937
7.913
7.940
7.881
7.908
7.900
7.911
7.848
7.924
7.882
7.935
7.937
7.939
7.842
7.890
7.949
7.914
7.884
7.935
7.899
7.889
7.898
7.903
7.886
7.884
7.908
7.914
7.886
7.850
7.873
7.919
7.918
7.933
7.962
7.880
7.930
7.866
7.890
7.893
7.902
7.901
7.890
7.851
7.978
7.864
7.922
7.920
7.884
7.868
7.928
7.912
7.898
7.889
7.906
7.881
7.888
7.873
7.893
7.897
7.899
7.873
7.895
7.886
7.914
7.892
7.897
7.936
7.910
7.960
7.912
7.921
7.910
7.847
7.921
7.884
7.958
7.908
7.849
7.902
7.861
7.898
7.865
7.896
7.886
7.910
7.954
7.891
7.871
7.894
7.902
7.943
7.888
7.935
7.930
7.895
7.901
7.817
7.892
7.885
7.899
7.876
7.917
7.908
7.917
7.923
7.883
7.896
7.932
7.870
7.864
7.875
7.849
7.869
7.925
7.922
7.848
7.896
7.873
7.934
7.901
7.883
7.910
7.911
7.850
7.875
7.869
7.908
7.888
7.875
7.902
7.868
7.930
7.867
7.900
7.890
7.871
7.953
7.904
7.831
7.935
7.891
7.914
7.877
7.883
7.822
7.879
7.837
7.862
7.853
7.906
7.878
7.869
7.846
7.900
7.866
7.876
7.851
7.852
7.912
7.872
7.888
7.886
7.834
7.870
7.972
7.869
7.885
7.860
7.897
7.878
7.872
7.942
7.866
7.888
7.895
7.907
7.877
7.922
7.895
7.867
7.906
7.865
7.841
7.899
7.853
7.908
7.927
7.876
7.885
7.910
7.866
7.899
7.894
7.811
7.901
7.906
7.908
7.908
7.866
7.880
7.942
7.876
7.875
7.868
7.871
7.849
7.876
7.834
7.897
7.937
7.892
7.861
7.839
7.852
7.930
7.885
7.875
7.899
7.857
7.915
7.842
7.882
7.880
7.883
7.879
7.870
7.813
7.912
7.857
7.895
7.869
7.898
7.907
7.867
7.874
7.862
7.844
7.878
7.849
7.894
7.905
7.841
7.898
7.890
7.874
7.861
7.909
7.890
7.849
7.866
7.896
7.852
7.880
7.883
7.859
7.881
7.893
7.910
7.902
7.875
7.862
7.871
7.861
7.897
7.868
7.925
7.848
7.848
7.872
7.855
7.906
7.870
7.872
7.883
7.879
7.878
7.900
7.815
7.850
7.853
7.874
7.878
7.919
7.870
7.948
7.862
7.859
7.920
7.857
7.830
7.862
7.899
7.878
7.882
7.908
7.835
7.918
7.884
7.878
7.898
7.880
7.901
7.936
7.817
7.837
7.890
7.900
7.861
7.903
7.871
7.889
7.881
7.892
7.841
7.844
7.914
7.799
7.853
7.890
7.852
7.879
7.902
7.855
7.871
7.923
7.937
7.869
7.924
7.837
7.884
7.860
7.822
7.888
7.899
7.836
7.880
7.861
7.822
7.860
7.859
7.891
7.904
7.908
7.836
7.878
7.876
7.877
7.918
7.929
7.859
7.869
7.857
7.842
7.857
7.843
7.929
7.894
7.887
7.917
7.878
7.867
7.842
7.865
7.881
7.891
7.874
7.875
