0.832
0.840
0.849
0.849
0.884
0.907
0.911
0.947
0.951
0.950
0.986
0.991
1.044
1.031
1.023
1.072
1.061
1.102
1.111
1.125
1.153
1.163
1.200
1.224
1.240
1.270
1.295
1.298
1.313
1.338
1.377
1.372
1.379
1.387
1.434
1.440
1.470
1.498
1.506
1.501
1.553
1.578
1.588
1.613
1.626
1.632
1.685
1.680
1.678
1.698
1.738
1.726
1.748
1.766
1.812
1.804
1.806
1.841
1.855
1.859
1.901
1.922
1.943
1.934
1.964
1.987
1.951
1.996
1.991
2.046
2.065
2.076
2.091
2.069
2.089
2.101
2.151
2.172
2.159
2.154
2.194
2.182
2.207
2.209
2.248
2.225
2.260
2.254
2.277
2.281
2.308
2.286
2.340
2.327
2.302
2.339
2.346
2.337
2.366
2.357
2.392
2.408
2.404
2.418
2.415
2.443
2.420
2.452
2.450
2.450
2.458
2.456
2.484
2.444
2.478
2.490
2.494
2.492
2.511
2.520
2.528
2.532
2.540
2.548
2.557
2.530
2.537
2.555
2.549
2.601
2.583
2.595
2.586
2.577
2.605
2.567
2.575
2.615
2.599
2.612
2.595
2.619
2.624
2.618
2.608
2.642
2.647
2.653
2.629
2.642
2.675
2.637
2.658
2.656
2.653
2.680
2.683
2.654
2.667
2.679
2.682
2.656
2.684
2.684
2.687
2.686
2.683
2.711
2.688
2.704
2.733
2.732
2.699
2.718
2.715
2.728
2.719
2.697
2.723
2.721
2.741
2.747
2.719
2.736
2.697
2.726
2.711
2.740
2.708
2.769
2.725
2.742
2.741
2.756
2.730
2.751
2.769
2.764
2.766
2.745
2.759
2.748
2.757
2.755
2.761
2.739
2.764
2.761
2.760
2.771
2.753
2.764
2.779
2.774
2.776
2.782
2.787
2.743
2.774
2.775
2.774
2.754
2.808
2.788
2.807
2.772
2.786
2.767
2.752
2.804
2.776
2.770
2.821
2.796
2.788
2.772
2.798
2.821
2.813
2.808
2.805
2.773
2.816
2.778
2.787
2.800
2.795
2.808
2.809
2.773
2.790
2.803
2.819
2.777
2.816
2.829
2.782
2.800
2.821
2.825
2.809
2.801
2.778
2.787
2.778
2.823
2.801
2.806
2.808
2.831
2.771
2.822
2.823
2.821
2.833
2.790
2.834
2.807
2.817
2.816
2.793
2.825
2.809
2.842
2.822
2.820
2.807
2.847
2.807
2.809
2.824
2.852
2.840
2.808
2.800
2.817
2.821
2.839
2.806
2.809
2.796
2.833
2.838
2.813
2.815
2.800
2.809
2.841
2.815
2.826
2.812
2.819
2.842
2.802
2.817
2.810
2.838
2.827
2.844
2.842
2.817
2.845
2.834
2.849
2.830
2.834
2.806
2.826
2.827
2.842
2.826
2.828
2.834
2.815
2.828
2.828
2.814
2.816
2.836
2.827
2.831
2.854
2.811
2.827
2.817
2.861
2.861
2.838
2.858
2.835
2.840
2.836
2.851
2.845
2.819
2.813
2.834
2.842
2.825
2.806
2.830
2.830
2.836
2.829
2.814
2.838
2.823
2.847
2.849
2.838
2.813
2.836
2.838
2.837
2.830
2.822
2.826
2.814
2.842
2.805
2.829
2.843
2.823
2.826
2.812
2.834
2.821
2.848
2.823
2.820
2.836
2.829
2.837
2.799
2.846
2.832
2.837
2.834
2.834
2.822
2.835
2.842
2.837
2.825
2.839
2.848
2.851
2.846
2.843
2.843
2.856
2.836
2.840
2.867
2.860
2.824
2.809
2.825
2.824
2.853
2.830
2.857
2.825
2.835
2.847
2.810
2.854
2.835
2.832
2.794
2.838
2.807
2.835
2.819
2.816
2.854
2.814
2.837
2.855
2.866
2.835
2.830
2.827
2.834
2.830
2.828
2.807
2.842
2.855
2.834
2.826
2.833
2.834
2.826
2.831
2.854
2.836
2.832
2.846
2.823
2.839
2.817
2.828
2.821
2.829
2.808
2.835
2.829
2.847
2.861
2.832
2.845
2.822
2.851
2.808
2.828
2.835
2.828
2.832
2.839
2.831
2.850
2.831
2.858
2.826
2.856
2.817
2.853
2.806
2.832
2.833
2.861
2.814
2.826
2.853
2.821
2.860
2.840
2.838
2.835
2.843
2.827
2.817
2.828
2.847
2.832
2.807
2.845
2.870
2.849
2.832
2.833
2.804
2.823
2.846
2.846
2.834
2.819
2.815
2.869
2.860
2.830
2.845
2.835
2.830
2.841
2.836
2.860
2.829
2.827
2.817
2.872
2.829
2.818
2.836
2.829
2.828
2.786
2.854
2.832
2.830
2.835
2.834
2.836
2.852
2.822
2.833
2.834
2.848
2.828
2.849
2.841
2.848
2.836
2.841
2.834
2.817
2.811
2.813
2.836
2.816
2.830
2.803
2.847
2.830
2.830
2.843
2.840
2.841
2.815
2.816
2.850
2.829
2.828
2.842
2.818
2.789
2.830
2.833
2.861
2.825
2.831
2.825
2.827
2.871
2.811
2.798
2.859
2.824
2.820
2.855
2.828
2.830
2.850
2.845
2.814
2.829
2.831
2.859
2.846
2.813
2.855
2.844
2.820
2.811
2.861
2.813
2.867
2.817
2.825
2.839
2.834
2.841
2.816
2.843
2.844
2.835
2.817
2.816
2.846
2.798
2.833
2.846
2.822
2.836
2.843
2.791
2.844
2.812
2.841
2.835
2.813
2.817
2.836
2.822
2.843
2.845
2.844
2.837
2.832
2.853
2.833
2.827
2.834
2.860
2.849
2.826
2.813
2.819
2.851
2.810
2.832
2.835
2.821
2.859
2.856
2.850
2.802
2.825
2.855
2.844
2.838
2.833
2.833
2.808
2.836
2.824
2.843
2.854
2.799
2.796
2.844
2.811
2.836
2.812
2.833
2.834
2.836
2.828
2.809
2.830
2.837
2.825
2.820
2.854
2.815
2.835
2.829
2.843
2.823
2.848
2.827
2.834
2.810
2.852
2.850
2.815
2.819
2.830
2.825
2.798
2.821
2.824
2.840
2.796
2.833
2.806
2.827
2.819
2.824
2.830
2.833
2.849
2.824
2.810
2.814
2.850
2.832
2.817
2.816
2.815
2.826
2.809
2.847
2.836
2.822
2.823
2.833
2.807
2.841
2.852
2.824
2.837
2.848
2.833
2.829
2.808
2.837
2.838
2.815
2.834
2.845
2.845
2.827
2.840
2.834
2.815
2.815
2.839
2.820
2.833
2.819
2.829
2.804
2.858
2.826
2.828
2.789
2.846
2.830
2.841
2.835
2.839
2.806
2.824
2.832
2.825
2.840
2.811
2.815
2.812
2.843
2.842
2.820
2.826
2.809
2.824
2.843
2.821
2.795
2.788
2.819
2.837
2.830
2.813
2.834
2.847
2.856
2.825
2.796
2.787
2.814
2.825
2.829
2.833
2.826
2.846
2.815
2.857
2.817
2.827
2.810
2.828
2.851
2.823
2.824
2.835
2.814
2.801
2.847
2.808
2.819
2.804
2.829
2.824
2.806
2.829
2.824
2.825
2.840
2.810
2.854
2.807
2.802
2.843
2.791
2.841
2.815
2.845
2.837
2.816
2.811
2.828
2.838
2.817
2.838
2.823
2.831
2.837
2.812
2.825
2.839
2.857
2.832
2.839
2.824
2.811
2.845
2.841
2.838
2.836
2.843
2.825
2.817
2.804
2.852
2.844
2.819
2.814
2.801
2.840
2.817
2.811
2.820
2.847
2.843
2.820
2.834
2.799
2.815
2.822
2.804
2.828
2.797
2.820
2.823
2.815
2.851
2.816
2.849
2.823
2.810
2.849
2.826
2.827
2.848
2.825
2.833
2.825
2.864
2.828
2.812
2.858
2.826
2.824
2.842
2.839
2.839
2.841
2.799
2.838
2.820
2.802
2.832
2.848
2.835
2.822
2.809
2.819
2.818
2.805
2.858
2.820
2.825
2.836
2.862
2.810
2.821
2.828
2.825
2.838
2.795
2.824
2.815
2.818
2.836
2.809
2.845
2.840
2.846
2.818
2.846
2.822
2.833
2.839
2.811
2.808
2.831
2.806
2.825
2.816
2.830
2.826
2.831
2.851
2.847
2.830
2.834
2.805
2.831
2.835
2.858
2.808
2.843
2.850
2.844
2.804
2.852
2.840
2.853
2.812
2.807
2.827
2.839
2.844
2.835
2.782
2.813
2.819
2.834
2.851
2.851
2.803
2.810
2.838
2.816
2.853
2.813
2.816
2.817
2.811
2.828
2.824
2.838
2.829
2.813
2.787
2.839
2.831
2.856
2.844
2.809
2.813
2.811
2.823
2.800
2.813
2.832
2.830
2.836
2.865
2.828
2.825
2.812
2.829
2.844
2.826
2.817
2.833
2.828
2.827
2.822
2.827
2.820
2.846
2.790
2.829
2.830
2.807
2.834
2.832
2.818
2.833
2.828
