-0.261 -0.256 -0.257 -0.295 -0.309 -0.323 -0.322 -0.316 -0.317 -0.303 -0.272 -0.164 -0.084 -0.065 0.026 -0.099 -0.176 0.014 0.089 0.067 0.077 0.029 -0.032 -0.057 0.122 0.221 0.244 0.257 0.255 0.252 0.244 0.222 0.223 0.230 0.205 0.217 0.209 0.217 0.226 0.244 0.244 0.243 0.239 0.234 0.234 0.248 0.249 0.250 0.240 0.207
-0.256 -0.251 -0.253 -0.287 -0.299 -0.310 -0.309 -0.305 -0.306 -0.293 -0.266 -0.168 -0.094 -0.077 0.007 -0.108 -0.178 -0.004 0.064 0.045 0.053 0.010 -0.045 -0.069 0.094 0.184 0.204 0.214 0.213 0.210 0.204 0.185 0.186 0.192 0.170 0.181 0.174 0.181 0.189 0.204 0.204 0.203 0.199 0.195 0.195 0.207 0.209 0.209 0.201 0.172
-0.257 -0.253 -0.255 -0.289 -0.301 -0.312 -0.311 -0.307 -0.307 -0.295 -0.268 -0.170 -0.097 -0.080 0.002 -0.111 -0.181 -0.008 0.059 0.041 0.049 0.006 -0.049 -0.072 0.089 0.178 0.198 0.208 0.207 0.205 0.198 0.179 0.180 0.186 0.164 0.175 0.168 0.175 0.183 0.199 0.198 0.198 0.193 0.190 0.189 0.201 0.203 0.203 0.195 0.166
-0.295 -0.287 -0.289 -0.332 -0.349 -0.368 -0.366 -0.357 -0.359 -0.342 -0.306 -0.187 -0.099 -0.076 0.024 -0.116 -0.201 0.009 0.092 0.067 0.077 0.025 -0.042 -0.070 0.128 0.241 0.269 0.286 0.283 0.279 0.269 0.242 0.242 0.251 0.220 0.235 0.225 0.235 0.245 0.269 0.269 0.267 0.262 0.257 0.256 0.273 0.276 0.276 0.264 0.225
-0.309 -0.299 -0.301 -0.349 -0.369 -0.392 -0.389 -0.378 -0.380 -0.361 -0.321 -0.189 -0.093 -0.067 0.042 -0.112 -0.206 0.025 0.117 0.089 0.100 0.042 -0.032 -0.062 0.157 0.282 0.314 0.334 0.330 0.326 0.315 0.283 0.283 0.294 0.258 0.274 0.263 0.274 0.286 0.313 0.313 0.312 0.306 0.300 0.299 0.319 0.322 0.323 0.308 0.264
-0.323 -0.310 -0.312 -0.368 -0.392 -0.422 -0.419 -0.403 -0.406 -0.383 -0.336 -0.183 -0.072 -0.040 0.086 -0.093 -0.203 0.065 0.172 0.139 0.152 0.084 -0.001 -0.036 0.218 0.366 0.404 0.430 0.424 0.419 0.406 0.367 0.367 0.380 0.336 0.355 0.343 0.356 0.370 0.403 0.404 0.402 0.395 0.388 0.386 0.411 0.414 0.415 0.398 0.344
-0.322 -0.309 -0.311 -0.366 -0.389 -0.419 -0.415 -0.400 -0.403 -0.381 -0.335 -0.185 -0.076 -0.045 0.078 -0.097 -0.205 0.058 0.163 0.130 0.143 0.077 -0.007 -0.041 0.208 0.352 0.389 0.414 0.409 0.404 0.391 0.353 0.353 0.365 0.323 0.342 0.329 0.342 0.356 0.388 0.389 0.387 0.381 0.373 0.372 0.396 0.399 0.400 0.383 0.331
-0.316 -0.305 -0.307 -0.357 -0.378 -0.403 -0.400 -0.387 -0.390 -0.370 -0.328 -0.192 -0.092 -0.064 0.049 -0.111 -0.209 0.030 0.126 0.097 0.108 0.048 -0.028 -0.059 0.167 0.298 0.331 0.353 0.348 0.344 0.332 0.299 0.299 0.310 0.272 0.289 0.278 0.289 0.302 0.331 0.331 0.329 0.323 0.317 0.316 0.337 0.340 0.341 0.326 0.279
-0.317 -0.306 -0.307 -0.359 -0.380 -0.406 -0.403 -0.390 -0.392 -0.372 -0.329 -0.190 -0.089 -0.060 0.055 -0.108 -0.208 0.036 0.134 0.104 0.115 0.054 -0.024 -0.056 0.176 0.309 0.343 0.366 0.361 0.356 0.345 0.310 0.310 0.321 0.283 0.300 0.289 0.300 0.313 0.343 0.343 0.341 0.335 0.329 0.328 0.349 0.352 0.353 0.338 0.290
-0.303 -0.293 -0.295 -0.342 -0.361 -0.383 -0.381 -0.370 -0.372 -0.353 -0.315 -0.185 -0.091 -0.065 0.042 -0.109 -0.202 0.025 0.115 0.088 0.099 0.042 -0.030 -0.060 0.154 0.277 0.308 0.327 0.324 0.319 0.309 0.278 0.278 0.288 0.254 0.270 0.259 0.270 0.281 0.308 0.308 0.306 0.301 0.295 0.294 0.313 0.315 0.316 0.303 0.260
-0.272 -0.266 -0.268 -0.306 -0.321 -0.336 -0.335 -0.328 -0.329 -0.315 -0.283 -0.174 -0.093 -0.073 0.019 -0.108 -0.187 0.006 0.082 0.060 0.069 0.021 -0.040 -0.066 0.115 0.216 0.240 0.254 0.252 0.248 0.240 0.217 0.218 0.225 0.199 0.212 0.204 0.212 0.221 0.240 0.240 0.239 0.234 0.230 0.229 0.244 0.246 0.247 0.236 0.202
-0.164 -0.168 -0.170 -0.187 -0.189 -0.183 -0.185 -0.192 -0.190 -0.185 -0.174 -0.115 -0.067 -0.063 -0.009 -0.076 -0.118 -0.012 0.028 0.020 0.026 0.000 -0.034 -0.049 0.047 0.093 0.099 0.095 0.098 0.097 0.097 0.093 0.096 0.096 0.092 0.097 0.094 0.097 0.099 0.100 0.099 0.099 0.096 0.096 0.096 0.098 0.098 0.099 0.097 0.088
-0.084 -0.094 -0.097 -0.099 -0.093 -0.072 -0.076 -0.092 -0.089 -0.091 -0.093 -0.067 -0.041 -0.048 -0.019 -0.045 -0.063 -0.015 0.001 0.004 0.006 -0.004 -0.020 -0.029 0.011 0.019 0.013 -0.003 0.004 0.005 0.009 0.020 0.024 0.020 0.030 0.029 0.031 0.029 0.027 0.015 0.013 0.014 0.013 0.015 0.017 0.010 0.009 0.009 0.013 0.022
-0.065 -0.077 -0.080 -0.076 -0.067 -0.040 -0.045 -0.064 -0.060 -0.065 -0.073 -0.063 -0.048 -0.059 -0.042 -0.050 -0.056 -0.035 -0.030 -0.024 -0.023 -0.026 -0.033 -0.039 -0.025 -0.034 -0.045 -0.065 -0.057 -0.056 -0.049 -0.033 -0.028 -0.035 -0.018 -0.021 -0.018 -0.022 -0.026 -0.043 -0.045 -0.043 -0.044 -0.041 -0.039 -0.050 -0.051 -0.051 -0.044 -0.028
0.026 0.007 0.002 0.024 0.042 0.086 0.078 0.049 0.055 0.042 0.019 -0.009 -0.019 -0.042 -0.053 -0.015 0.006 -0.038 -0.061 -0.043 -0.045 -0.031 -0.018 -0.016 -0.066 -0.117 -0.142 -0.176 -0.164 -0.161 -0.148 -0.116 -0.110 -0.123 -0.088 -0.098 -0.090 -0.098 -0.108 -0.139 -0.142 -0.140 -0.139 -0.132 -0.130 -0.150 -0.153 -0.153 -0.139 -0.105
-0.099 -0.108 -0.111 -0.116 -0.112 -0.093 -0.097 -0.111 -0.108 -0.109 -0.108 -0.076 -0.045 -0.050 -0.015 -0.050 -0.073 -0.013 0.008 0.008 0.011 -0.002 -0.022 -0.032 0.020 0.036 0.032 0.018 0.025 0.025 0.028 0.036 0.040 0.037 0.044 0.044 0.045 0.044 0.043 0.034 0.032 0.033 0.031 0.033 0.034 0.029 0.028 0.028 0.032 0.037
-0.176 -0.178 -0.181 -0.201 -0.206 -0.203 -0.205 -0.209 -0.208 -0.202 -0.187 -0.118 -0.063 -0.056 0.006 -0.073 -0.122 0.001 0.048 0.038 0.044 0.014 -0.026 -0.043 0.070 0.126 0.135 0.134 0.136 0.135 0.133 0.127 0.129 0.131 0.123 0.128 0.125 0.129 0.132 0.136 0.135 0.135 0.132 0.131 0.131 0.135 0.136 0.136 0.133 0.120
0.014 -0.004 -0.008 0.009 0.025 0.065 0.058 0.030 0.036 0.025 0.006 -0.012 -0.015 -0.035 -0.038 -0.013 0.001 -0.025 -0.040 -0.026 -0.027 -0.017 -0.010 -0.010 -0.043 -0.083 -0.105 -0.136 -0.125 -0.122 -0.111 -0.083 -0.076 -0.088 -0.057 -0.066 -0.059 -0.066 -0.074 -0.102 -0.105 -0.103 -0.103 -0.097 -0.094 -0.113 -0.115 -0.115 -0.103 -0.073
0.089 0.064 0.059 0.092 0.117 0.172 0.163 0.126 0.134 0.115 0.082 0.028 0.001 -0.030 -0.061 0.008 0.048 -0.040 -0.081 -0.057 -0.061 -0.035 -0.008 -0.001 -0.094 -0.174 -0.209 -0.252 -0.237 -0.233 -0.216 -0.174 -0.166 -0.183 -0.136 -0.151 -0.140 -0.151 -0.164 -0.205 -0.209 -0.206 -0.204 -0.195 -0.192 -0.219 -0.223 -0.223 -0.205 -0.157
0.067 0.045 0.041 0.067 0.089 0.139 0.130 0.097 0.104 0.088 0.060 0.020 0.004 -0.024 -0.043 0.008 0.038 -0.026 -0.057 -0.036 -0.039 -0.019 -0.000 0.004 -0.065 -0.130 -0.160 -0.199 -0.185 -0.182 -0.167 -0.130 -0.122 -0.137 -0.097 -0.109 -0.099 -0.109 -0.120 -0.157 -0.160 -0.157 -0.156 -0.148 -0.145 -0.170 -0.173 -0.173 -0.156 -0.115
0.077 0.053 0.049 0.077 0.100 0.152 0.143 0.108 0.115 0.099 0.069 0.026 0.006 -0.023 -0.045 0.011 0.044 -0.027 -0.061 -0.039 -0.042 -0.020 0.001 0.006 -0.070 -0.140 -0.171 -0.212 -0.197 -0.193 -0.178 -0.139 -0.132 -0.147 -0.105 -0.118 -0.108 -0.118 -0.130 -0.168 -0.171 -0.168 -0.167 -0.159 -0.156 -0.181 -0.184 -0.185 -0.167 -0.124
0.029 0.010 0.006 0.025 0.042 0.084 0.077 0.048 0.054 0.042 0.021 0.000 -0.004 -0.026 -0.031 -0.002 0.014 -0.017 -0.035 -0.019 -0.020 -0.009 -0.001 -0.000 -0.038 -0.082 -0.105 -0.138 -0.126 -0.123 -0.112 -0.081 -0.075 -0.087 -0.055 -0.064 -0.057 -0.064 -0.073 -0.103 -0.105 -0.103 -0.103 -0.096 -0.094 -0.113 -0.116 -0.116 -0.103 -0.071
-0.032 -0.045 -0.049 -0.042 -0.032 -0.001 -0.007 -0.028 -0.024 -0.030 -0.040 -0.034 -0.020 -0.033 -0.018 -0.022 -0.026 -0.010 -0.008 -0.000 0.001 -0.001 -0.007 -0.012 -0.004 -0.018 -0.031 -0.054 -0.045 -0.044 -0.036 -0.017 -0.012 -0.020 0.000 -0.004 -0.000 -0.004 -0.009 -0.029 -0.031 -0.030 -0.030 -0.026 -0.024 -0.037 -0.038 -0.038 -0.030 -0.011
-0.057 -0.069 -0.072 -0.070 -0.062 -0.036 -0.041 -0.059 -0.056 -0.060 -0.066 -0.049 -0.029 -0.039 -0.016 -0.032 -0.043 -0.010 -0.001 0.004 0.006 -0.000 -0.012 -0.019 0.006 0.004 -0.006 -0.026 -0.017 -0.016 -0.010 0.005 0.009 0.003 0.018 0.015 0.018 0.015 0.012 -0.004 -0.006 -0.005 -0.006 -0.003 -0.001 -0.011 -0.012 -0.012 -0.005 0.008
0.122 0.094 0.089 0.128 0.157 0.218 0.208 0.167 0.176 0.154 0.115 0.047 0.011 -0.025 -0.066 0.020 0.070 -0.043 -0.094 -0.065 -0.070 -0.038 -0.004 0.006 -0.111 -0.207 -0.247 -0.295 -0.278 -0.274 -0.255 -0.206 -0.198 -0.217 -0.164 -0.181 -0.168 -0.181 -0.196 -0.243 -0.246 -0.243 -0.241 -0.231 -0.227 -0.258 -0.263 -0.263 -0.242 -0.187
0.221 0.184 0.178 0.241 0.282 0.366 0.352 0.298 0.309 0.277 0.216 0.093 0.019 -0.034 -0.117 0.036 0.126 -0.083 -0.174 -0.130 -0.140 -0.082 -0.018 0.004 -0.207 -0.364 -0.423 -0.489 -0.467 -0.460 -0.433 -0.363 -0.353 -0.380 -0.304 -0.329 -0.310 -0.330 -0.352 -0.418 -0.423 -0.418 -0.413 -0.399 -0.394 -0.439 -0.445 -0.446 -0.415 -0.333
0.244 0.204 0.198 0.269 0.314 0.404 0.389 0.331 0.343 0.308 0.240 0.099 0.013 -0.045 -0.142 0.032 0.135 -0.105 -0.209 -0.160 -0.171 -0.105 -0.031 -0.006 -0.247 -0.423 -0.487 -0.559 -0.535 -0.527 -0.499 -0.422 -0.412 -0.440 -0.357 -0.385 -0.365 -0.386 -0.410 -0.482 -0.487 -0.482 -0.477 -0.461 -0.456 -0.505 -0.511 -0.513 -0.479 -0.389
0.257 0.214 0.208 0.286 0.334 0.430 0.414 0.353 0.366 0.327 0.254 0.095 -0.003 -0.065 -0.176 0.018 0.134 -0.136 -0.252 -0.199 -0.212 -0.138 -0.054 -0.026 -0.295 -0.489 -0.559 -0.635 -0.610 -0.602 -0.571 -0.489 -0.478 -0.508 -0.419 -0.450 -0.427 -0.450 -0.476 -0.554 -0.559 -0.554 -0.547 -0.531 -0.525 -0.578 -0.585 -0.586 -0.550 -0.452
0.255 0.213 0.207 0.283 0.330 0.424 0.409 0.348 0.361 0.324 0.252 0.098 0.004 -0.057 -0.164 0.025 0.136 -0.125 -0.237 -0.185 -0.197 -0.126 -0.045 -0.017 -0.278 -0.467 -0.535 -0.610 -0.586 -0.577 -0.547 -0.467 -0.456 -0.486 -0.398 -0.428 -0.406 -0.429 -0.454 -0.530 -0.535 -0.530 -0.524 -0.508 -0.502 -0.554 -0.561 -0.562 -0.526 -0.431
0.252 0.210 0.205 0.279 0.326 0.419 0.404 0.344 0.356 0.319 0.248 0.097 0.005 -0.056 -0.161 0.025 0.135 -0.122 -0.233 -0.182 -0.193 -0.123 -0.044 -0.016 -0.274 -0.460 -0.527 -0.602 -0.577 -0.569 -0.539 -0.459 -0.448 -0.478 -0.392 -0.421 -0.400 -0.422 -0.447 -0.522 -0.527 -0.522 -0.516 -0.500 -0.495 -0.546 -0.552 -0.554 -0.518 -0.424
0.244 0.204 0.198 0.269 0.315 0.406 0.391 0.332 0.345 0.309 0.240 0.097 0.009 -0.049 -0.148 0.028 0.133 -0.111 -0.216 -0.167 -0.178 -0.112 -0.036 -0.010 -0.255 -0.433 -0.499 -0.571 -0.547 -0.539 -0.510 -0.433 -0.422 -0.451 -0.367 -0.396 -0.375 -0.396 -0.421 -0.494 -0.498 -0.494 -0.488 -0.472 -0.467 -0.516 -0.523 -0.524 -0.490 -0.399
0.222 0.185 0.179 0.242 0.283 0.367 0.353 0.299 0.310 0.278 0.217 0.093 0.020 -0.033 -0.116 0.036 0.127 -0.083 -0.174 -0.130 -0.139 -0.081 -0.017 0.005 -0.206 -0.363 -0.422 -0.489 -0.467 -0.459 -0.433 -0.363 -0.353 -0.379 -0.303 -0.329 -0.310 -0.329 -0.351 -0.418 -0.422 -0.418 -0.413 -0.399 -0.394 -0.439 -0.444 -0.445 -0.415 -0.333
0.223 0.186 0.180 0.242 0.283 0.367 0.353 0.299 0.310 0.278 0.218 0.096 0.024 -0.028 -0.110 0.040 0.129 -0.076 -0.166 -0.122 -0.132 -0.075 -0.012 0.009 -0.198 -0.353 -0.412 -0.478 -0.456 -0.448 -0.422 -0.353 -0.343 -0.369 -0.293 -0.319 -0.300 -0.319 -0.341 -0.407 -0.411 -0.407 -0.402 -0.388 -0.383 -0.428 -0.434 -0.435 -0.404 -0.323
0.230 0.192 0.186 0.251 0.294 0.380 0.365 0.310 0.321 0.288 0.225 0.096 0.020 -0.035 -0.123 0.037 0.131 -0.088 -0.183 -0.137 -0.147 -0.087 -0.020 0.003 -0.217 -0.380 -0.440 -0.508 -0.486 -0.478 -0.451 -0.379 -0.369 -0.396 -0.318 -0.344 -0.325 -0.344 -0.367 -0.435 -0.440 -0.436 -0.430 -0.416 -0.411 -0.457 -0.463 -0.464 -0.432 -0.348
0.205 0.170 0.164 0.220 0.258 0.336 0.323 0.272 0.283 0.254 0.199 0.092 0.030 -0.018 -0.088 0.044 0.123 -0.057 -0.136 -0.097 -0.105 -0.055 0.000 0.018 -0.164 -0.304 -0.357 -0.419 -0.398 -0.392 -0.367 -0.303 -0.293 -0.318 -0.248 -0.271 -0.254 -0.271 -0.291 -0.353 -0.357 -0.353 -0.349 -0.336 -0.331 -0.372 -0.378 -0.379 -0.350 -0.276
0.217 0.181 0.175 0.235 0.274 0.355 0.342 0.289 0.300 0.270 0.212 0.097 0.029 -0.021 -0.098 0.044 0.128 -0.066 -0.151 -0.109 -0.118 -0.064 -0.004 0.015 -0.181 -0.329 -0.385 -0.450 -0.428 -0.421 -0.396 -0.329 -0.319 -0.344 -0.271 -0.295 -0.277 -0.296 -0.317 -0.381 -0.385 -0.381 -0.376 -0.363 -0.358 -0.401 -0.407 -0.408 -0.378 -0.300
0.209 0.174 0.168 0.225 0.263 0.343 0.329 0.278 0.289 0.259 0.204 0.094 0.031 -0.018 -0.090 0.045 0.125 -0.059 -0.140 -0.099 -0.108 -0.057 -0.000 0.018 -0.168 -0.310 -0.365 -0.427 -0.406 -0.400 -0.375 -0.310 -0.300 -0.325 -0.254 -0.277 -0.260 -0.278 -0.298 -0.360 -0.364 -0.360 -0.356 -0.343 -0.338 -0.380 -0.386 -0.386 -0.358 -0.282
0.217 0.181 0.175 0.235 0.274 0.356 0.342 0.289 0.300 0.270 0.212 0.097 0.029 -0.022 -0.098 0.044 0.129 -0.066 -0.151 -0.109 -0.118 -0.064 -0.004 0.015 -0.181 -0.330 -0.386 -0.450 -0.429 -0.422 -0.396 -0.329 -0.319 -0.344 -0.271 -0.296 -0.278 -0.296 -0.317 -0.381 -0.386 -0.382 -0.377 -0.363 -0.359 -0.402 -0.407 -0.408 -0.379 -0.300
0.226 0.189 0.183 0.245 0.286 0.370 0.356 0.302 0.313 0.281 0.221 0.099 0.027 -0.026 -0.108 0.043 0.132 -0.074 -0.164 -0.120 -0.130 -0.073 -0.009 0.012 -0.196 -0.352 -0.410 -0.476 -0.454 -0.447 -0.421 -0.351 -0.341 -0.367 -0.291 -0.317 -0.298 -0.317 -0.339 -0.405 -0.410 -0.406 -0.401 -0.387 -0.382 -0.426 -0.432 -0.433 -0.402 -0.321
0.244 0.204 0.199 0.269 0.313 0.403 0.388 0.331 0.343 0.308 0.240 0.100 0.015 -0.043 -0.139 0.034 0.136 -0.102 -0.205 -0.157 -0.168 -0.103 -0.029 -0.004 -0.243 -0.418 -0.482 -0.554 -0.530 -0.522 -0.494 -0.418 -0.407 -0.435 -0.353 -0.381 -0.360 -0.381 -0.405 -0.478 -0.482 -0.478 -0.472 -0.456 -0.451 -0.500 -0.506 -0.508 -0.474 -0.384
0.244 0.204 0.198 0.269 0.313 0.404 0.389 0.331 0.343 0.308 0.240 0.099 0.013 -0.045 -0.142 0.032 0.135 -0.105 -0.209 -0.160 -0.171 -0.105 -0.031 -0.006 -0.246 -0.423 -0.487 -0.559 -0.535 -0.527 -0.498 -0.422 -0.411 -0.440 -0.357 -0.385 -0.364 -0.386 -0.410 -0.482 -0.487 -0.482 -0.476 -0.461 -0.456 -0.505 -0.511 -0.512 -0.478 -0.388
0.243 0.203 0.198 0.267 0.312 0.402 0.387 0.329 0.341 0.306 0.239 0.099 0.014 -0.043 -0.140 0.033 0.135 -0.103 -0.206 -0.157 -0.168 -0.103 -0.030 -0.005 -0.243 -0.418 -0.482 -0.554 -0.530 -0.522 -0.494 -0.418 -0.407 -0.436 -0.353 -0.381 -0.360 -0.382 -0.406 -0.478 -0.482 -0.478 -0.472 -0.457 -0.451 -0.500 -0.506 -0.508 -0.474 -0.384
0.239 0.199 0.193 0.262 0.306 0.395 0.381 0.323 0.335 0.301 0.234 0.096 0.013 -0.044 -0.139 0.031 0.132 -0.103 -0.204 -0.156 -0.167 -0.103 -0.030 -0.006 -0.241 -0.413 -0.477 -0.547 -0.524 -0.516 -0.488 -0.413 -0.402 -0.430 -0.349 -0.376 -0.356 -0.377 -0.401 -0.472 -0.476 -0.472 -0.466 -0.451 -0.446 -0.494 -0.500 -0.502 -0.468 -0.380
0.234 0.195 0.190 0.257 0.300 0.388 0.373 0.317 0.329 0.295 0.230 0.096 0.015 -0.041 -0.132 0.033 0.131 -0.097 -0.195 -0.148 -0.159 -0.096 -0.026 -0.003 -0.231 -0.399 -0.461 -0.531 -0.508 -0.500 -0.472 -0.399 -0.388 -0.416 -0.336 -0.363 -0.343 -0.363 -0.387 -0.456 -0.461 -0.457 -0.451 -0.436 -0.431 -0.478 -0.485 -0.486 -0.453 -0.366
0.234 0.195 0.189 0.256 0.299 0.386 0.372 0.316 0.328 0.294 0.229 0.096 0.017 -0.039 -0.130 0.034 0.131 -0.094 -0.192 -0.145 -0.156 -0.094 -0.024 -0.001 -0.227 -0.394 -0.456 -0.525 -0.502 -0.495 -0.467 -0.394 -0.383 -0.411 -0.331 -0.358 -0.338 -0.359 -0.382 -0.451 -0.456 -0.451 -0.446 -0.431 -0.426 -0.473 -0.479 -0.480 -0.448 -0.362
0.248 0.207 0.201 0.273 0.319 0.411 0.396 0.337 0.349 0.313 0.244 0.098 0.010 -0.050 -0.150 0.029 0.135 -0.113 -0.219 -0.170 -0.181 -0.113 -0.037 -0.011 -0.258 -0.439 -0.505 -0.578 -0.554 -0.546 -0.516 -0.439 -0.428 -0.457 -0.372 -0.401 -0.380 -0.402 -0.426 -0.500 -0.505 -0.500 -0.494 -0.478 -0.473 -0.523 -0.530 -0.531 -0.496 -0.404
0.249 0.209 0.203 0.276 0.322 0.414 0.399 0.340 0.352 0.315 0.246 0.098 0.009 -0.051 -0.153 0.028 0.136 -0.115 -0.223 -0.173 -0.184 -0.116 -0.038 -0.012 -0.263 -0.445 -0.511 -0.585 -0.561 -0.552 -0.523 -0.444 -0.434 -0.463 -0.378 -0.407 -0.386 -0.407 -0.432 -0.506 -0.511 -0.506 -0.500 -0.485 -0.479 -0.530 -0.536 -0.537 -0.503 -0.410
0.250 0.209 0.203 0.276 0.323 0.415 0.400 0.341 0.353 0.316 0.247 0.099 0.009 -0.051 -0.153 0.028 0.136 -0.115 -0.223 -0.173 -0.185 -0.116 -0.038 -0.012 -0.263 -0.446 -0.513 -0.586 -0.562 -0.554 -0.524 -0.445 -0.435 -0.464 -0.379 -0.408 -0.386 -0.408 -0.433 -0.508 -0.512 -0.508 -0.502 -0.486 -0.480 -0.531 -0.537 -0.538 -0.504 -0.411
0.240 0.201 0.195 0.264 0.308 0.398 0.383 0.326 0.338 0.303 0.236 0.097 0.013 -0.044 -0.139 0.032 0.133 -0.103 -0.205 -0.156 -0.167 -0.103 -0.030 -0.005 -0.242 -0.415 -0.479 -0.550 -0.526 -0.518 -0.490 -0.415 -0.404 -0.432 -0.350 -0.378 -0.358 -0.379 -0.402 -0.474 -0.478 -0.474 -0.468 -0.453 -0.448 -0.496 -0.503 -0.504 -0.470 -0.381
0.207 0.172 0.166 0.225 0.264 0.344 0.331 0.279 0.290 0.260 0.202 0.088 0.022 -0.028 -0.105 0.037 0.120 -0.073 -0.157 -0.115 -0.124 -0.071 -0.011 0.008 -0.187 -0.333 -0.389 -0.452 -0.431 -0.424 -0.399 -0.333 -0.323 -0.348 -0.276 -0.300 -0.282 -0.300 -0.321 -0.384 -0.388 -0.384 -0.380 -0.366 -0.362 -0.404 -0.410 -0.411 -0.381 -0.304
