6.822
7.162
7.446
7.836
8.155
8.560
8.977
9.448
9.874
10.377
10.951
11.508
12.061
12.678
13.352
14.023
14.731
15.447
16.211
16.981
17.790
18.599
19.439
20.287
21.146
22.013
22.884
23.747
24.629
25.487
26.331
27.161
27.985
28.786
29.586
30.342
31.082
31.801
32.482
33.140
33.779
34.397
34.952
35.520
36.028
36.528
36.997
37.445
37.869
38.256
38.626
38.979
39.303
39.620
39.919
40.200
40.457
40.717
40.941
41.161
41.376
41.574
41.766
41.934
42.101
42.263
42.417
42.564
42.699
42.834
42.953
43.069
43.182
43.290
43.393
43.493
43.587
43.677
43.762
43.844
43.926
44.004
44.074
44.146
44.210
44.276
44.339
44.402
44.453
44.512
44.567
44.618
44.667
44.718
44.762
44.809
44.854
44.899
44.936
44.975
45.016
45.051
45.085
45.118
45.156
45.187
45.222
45.252
45.276
45.307
45.334
45.361
45.390
45.413
45.439
45.464
45.488
45.508
45.531
45.551
45.573
45.596
45.616
45.636
45.655
45.669
45.686
45.708
45.720
45.743
45.757
45.773
45.786
45.805
45.819
45.827
45.843
45.855
45.871
45.881
45.892
45.905
45.919
45.927
45.939
45.952
45.962
45.973
45.984
45.991
46.003
46.012
46.020
46.028
46.039
46.045
46.053
46.060
46.070
46.079
46.087
46.091
46.100
46.108
46.116
46.118
46.126
46.132
46.138
46.145
46.150
46.157
46.162
46.167
46.175
46.178
46.182
46.188
46.194
46.199
46.204
46.208
46.210
46.218
46.216
46.225
46.225
46.231
46.237
46.238
46.240
46.247
46.246
46.254
46.256
46.258
46.260
46.263
46.268
46.274
46.276
46.276
46.281
46.281
46.286
46.289
46.290
46.296
46.293
46.297
46.300
46.304
46.303
46.306
46.309
46.313
46.316
46.317
46.316
46.319
46.321
46.319
46.328
46.328
46.329
46.330
46.329
46.332
46.332
46.338
46.337
46.343
46.342
46.342
46.344
46.345
46.345
46.348
46.349
46.348
46.351
46.354
46.355
46.352
46.356
46.353
46.356
46.356
46.357
46.359
46.361
46.363
46.364
46.363
46.364
46.367
46.365
46.366
46.370
46.366
46.370
46.371
46.373
46.373
46.371
46.374
46.373
46.372
46.377
46.377
46.375
46.375
46.377
46.377
46.376
46.382
46.379
46.381
46.380
46.379
46.382
46.383
46.385
46.380
46.385
46.382
46.383
46.387
46.383
46.385
46.387
46.387
46.389
46.389
46.388
46.392
46.389
46.390
46.390
46.391
46.391
46.387
46.390
46.388
46.392
46.390
46.394
46.393
46.391
46.391
46.394
46.391
46.392
46.392
46.391
46.396
46.393
46.391
46.396
46.396
46.395
46.394
46.396
46.395
46.398
46.395
46.395
46.398
46.395
46.397
46.398
46.395
46.398
46.395
46.399
46.396
46.398
46.398
46.396
46.399
46.400
46.398
46.399
46.396
46.398
46.401
46.401
46.396
46.402
46.399
46.402
46.402
46.398
46.402
46.402
46.400
46.399
46.398
46.401
46.403
46.401
46.402
46.400
46.401
46.401
46.402
46.401
46.400
46.403
46.404
46.405
46.402
46.402
46.404
46.400
46.404
46.404
46.404
46.400
46.403
46.403
46.404
46.401
46.403
46.402
46.402
46.405
46.404
46.402
46.403
46.401
46.404
46.403
46.400
46.400
46.402
46.405
46.404
46.402
46.403
46.406
46.406
46.402
46.403
46.403
46.404
46.404
46.404
46.407
46.404
46.401
46.409
46.401
46.406
46.401
46.401
46.405
46.404
46.403
46.406
46.402
46.405
46.404
46.403
46.405
46.406
46.406
46.404
46.406
46.406
46.403
46.405
46.407
46.405
46.406
46.404
46.402
46.404
46.407
46.404
46.406
46.404
46.404
46.402
46.404
46.403
46.405
46.405
46.405
46.407
46.402
46.404
46.403
46.407
46.406
46.406
46.406
46.408
46.408
46.403
46.402
46.404
46.405
46.404
46.405
46.404
46.404
46.406
46.407
46.406
46.403
46.405
46.405
46.405
46.405
46.403
46.401
46.404
46.404
46.404
46.404
46.405
46.404
46.403
46.405
46.405
46.403
46.405
46.403
46.405
46.405
46.404
46.404
46.406
46.402
46.403
46.404
46.406
46.405
46.402
46.402
46.402
46.407
46.404
46.406
46.408
46.407
46.404
46.404
46.409
46.406
46.407
46.405
46.406
46.404
46.406
46.405
46.405
46.405
46.405
46.402
46.406
46.405
46.406
46.403
46.401
46.408
46.406
46.403
46.407
46.408
46.406
46.406
46.406
46.404
46.407
46.403
46.406
46.402
46.403
46.403
46.407
46.405
46.407
46.404
46.403
46.404
46.404
46.410
46.407
46.406
46.404
46.407
46.408
46.407
46.407
46.404
46.404
46.406
46.403
46.405
46.409
46.403
46.407
46.404
46.407
46.405
46.409
46.403
46.405
46.404
46.404
46.403
46.405
46.403
46.405
46.406
46.404
46.406
46.404
46.403
46.403
46.407
46.407
46.404
46.403
46.406
46.407
46.402
46.402
46.407
46.407
46.405
46.408
46.407
46.408
46.405
46.403
46.408
46.403
46.408
46.406
46.406
46.405
46.408
46.405
46.409
46.407
46.405
46.405
46.407
46.405
46.405
46.406
46.404
46.408
46.405
46.405
46.405
46.406
46.406
46.404
46.407
46.403
46.406
46.408
46.404
46.405
46.406
46.406
46.405
46.406
46.404
46.405
46.405
46.407
46.403
46.408
46.402
46.402
46.404
46.406
46.405
46.408
46.408
46.403
46.403
46.404
46.407
46.403
46.406
46.405
46.405
46.405
46.406
46.408
46.407
46.403
46.406
46.404
46.407
46.407
46.405
46.402
46.406
46.406
46.406
46.404
46.404
46.408
46.410
46.404
46.404
46.405
46.406
46.407
46.405
46.406
46.404
46.408
46.406
46.403
46.408
46.406
46.401
46.407
46.404
46.406
46.407
46.406
46.404
46.405
46.408
46.406
46.404
46.406
46.405
46.406
46.407
46.405
46.406
46.409
46.405
46.404
46.403
46.404
46.406
46.405
46.406
46.404
46.408
46.404
46.405
46.406
46.406
46.408
46.405
46.407
46.408
46.408
46.406
46.407
46.408
46.406
46.405
46.406
46.403
46.407
46.406
46.405
46.403
46.407
46.406
46.406
46.404
46.404
46.407
46.405
46.404
46.405
46.407
46.407
46.406
46.404
46.403
46.406
46.403
46.405
46.407
46.402
46.406
46.406
46.408
46.406
46.403
46.406
46.407
46.406
46.407
46.404
46.407
46.405
46.406
46.407
46.406
46.407
46.404
46.403
46.406
46.406
46.405
46.406
46.405
46.406
46.405
46.405
46.406
46.405
46.408
46.405
46.407
46.405
46.402
46.407
46.404
46.404
46.406
46.405
46.405
46.405
46.405
46.408
46.409
46.408
46.407
46.406
46.407
46.407
46.403
46.404
46.406
46.403
46.405
46.403
46.407
46.406
46.405
46.406
46.405
46.405
46.407
46.402
46.407
46.405
46.409
46.404
46.407
46.406
46.405
46.408
46.409
46.409
46.405
46.404
46.403
46.404
46.405
46.404
46.403
46.405
46.407
46.404
46.405
46.404
46.404
46.404
46.408
46.405
46.408
46.407
46.407
46.406
46.406
46.406
46.409
46.406
46.407
46.404
46.406
46.404
46.405
46.405
46.404
46.408
46.406
46.405
46.405
46.404
46.409
46.406
46.406
46.402
46.405
46.407
46.404
46.404
46.404
46.404
46.407
46.407
46.406
46.405
46.404
46.404
46.408
46.407
46.405
46.405
46.405
46.406
46.403
46.407
46.407
46.405
46.405
46.406
46.405
46.407
46.405
46.406
46.407
46.405
46.405
46.404
46.404
46.406
46.402
46.403
46.406
46.403
46.407
46.405
46.407
46.404
46.402
46.407
46.406
46.406
46.404
46.406
46.404
46.404
46.406
46.404
46.404
46.404
46.405
46.404
46.405
46.406
46.401
46.405
46.403
46.407
46.404
46.405
46.404
46.406
46.404
46.406
46.406
46.402
46.405
46.404
46.408
46.406
46.405
46.404
46.407
46.406
46.407
46.404
46.403
46.404
46.406
46.405
46.402
46.405
46.407
46.407
46.404
46.403
46.408
46.406
46.404
46.403
46.408
46.407
46.409
46.403
46.404
46.404
46.403
46.406
46.405
46.405
46.408
46.406
46.408
46.405
46.403
46.405
46.405
46.405
46.407
46.407
46.401
46.407
46.405
46.406
46.407
46.405
46.405
46.406
46.407
46.408
46.404
46.403
46.407
46.403
46.403
46.405
46.406
46.402
46.404
46.404
46.404
46.404
46.405
46.404
46.405
46.408
46.409
46.407
46.409
46.406
46.405
46.403
46.406
46.406
46.403
46.405
46.405
46.405
46.404
46.404
46.405
46.404
46.408
46.405
46.404
46.404
46.404
46.405
