-0.398 -0.409 -0.407 -0.409 -0.392 -0.397 -0.389 -0.339 -0.218 0.208 -0.212 -0.242 -0.346 -0.234 -0.172 -0.249 -0.284 -0.338 -0.367 -0.266 -0.354 -0.248 -0.293 -0.376 -0.117 -0.232 -0.254 -0.372 -0.392 -0.410 -0.397 -0.349 -0.233 -0.289 0.250 0.250 0.312 0.292 0.020 -0.297 -0.208 0.011 0.136 0.201 0.275 0.288 0.339 0.291 0.253 0.162
-0.409 -0.422 -0.420 -0.421 -0.402 -0.408 -0.399 -0.344 -0.213 0.252 -0.206 -0.239 -0.351 -0.230 -0.161 -0.245 -0.282 -0.342 -0.375 -0.264 -0.360 -0.245 -0.294 -0.385 -0.101 -0.225 -0.250 -0.380 -0.402 -0.422 -0.408 -0.355 -0.228 -0.289 0.297 0.297 0.366 0.343 0.048 -0.299 -0.201 0.037 0.173 0.244 0.326 0.340 0.396 0.343 0.301 0.202
-0.407 -0.420 -0.418 -0.419 -0.401 -0.406 -0.398 -0.343 -0.215 0.240 -0.209 -0.241 -0.351 -0.232 -0.165 -0.247 -0.284 -0.342 -0.374 -0.265 -0.359 -0.247 -0.295 -0.383 -0.106 -0.228 -0.252 -0.379 -0.401 -0.420 -0.406 -0.355 -0.230 -0.290 0.284 0.284 0.351 0.329 0.040 -0.299 -0.204 0.029 0.163 0.232 0.312 0.325 0.380 0.328 0.288 0.190
-0.409 -0.421 -0.419 -0.420 -0.402 -0.407 -0.399 -0.344 -0.215 0.241 -0.209 -0.241 -0.352 -0.232 -0.165 -0.247 -0.284 -0.343 -0.375 -0.266 -0.360 -0.247 -0.296 -0.384 -0.106 -0.228 -0.252 -0.380 -0.402 -0.422 -0.407 -0.355 -0.230 -0.291 0.285 0.286 0.353 0.331 0.040 -0.300 -0.204 0.030 0.164 0.233 0.313 0.327 0.382 0.330 0.289 0.192
-0.392 -0.402 -0.401 -0.402 -0.386 -0.391 -0.383 -0.334 -0.216 0.199 -0.211 -0.241 -0.341 -0.233 -0.173 -0.247 -0.281 -0.333 -0.362 -0.264 -0.349 -0.247 -0.290 -0.370 -0.119 -0.231 -0.253 -0.367 -0.386 -0.403 -0.391 -0.345 -0.231 -0.286 0.239 0.239 0.299 0.279 0.016 -0.294 -0.207 0.006 0.128 0.192 0.264 0.276 0.325 0.278 0.242 0.153
-0.397 -0.408 -0.406 -0.407 -0.391 -0.395 -0.388 -0.337 -0.216 0.211 -0.210 -0.241 -0.344 -0.233 -0.170 -0.247 -0.282 -0.336 -0.366 -0.264 -0.352 -0.247 -0.292 -0.374 -0.115 -0.230 -0.253 -0.371 -0.391 -0.408 -0.395 -0.348 -0.231 -0.287 0.253 0.252 0.315 0.294 0.023 -0.296 -0.206 0.013 0.139 0.204 0.278 0.291 0.342 0.293 0.256 0.164
-0.389 -0.399 -0.398 -0.399 -0.383 -0.388 -0.380 -0.331 -0.213 0.203 -0.208 -0.237 -0.338 -0.230 -0.170 -0.244 -0.278 -0.330 -0.360 -0.261 -0.346 -0.243 -0.287 -0.368 -0.116 -0.228 -0.250 -0.365 -0.384 -0.400 -0.388 -0.342 -0.228 -0.282 0.244 0.243 0.304 0.284 0.020 -0.291 -0.203 0.010 0.133 0.196 0.268 0.281 0.330 0.283 0.246 0.157
-0.339 -0.344 -0.343 -0.344 -0.334 -0.337 -0.331 -0.292 -0.192 0.153 -0.188 -0.215 -0.299 -0.209 -0.163 -0.225 -0.254 -0.293 -0.317 -0.236 -0.306 -0.222 -0.255 -0.321 -0.119 -0.214 -0.232 -0.321 -0.334 -0.344 -0.337 -0.302 -0.209 -0.251 0.186 0.184 0.232 0.217 -0.001 -0.259 -0.187 -0.008 0.094 0.147 0.204 0.214 0.253 0.215 0.186 0.113
-0.218 -0.213 -0.215 -0.215 -0.216 -0.216 -0.213 -0.192 -0.126 0.089 -0.125 -0.147 -0.200 -0.145 -0.125 -0.165 -0.184 -0.197 -0.213 -0.165 -0.205 -0.157 -0.169 -0.209 -0.101 -0.165 -0.174 -0.216 -0.216 -0.211 -0.215 -0.202 -0.147 -0.166 0.110 0.104 0.126 0.122 -0.010 -0.175 -0.129 -0.014 0.051 0.086 0.114 0.120 0.137 0.118 0.103 0.058
0.208 0.252 0.240 0.241 0.199 0.211 0.203 0.153 0.089 -0.197 0.079 0.078 0.145 0.064 -0.015 0.032 0.050 0.136 0.150 0.072 0.148 0.059 0.125 0.185 -0.065 -0.008 0.015 0.153 0.199 0.259 0.215 0.145 0.053 0.123 -0.226 -0.246 -0.319 -0.285 -0.086 0.115 0.055 -0.076 -0.153 -0.190 -0.274 -0.283 -0.346 -0.295 -0.256 -0.192
-0.212 -0.206 -0.209 -0.209 -0.211 -0.210 -0.208 -0.188 -0.125 0.079 -0.124 -0.145 -0.196 -0.144 -0.126 -0.164 -0.182 -0.193 -0.209 -0.163 -0.200 -0.155 -0.166 -0.204 -0.103 -0.164 -0.173 -0.211 -0.211 -0.205 -0.209 -0.198 -0.146 -0.163 0.099 0.092 0.113 0.109 -0.016 -0.172 -0.128 -0.019 0.043 0.076 0.102 0.107 0.123 0.105 0.092 0.049
-0.242 -0.239 -0.241 -0.241 -0.241 -0.241 -0.237 -0.215 -0.147 0.078 -0.145 -0.167 -0.222 -0.165 -0.142 -0.183 -0.203 -0.219 -0.236 -0.185 -0.227 -0.176 -0.190 -0.233 -0.116 -0.181 -0.191 -0.238 -0.241 -0.237 -0.240 -0.225 -0.166 -0.188 0.099 0.094 0.119 0.113 -0.025 -0.196 -0.148 -0.029 0.039 0.075 0.105 0.111 0.131 0.110 0.094 0.046
-0.346 -0.351 -0.351 -0.352 -0.341 -0.344 -0.338 -0.299 -0.200 0.145 -0.196 -0.222 -0.305 -0.216 -0.169 -0.231 -0.260 -0.299 -0.324 -0.243 -0.312 -0.229 -0.262 -0.328 -0.126 -0.220 -0.238 -0.328 -0.341 -0.351 -0.344 -0.309 -0.216 -0.258 0.179 0.177 0.224 0.210 -0.008 -0.266 -0.194 -0.016 0.086 0.139 0.196 0.207 0.245 0.208 0.179 0.105
-0.234 -0.230 -0.232 -0.232 -0.233 -0.233 -0.230 -0.209 -0.145 0.064 -0.144 -0.165 -0.216 -0.164 -0.143 -0.182 -0.200 -0.213 -0.229 -0.182 -0.221 -0.174 -0.187 -0.226 -0.120 -0.181 -0.190 -0.232 -0.233 -0.228 -0.232 -0.219 -0.165 -0.184 0.083 0.078 0.100 0.096 -0.033 -0.192 -0.148 -0.037 0.027 0.061 0.088 0.094 0.111 0.092 0.078 0.033
-0.172 -0.161 -0.165 -0.165 -0.173 -0.170 -0.170 -0.163 -0.125 -0.015 -0.126 -0.142 -0.169 -0.143 -0.141 -0.162 -0.173 -0.169 -0.178 -0.156 -0.172 -0.152 -0.150 -0.170 -0.132 -0.169 -0.172 -0.180 -0.173 -0.159 -0.169 -0.171 -0.146 -0.148 -0.005 -0.012 -0.008 -0.006 -0.069 -0.156 -0.132 -0.071 -0.035 -0.016 -0.010 -0.007 -0.004 -0.010 -0.014 -0.037
-0.249 -0.245 -0.247 -0.247 -0.247 -0.247 -0.244 -0.225 -0.165 0.032 -0.164 -0.183 -0.231 -0.182 -0.162 -0.199 -0.216 -0.229 -0.244 -0.199 -0.236 -0.192 -0.204 -0.241 -0.140 -0.198 -0.207 -0.246 -0.247 -0.243 -0.246 -0.234 -0.183 -0.201 0.051 0.046 0.067 0.063 -0.059 -0.209 -0.167 -0.062 -0.002 0.029 0.055 0.061 0.077 0.059 0.046 0.004
-0.284 -0.282 -0.284 -0.284 -0.281 -0.282 -0.278 -0.254 -0.184 0.050 -0.182 -0.203 -0.260 -0.200 -0.173 -0.216 -0.236 -0.256 -0.274 -0.220 -0.265 -0.211 -0.229 -0.273 -0.146 -0.212 -0.223 -0.277 -0.281 -0.282 -0.281 -0.263 -0.201 -0.226 0.072 0.068 0.096 0.089 -0.056 -0.233 -0.184 -0.061 0.009 0.046 0.080 0.087 0.110 0.086 0.069 0.019
-0.338 -0.342 -0.342 -0.343 -0.333 -0.336 -0.330 -0.293 -0.197 0.136 -0.193 -0.219 -0.299 -0.213 -0.169 -0.229 -0.256 -0.294 -0.317 -0.239 -0.306 -0.226 -0.257 -0.321 -0.127 -0.218 -0.235 -0.321 -0.333 -0.342 -0.336 -0.303 -0.213 -0.253 0.168 0.166 0.211 0.197 -0.012 -0.262 -0.191 -0.020 0.079 0.130 0.185 0.194 0.231 0.195 0.167 0.096
-0.367 -0.375 -0.374 -0.375 -0.362 -0.366 -0.360 -0.317 -0.213 0.150 -0.209 -0.236 -0.324 -0.229 -0.178 -0.244 -0.274 -0.317 -0.343 -0.257 -0.331 -0.242 -0.279 -0.349 -0.132 -0.231 -0.250 -0.347 -0.362 -0.375 -0.366 -0.327 -0.228 -0.274 0.185 0.184 0.236 0.219 -0.011 -0.283 -0.206 -0.019 0.088 0.144 0.206 0.216 0.258 0.218 0.187 0.109
-0.266 -0.264 -0.265 -0.266 -0.264 -0.264 -0.261 -0.236 -0.165 0.072 -0.163 -0.185 -0.243 -0.182 -0.156 -0.199 -0.220 -0.239 -0.257 -0.203 -0.248 -0.193 -0.210 -0.255 -0.128 -0.196 -0.207 -0.260 -0.264 -0.263 -0.263 -0.245 -0.183 -0.207 0.095 0.091 0.119 0.112 -0.036 -0.215 -0.165 -0.040 0.031 0.069 0.103 0.110 0.132 0.109 0.091 0.041
-0.354 -0.360 -0.359 -0.360 -0.349 -0.352 -0.346 -0.306 -0.205 0.148 -0.200 -0.227 -0.312 -0.221 -0.172 -0.236 -0.265 -0.306 -0.331 -0.248 -0.319 -0.234 -0.268 -0.336 -0.128 -0.224 -0.242 -0.335 -0.349 -0.360 -0.352 -0.316 -0.220 -0.264 0.182 0.180 0.229 0.214 -0.009 -0.272 -0.198 -0.017 0.088 0.142 0.201 0.211 0.251 0.212 0.182 0.107
-0.248 -0.245 -0.247 -0.247 -0.247 -0.247 -0.243 -0.222 -0.157 0.059 -0.155 -0.176 -0.229 -0.174 -0.152 -0.192 -0.211 -0.226 -0.242 -0.193 -0.234 -0.185 -0.199 -0.239 -0.127 -0.190 -0.200 -0.245 -0.247 -0.243 -0.246 -0.231 -0.176 -0.196 0.079 0.074 0.098 0.093 -0.040 -0.204 -0.158 -0.044 0.021 0.056 0.085 0.091 0.109 0.089 0.074 0.028
-0.293 -0.294 -0.295 -0.296 -0.290 -0.292 -0.287 -0.255 -0.169 0.125 -0.166 -0.190 -0.262 -0.187 -0.150 -0.204 -0.229 -0.257 -0.279 -0.210 -0.268 -0.199 -0.223 -0.279 -0.114 -0.197 -0.211 -0.282 -0.290 -0.294 -0.291 -0.265 -0.187 -0.220 0.153 0.149 0.187 0.176 -0.007 -0.228 -0.166 -0.013 0.074 0.120 0.165 0.174 0.204 0.174 0.150 0.088
-0.376 -0.385 -0.383 -0.384 -0.370 -0.374 -0.368 -0.321 -0.209 0.185 -0.204 -0.233 -0.328 -0.226 -0.170 -0.241 -0.273 -0.321 -0.349 -0.255 -0.336 -0.239 -0.279 -0.356 -0.119 -0.226 -0.247 -0.353 -0.371 -0.385 -0.374 -0.332 -0.225 -0.275 0.223 0.222 0.279 0.261 0.011 -0.284 -0.201 0.002 0.118 0.178 0.246 0.257 0.303 0.259 0.225 0.141
-0.117 -0.101 -0.106 -0.106 -0.119 -0.115 -0.116 -0.119 -0.101 -0.065 -0.103 -0.116 -0.126 -0.120 -0.132 -0.140 -0.146 -0.127 -0.132 -0.128 -0.128 -0.127 -0.114 -0.119 -0.133 -0.152 -0.150 -0.133 -0.119 -0.098 -0.113 -0.127 -0.124 -0.113 -0.062 -0.072 -0.081 -0.073 -0.088 -0.121 -0.113 -0.087 -0.073 -0.065 -0.074 -0.074 -0.083 -0.078 -0.075 -0.082
-0.232 -0.225 -0.228 -0.228 -0.231 -0.230 -0.228 -0.214 -0.165 -0.008 -0.164 -0.181 -0.220 -0.181 -0.169 -0.198 -0.212 -0.218 -0.231 -0.196 -0.224 -0.190 -0.197 -0.226 -0.152 -0.200 -0.206 -0.233 -0.231 -0.224 -0.229 -0.222 -0.183 -0.195 0.007 0.002 0.016 0.014 -0.081 -0.202 -0.168 -0.084 -0.036 -0.010 0.008 0.013 0.023 0.010 0.001 -0.032
-0.254 -0.250 -0.252 -0.252 -0.253 -0.253 -0.250 -0.232 -0.174 0.015 -0.173 -0.191 -0.238 -0.190 -0.172 -0.207 -0.223 -0.235 -0.250 -0.207 -0.242 -0.200 -0.211 -0.247 -0.150 -0.206 -0.214 -0.252 -0.253 -0.249 -0.252 -0.240 -0.192 -0.209 0.033 0.028 0.049 0.045 -0.072 -0.216 -0.176 -0.075 -0.018 0.013 0.037 0.043 0.059 0.041 0.028 -0.012
-0.372 -0.380 -0.379 -0.380 -0.367 -0.371 -0.365 -0.321 -0.216 0.153 -0.211 -0.238 -0.328 -0.232 -0.180 -0.246 -0.277 -0.321 -0.347 -0.260 -0.335 -0.245 -0.282 -0.353 -0.133 -0.233 -0.252 -0.352 -0.367 -0.380 -0.371 -0.331 -0.231 -0.278 0.189 0.188 0.240 0.224 -0.010 -0.286 -0.208 -0.019 0.090 0.147 0.210 0.221 0.264 0.222 0.191 0.111
-0.392 -0.402 -0.401 -0.402 -0.386 -0.391 -0.384 -0.334 -0.216 0.199 -0.211 -0.241 -0.341 -0.233 -0.173 -0.247 -0.281 -0.333 -0.362 -0.264 -0.349 -0.247 -0.290 -0.371 -0.119 -0.231 -0.253 -0.367 -0.387 -0.403 -0.391 -0.345 -0.231 -0.286 0.239 0.239 0.299 0.280 0.016 -0.294 -0.207 0.006 0.128 0.192 0.264 0.276 0.326 0.279 0.242 0.153
-0.410 -0.422 -0.420 -0.422 -0.403 -0.408 -0.400 -0.344 -0.211 0.259 -0.205 -0.237 -0.351 -0.228 -0.159 -0.243 -0.282 -0.342 -0.375 -0.263 -0.360 -0.243 -0.294 -0.385 -0.098 -0.224 -0.249 -0.380 -0.403 -0.423 -0.408 -0.355 -0.226 -0.289 0.304 0.304 0.373 0.351 0.052 -0.298 -0.199 0.041 0.179 0.250 0.333 0.347 0.404 0.350 0.308 0.207
-0.397 -0.408 -0.406 -0.407 -0.391 -0.395 -0.388 -0.337 -0.215 0.215 -0.209 -0.240 -0.344 -0.232 -0.169 -0.246 -0.281 -0.336 -0.366 -0.263 -0.352 -0.246 -0.291 -0.374 -0.113 -0.229 -0.252 -0.371 -0.391 -0.408 -0.395 -0.348 -0.230 -0.286 0.257 0.257 0.319 0.299 0.026 -0.295 -0.204 0.016 0.142 0.208 0.283 0.295 0.347 0.298 0.260 0.168
-0.349 -0.355 -0.355 -0.355 -0.345 -0.348 -0.342 -0.302 -0.202 0.145 -0.198 -0.225 -0.309 -0.219 -0.171 -0.234 -0.263 -0.303 -0.327 -0.245 -0.316 -0.231 -0.265 -0.332 -0.127 -0.222 -0.240 -0.331 -0.345 -0.355 -0.348 -0.312 -0.218 -0.261 0.178 0.177 0.225 0.210 -0.009 -0.269 -0.196 -0.017 0.086 0.139 0.197 0.207 0.246 0.208 0.179 0.105
-0.233 -0.228 -0.230 -0.230 -0.231 -0.231 -0.228 -0.209 -0.147 0.053 -0.146 -0.166 -0.216 -0.165 -0.146 -0.183 -0.201 -0.213 -0.228 -0.183 -0.220 -0.176 -0.187 -0.225 -0.124 -0.183 -0.192 -0.231 -0.231 -0.226 -0.230 -0.218 -0.167 -0.184 0.073 0.067 0.088 0.084 -0.039 -0.192 -0.150 -0.043 0.018 0.051 0.076 0.082 0.098 0.080 0.067 0.024
-0.289 -0.289 -0.290 -0.291 -0.286 -0.287 -0.282 -0.251 -0.166 0.123 -0.163 -0.188 -0.258 -0.184 -0.148 -0.201 -0.226 -0.253 -0.274 -0.207 -0.264 -0.196 -0.220 -0.275 -0.113 -0.195 -0.209 -0.278 -0.286 -0.289 -0.286 -0.261 -0.184 -0.217 0.151 0.147 0.184 0.173 -0.007 -0.225 -0.164 -0.013 0.073 0.118 0.162 0.171 0.200 0.171 0.148 0.086
0.250 0.297 0.284 0.285 0.239 0.253 0.244 0.186 0.110 -0.226 0.099 0.099 0.179 0.083 -0.005 0.051 0.072 0.168 0.185 0.095 0.182 0.079 0.153 0.223 -0.062 0.007 0.033 0.189 0.239 0.304 0.257 0.178 0.073 0.151 -0.259 -0.281 -0.363 -0.325 -0.094 0.143 0.073 -0.083 -0.173 -0.217 -0.312 -0.323 -0.393 -0.336 -0.291 -0.217
0.250 0.297 0.284 0.286 0.239 0.252 0.243 0.184 0.104 -0.246 0.092 0.094 0.177 0.078 -0.012 0.046 0.068 0.166 0.184 0.091 0.180 0.074 0.149 0.222 -0.072 0.002 0.028 0.188 0.239 0.304 0.257 0.177 0.067 0.147 -0.281 -0.302 -0.386 -0.348 -0.108 0.139 0.066 -0.097 -0.191 -0.237 -0.335 -0.346 -0.418 -0.359 -0.313 -0.236
0.312 0.366 0.351 0.353 0.299 0.315 0.304 0.232 0.126 -0.319 0.113 0.119 0.224 0.100 -0.008 0.067 0.096 0.211 0.236 0.119 0.229 0.098 0.187 0.279 -0.081 0.016 0.049 0.240 0.299 0.373 0.319 0.225 0.088 0.184 -0.363 -0.386 -0.487 -0.442 -0.140 0.176 0.084 -0.126 -0.248 -0.307 -0.425 -0.439 -0.526 -0.454 -0.398 -0.301
0.292 0.343 0.329 0.331 0.279 0.294 0.284 0.217 0.122 -0.285 0.109 0.113 0.210 0.096 -0.006 0.063 0.089 0.197 0.219 0.112 0.214 0.093 0.176 0.261 -0.073 0.014 0.045 0.224 0.280 0.351 0.299 0.210 0.084 0.173 -0.325 -0.348 -0.442 -0.400 -0.123 0.166 0.081 -0.110 -0.220 -0.274 -0.384 -0.397 -0.478 -0.412 -0.359 -0.270
0.020 0.048 0.040 0.040 0.016 0.023 0.020 -0.001 -0.010 -0.086 -0.016 -0.025 -0.008 -0.033 -0.069 -0.059 -0.056 -0.012 -0.011 -0.036 -0.009 -0.040 -0.007 0.011 -0.088 -0.081 -0.072 -0.010 0.016 0.052 0.026 -0.009 -0.039 -0.007 -0.094 -0.108 -0.140 -0.123 -0.063 -0.015 -0.031 -0.059 -0.076 -0.083 -0.120 -0.123 -0.151 -0.131 -0.114 -0.096
-0.297 -0.299 -0.299 -0.300 -0.294 -0.296 -0.291 -0.259 -0.175 0.115 -0.172 -0.196 -0.266 -0.192 -0.156 -0.209 -0.233 -0.262 -0.283 -0.215 -0.272 -0.204 -0.228 -0.284 -0.121 -0.202 -0.216 -0.286 -0.294 -0.298 -0.295 -0.269 -0.192 -0.225 0.143 0.139 0.176 0.166 -0.015 -0.233 -0.172 -0.021 0.065 0.110 0.155 0.163 0.193 0.163 0.140 0.079
-0.208 -0.201 -0.204 -0.204 -0.207 -0.206 -0.203 -0.187 -0.129 0.055 -0.128 -0.148 -0.194 -0.148 -0.132 -0.167 -0.184 -0.191 -0.206 -0.165 -0.198 -0.158 -0.166 -0.201 -0.113 -0.168 -0.176 -0.208 -0.207 -0.199 -0.204 -0.196 -0.150 -0.164 0.073 0.066 0.084 0.081 -0.031 -0.172 -0.133 -0.034 0.023 0.053 0.074 0.080 0.093 0.077 0.066 0.027
0.011 0.037 0.029 0.030 0.006 0.013 0.010 -0.008 -0.014 -0.076 -0.019 -0.029 -0.016 -0.037 -0.071 -0.062 -0.061 -0.020 -0.019 -0.040 -0.017 -0.044 -0.013 0.002 -0.087 -0.084 -0.075 -0.019 0.006 0.041 0.016 -0.017 -0.043 -0.013 -0.083 -0.097 -0.126 -0.110 -0.059 -0.021 -0.034 -0.056 -0.069 -0.073 -0.107 -0.110 -0.136 -0.117 -0.102 -0.087
0.136 0.173 0.163 0.164 0.128 0.139 0.133 0.094 0.051 -0.153 0.043 0.039 0.086 0.027 -0.035 -0.002 0.009 0.079 0.088 0.031 0.088 0.021 0.074 0.118 -0.073 -0.036 -0.018 0.090 0.128 0.179 0.142 0.086 0.018 0.073 -0.173 -0.191 -0.248 -0.220 -0.076 0.065 0.023 -0.069 -0.122 -0.147 -0.213 -0.219 -0.269 -0.230 -0.199 -0.154
0.201 0.244 0.232 0.233 0.192 0.204 0.196 0.147 0.086 -0.190 0.076 0.075 0.139 0.061 -0.016 0.029 0.046 0.130 0.144 0.069 0.142 0.056 0.120 0.178 -0.065 -0.010 0.013 0.147 0.192 0.250 0.208 0.139 0.051 0.118 -0.217 -0.237 -0.307 -0.274 -0.083 0.110 0.053 -0.073 -0.147 -0.182 -0.264 -0.273 -0.334 -0.285 -0.246 -0.185
0.275 0.326 0.312 0.313 0.264 0.278 0.268 0.204 0.114 -0.274 0.102 0.105 0.196 0.088 -0.010 0.055 0.080 0.185 0.206 0.103 0.201 0.085 0.165 0.246 -0.074 0.008 0.037 0.210 0.264 0.333 0.283 0.197 0.076 0.162 -0.312 -0.335 -0.425 -0.384 -0.120 0.155 0.074 -0.107 -0.213 -0.264 -0.370 -0.382 -0.460 -0.396 -0.346 -0.261
0.288 0.340 0.325 0.327 0.276 0.291 0.281 0.214 0.120 -0.283 0.107 0.111 0.207 0.094 -0.007 0.061 0.087 0.194 0.216 0.110 0.211 0.091 0.174 0.257 -0.074 0.013 0.043 0.221 0.276 0.347 0.295 0.207 0.082 0.171 -0.323 -0.346 -0.439 -0.397 -0.123 0.163 0.080 -0.110 -0.219 -0.273 -0.382 -0.395 -0.475 -0.409 -0.357 -0.269
0.339 0.396 0.380 0.382 0.325 0.342 0.330 0.253 0.137 -0.346 0.123 0.131 0.245 0.111 -0.004 0.077 0.110 0.231 0.258 0.132 0.251 0.109 0.204 0.303 -0.083 0.023 0.059 0.264 0.326 0.404 0.347 0.246 0.098 0.200 -0.393 -0.418 -0.526 -0.478 -0.151 0.193 0.093 -0.136 -0.269 -0.334 -0.460 -0.475 -0.567 -0.491 -0.431 -0.325
0.291 0.343 0.328 0.330 0.278 0.293 0.283 0.215 0.118 -0.295 0.105 0.110 0.208 0.092 -0.010 0.059 0.086 0.195 0.218 0.109 0.212 0.089 0.174 0.259 -0.078 0.010 0.041 0.222 0.279 0.350 0.298 0.208 0.080 0.171 -0.336 -0.359 -0.454 -0.412 -0.131 0.163 0.077 -0.117 -0.230 -0.285 -0.396 -0.409 -0.491 -0.424 -0.371 -0.280
0.253 0.301 0.288 0.289 0.242 0.256 0.246 0.186 0.103 -0.256 0.092 0.094 0.179 0.078 -0.014 0.046 0.069 0.167 0.187 0.091 0.182 0.074 0.150 0.225 -0.075 0.001 0.028 0.191 0.242 0.308 0.260 0.179 0.067 0.148 -0.291 -0.313 -0.398 -0.359 -0.114 0.140 0.066 -0.102 -0.199 -0.246 -0.346 -0.357 -0.431 -0.371 -0.324 -0.245
0.162 0.202 0.190 0.192 0.153 0.164 0.157 0.113 0.058 -0.192 0.049 0.046 0.105 0.033 -0.037 0.004 0.019 0.096 0.109 0.041 0.107 0.028 0.088 0.141 -0.082 -0.032 -0.012 0.111 0.153 0.207 0.168 0.105 0.024 0.086 -0.217 -0.236 -0.301 -0.270 -0.096 0.079 0.027 -0.087 -0.154 -0.185 -0.261 -0.269 -0.325 -0.280 -0.245 -0.189
