0.803
0.807
0.812
0.817
0.822
0.827
0.832
0.836
0.841
0.846
0.851
0.856
0.861
0.866
0.871
0.876
0.881
0.886
0.890
0.895
0.900
0.905
0.910
0.915
0.920
0.925
0.930
0.935
0.940
0.945
0.950
0.955
0.960
0.965
0.970
0.975
0.980
0.985
0.990
0.995
1.000
1.005
1.010
1.015
1.020
1.025
1.030
1.035
1.040
1.045
1.050
1.055
1.060
1.065
1.070
1.075
1.080
1.085
1.090
1.095
1.100
1.105
1.110
1.114
1.119
1.124
1.129
1.134
1.139
1.144
1.149
1.154
1.159
1.164
1.168
1.173
1.178
1.183
1.188
1.193
1.197
1.202
1.207
1.212
1.217
1.221
1.226
1.231
1.235
1.240
1.245
1.250
1.254
1.259
1.264
1.268
1.273
1.278
1.282
1.287
1.291
1.296
1.300
1.305
1.310
1.314
1.319
1.323
1.327
1.332
1.336
1.341
1.345
1.350
1.354
1.358
1.363
1.367
1.371
1.376
1.380
1.384
1.388
1.393
1.397
1.401
1.405
1.409
1.414
1.418
1.422
1.426
1.430
1.434
1.438
1.442
1.446
1.450
1.454
1.458
1.462
1.466
1.470
1.474
1.478
1.482
1.485
1.489
1.493
1.497
1.501
1.504
1.508
1.512
1.515
1.519
1.523
1.526
1.530
1.533
1.537
1.541
1.544
1.548
1.551
1.555
1.558
1.561
1.565
1.568
1.572
1.575
1.578
1.582
1.585
1.588
1.592
1.595
1.598
1.601
1.604
1.608
1.611
1.614
1.617
1.620
1.623
1.626
1.629
1.632
1.635
1.638
1.641
1.644
1.647
1.650
1.653
1.656
1.658
1.661
1.664
1.667
1.670
1.672
1.675
1.678
1.680
1.683
1.686
1.688
1.691
1.694
1.696
1.699
1.701
1.704
1.706
1.709
1.711
1.714
1.716
1.719
1.721
1.724
1.726
1.728
1.731
1.733
1.735
1.738
1.740
1.742
1.744
1.746
1.749
1.751
1.753
1.755
1.757
1.759
1.762
1.764
1.766
1.768
1.770
1.772
1.774
1.776
1.778
1.780
1.782
1.784
1.786
1.788
1.789
1.791
1.793
1.795
1.797
1.799
1.800
1.802
1.804
1.806
1.808
1.809
1.811
1.813
1.814
1.816
1.818
1.819
1.821
1.823
1.824
1.826
1.827
1.829
1.831
1.832
1.834
1.835
1.837
1.838
1.840
1.841
1.843
1.844
1.845
1.847
1.848
1.850
1.851
1.852
1.854
1.855
1.856
1.858
1.859
1.860
1.862
1.863
1.864
1.866
1.867
1.868
1.869
1.870
1.872
1.873
1.874
1.875
1.876
1.878
1.879
1.880
1.881
1.882
1.883
1.884
1.885
1.886
1.887
1.889
1.890
1.891
1.892
1.893
1.894
1.895
1.896
1.897
1.898
1.899
1.900
1.901
1.901
1.902
1.903
1.904
1.905
1.906
1.907
1.908
1.909
1.910
1.910
1.911
1.912
1.913
1.914
1.915
1.915
1.916
1.917
1.918
1.919
1.919
1.920
1.921
1.922
1.922
1.923
1.924
1.925
1.925
1.926
1.927
1.927
1.928
1.929
1.930
1.930
1.931
1.932
1.932
1.933
1.934
1.934
1.935
1.935
1.936
1.937
1.937
1.938
1.938
1.939
1.940
1.940
1.941
1.941
1.942
1.943
1.943
1.944
1.944
1.945
1.945
1.946
1.946
1.947
1.947
1.948
1.948
1.949
1.949
1.950
1.950
1.951
1.951
1.952
1.952
1.953
1.953
1.954
1.954
1.954
1.955
1.955
1.956
1.956
1.957
1.957
1.958
1.958
1.958
1.959
1.959
1.960
1.960
1.960
1.961
1.961
1.961
1.962
1.962
1.963
1.963
1.963
1.964
1.964
1.964
1.965
1.965
1.965
1.966
1.966
1.966
1.967
1.967
1.967
1.968
1.968
1.968
1.969
1.969
1.969
1.970
1.970
1.970
1.970
1.971
1.971
1.971
1.972
1.972
1.972
1.972
1.973
1.973
1.973
1.973
1.974
1.974
1.974
1.975
1.975
1.975
1.975
1.976
1.976
1.976
1.976
1.976
1.977
1.977
1.977
1.977
1.978
1.978
1.978
1.978
1.978
1.979
1.979
1.979
1.979
1.979
1.980
1.980
1.980
1.980
1.980
1.981
1.981
1.981
1.981
1.981
1.982
1.982
1.982
1.982
1.982
1.983
1.983
1.983
1.983
1.983
1.983
1.984
1.984
1.984
1.984
1.984
1.984
1.984
1.985
1.985
1.985
1.985
1.985
1.985
1.986
1.986
1.986
1.986
1.986
1.986
1.986
1.986
1.987
1.987
1.987
1.987
1.987
1.987
1.987
1.988
1.988
1.988
1.988
1.988
1.988
1.988
1.988
1.988
1.989
1.989
1.989
1.989
1.989
1.989
1.989
1.989
1.989
1.990
1.990
1.990
1.990
1.990
1.990
1.990
1.990
1.990
1.990
1.991
1.991
1.991
1.991
1.991
1.991
1.991
1.991
1.991
1.991
1.991
1.992
1.992
1.992
1.992
1.992
1.992
1.992
1.992
1.992
1.992
1.992
1.992
1.992
1.993
1.993
1.993
1.993
1.993
1.993
1.993
1.993
1.993
1.993
1.993
1.993
1.993
1.993
1.994
1.994
1.994
1.994
1.994
1.994
1.994
1.994
1.994
1.994
1.994
1.994
1.994
1.994
1.994
1.994
1.994
1.995
1.995
1.995
1.995
1.995
1.995
1.995
1.995
1.995
1.995
1.995
1.995
1.995
1.995
1.995
1.995
1.995
1.995
1.995
1.995
1.996
1.996
1.996
1.996
1.996
1.996
1.996
1.996
1.996
1.996
1.996
1.996
1.996
1.996
1.996
1.996
1.996
1.996
1.996
1.996
1.996
1.996
1.996
1.996
1.996
1.997
1.997
1.997
1.997
1.997
1.997
1.997
1.997
1.997
1.997
1.997
1.997
1.997
1.997
1.997
1.997
1.997
1.997
1.997
1.997
1.997
1.997
1.997
1.997
1.997
1.997
1.997
1.997
1.997
1.997
1.997
1.997
1.997
1.997
1.998
1.998
1.998
1.998
1.998
1.998
1.998
1.998
1.998
1.998
1.998
1.998
1.998
1.998
1.998
1.998
1.998
1.998
1.998
1.998
1.998
1.998
1.998
1.998
1.998
1.998
1.998
1.998
1.998
1.998
1.998
1.998
1.998
1.998
1.998
1.998
1.998
1.998
1.998
1.998
1.998
1.998
1.998
1.998
1.998
1.998
1.998
1.998
1.998
1.998
1.998
1.999
1.999
1.999
1.999
1.999
1.999
1.999
1.999
1.999
1.999
1.999
1.999
1.999
1.999
1.999
1.999
1.999
1.999
1.999
1.999
1.999
1.999
1.999
1.999
1.999
1.999
1.999
1.999
1.999
1.999
1.999
1.999
1.999
1.999
1.999
1.999
1.999
1.999
1.999
1.999
1.999
1.999
1.999
1.999
1.999
1.999
1.999
1.999
1.999
1.999
1.999
1.999
1.999
1.999
1.999
1.999
1.999
1.999
1.999
1.999
1.999
1.999
1.999
1.999
1.999
1.999
1.999
1.999
1.999
1.999
1.999
1.999
1.999
1.999
1.999
1.999
1.999
1.999
1.999
1.999
1.999
1.999
1.999
1.999
1.999
1.999
1.999
1.999
1.999
1.999
1.999
1.999
1.999
1.999
1.999
1.999
1.999
1.999
1.999
1.999
1.999
1.999
1.999
1.999
1.999
1.999
1.999
1.999
1.999
1.999
2.000
2.000
2.000
2.000
2.000
2.000
2.000
2.000
2.000
2.000
2.000
2.000
2.000
2.000
2.000
2.000
2.000
2.000
2.000
2.000
2.000
2.000
2.000
2.000
2.000
2.000
2.000
2.000
2.000
2.000
2.000
2.000
2.000
2.000
2.000
2.000
2.000
2.000
2.000
2.000
2.000
2.000
2.000
2.000
2.000
2.000
2.000
2.000
2.000
2.000
2.000
2.000
2.000
2.000
2.000
2.000
2.000
2.000
2.000
2.000
2.000
2.000
2.000
2.000
2.000
2.000
2.000
2.000
2.000
2.000
2.000
2.000
2.000
2.000
2.000
2.000
2.000
2.000
2.000
2.000
2.000
2.000
2.000
2.000
2.000
2.000
2.000
2.000
2.000
2.000
2.000
2.000
2.000
2.000
2.000
2.000
2.000
2.000
2.000
2.000
2.000
2.000
2.000
2.000
2.000
2.000
2.000
2.000
2.000
2.000
2.000
2.000
2.000
2.000
2.000
2.000
2.000
2.000
2.000
2.000
2.000
2.000
2.000
2.000
2.000
2.000
2.000
2.000
2.000
2.000
2.000
2.000
2.000
2.000
2.000
2.000
2.000
2.000
2.000
2.000
2.000
2.000
2.000
2.000
2.000
2.000
2.000
2.000
2.000
2.000
2.000
2.000
2.000
2.000
