0.964
0.969
0.967
0.984
0.989
1.012
1.022
1.011
1.041
1.044
1.043
1.050
1.075
1.093
1.088
1.096
1.105
1.137
1.145
1.151
1.159
1.163
1.180
1.195
1.194
1.214
1.222
1.240
1.239
1.277
1.280
1.294
1.303
1.306
1.307
1.319
1.343
1.363
1.379
1.372
1.387
1.409
1.429
1.432
1.421
1.448
1.468
1.475
1.486
1.497
1.498
1.512
1.517
1.534
1.554
1.558
1.560
1.590
1.603
1.614
1.630
1.624
1.630
1.649
1.646
1.665
1.671
1.674
1.706
1.708
1.717
1.737
1.722
1.753
1.767
1.777
1.782
1.787
1.793
1.819
1.816
1.813
1.834
1.842
1.849
1.835
1.869
1.861
1.865
1.885
1.896
1.907
1.905
1.926
1.907
1.915
1.944
1.943
1.952
1.953
1.950
1.959
1.960
1.972
1.967
1.992
1.996
2.010
2.021
2.013
2.011
2.041
2.028
2.034
2.043
2.049
2.039
2.051
2.047
2.070
2.066
2.081
2.062
2.083
2.104
2.089
2.092
2.090
2.100
2.125
2.127
2.123
2.134
2.149
2.143
2.143
2.146
2.155
2.143
2.142
2.152
2.152
2.151
2.180
2.179
2.170
2.176
2.197
2.183
2.192
2.206
2.191
2.190
2.208
2.215
2.214
2.228
2.201
2.214
2.241
2.226
2.229
2.240
2.234
2.241
2.231
2.249
2.246
2.234
2.247
2.253
2.259
2.252
2.277
2.278
2.261
2.265
2.272
2.274
2.283
2.287
2.282
2.272
2.273
2.278
2.297
2.296
2.304
2.286
2.305
2.303
2.306
2.299
2.323
2.320
2.334
2.299
2.315
2.332
2.326
2.325
2.327
2.311
2.321
2.334
2.324
2.329
2.321
2.355
2.347
2.328
2.342
2.346
2.339
2.338
2.366
2.358
2.347
2.356
2.352
2.346
2.362
2.367
2.373
2.373
2.366
2.361
2.364
2.374
2.390
2.374
2.367
2.371
2.392
2.376
2.381
2.400
2.396
2.386
2.386
2.404
2.381
2.401
2.387
2.407
2.406
2.402
2.412
2.416
2.401
2.411
2.389
2.413
2.391
2.410
2.424
2.423
2.419
2.423
2.425
2.406
2.410
2.411
2.417
2.410
2.438
2.418
2.417
2.422
2.438
2.417
2.430
2.440
2.437
2.449
2.426
2.433
2.425
2.443
2.455
2.447
2.442
2.440
2.459
2.450
2.458
2.448
2.443
2.444
2.448
2.448
2.464
2.434
2.447
2.455
2.450
2.471
2.459
2.466
2.455
2.456
2.465
2.460
2.457
2.465
2.453
2.473
2.461
2.463
2.482
2.472
2.457
2.468
2.482
2.459
2.485
2.481
2.481
2.480
2.489
2.481
2.484
2.485
2.489
2.485
2.468
2.468
2.498
2.497
2.476
2.490
2.495
2.492
2.485
2.500
2.495
2.481
2.492
2.482
2.489
2.501
2.506
2.484
2.489
2.501
2.502
2.487
2.518
2.508
2.491
2.496
2.484
2.519
2.508
2.510
2.488
2.508
2.509
2.515
2.505
2.517
2.501
2.513
2.502
2.510
2.498
2.515
2.525
2.516
2.522
2.517
2.524
2.528
2.512
2.530
2.510
2.501
2.505
2.507
2.507
2.508
2.510
2.525
2.515
2.523
2.533
2.526
2.531
2.527
2.521
2.524
2.506
2.527
2.515
2.535
2.538
2.524
2.539
2.528
2.526
2.522
2.543
2.522
2.536
2.539
2.522
2.532
2.536
2.522
2.528
2.537
2.553
2.525
2.546
2.527
2.545
2.552
2.534
2.548
2.533
2.544
2.547
2.527
2.535
2.556
2.521
2.536
2.551
2.545
2.550
2.553
2.545
2.546
2.542
2.541
2.556
2.543
2.560
2.539
2.534
2.548
2.535
2.539
2.544
2.538
2.543
2.547
2.547
2.543
2.549
2.549
2.565
2.559
2.542
2.558
2.561
2.556
2.549
2.569
2.557
2.547
2.556
2.541
2.549
2.561
2.568
2.567
2.549
2.551
2.564
2.553
2.563
2.568
2.566
2.550
2.577
2.548
2.557
2.565
2.556
2.566
2.549
2.572
2.560
2.561
2.579
2.578
2.565
2.570
2.572
2.550
2.563
2.580
2.556
2.584
2.572
2.578
2.575
2.569
2.569
2.576
2.557
2.567
2.582
2.576
2.575
2.567
2.569
2.579
2.565
2.570
2.573
2.583
2.573
2.560
2.567
2.579
2.567
2.564
2.586
2.575
2.566
2.582
2.580
2.592
2.566
2.585
2.578
2.587
2.568
2.574
2.590
2.593
2.573
2.572
2.580
2.588
2.578
2.581
2.560
2.589
2.582
2.578
2.596
2.580
2.574
2.566
2.581
2.573
2.579
2.591
2.583
2.592
2.591
2.587
2.595
2.576
2.598
2.580
2.584
2.578
2.596
2.601
2.594
2.583
2.592
2.580
2.582
2.575
2.584
2.581
2.580
2.593
2.575
2.601
2.593
2.595
2.602
2.597
2.590
2.574
2.598
2.592
2.588
2.605
2.587
2.611
2.581
2.582
2.582
2.589
2.577
2.581
2.580
2.578
2.605
2.599
2.608
2.589
2.600
2.589
2.602
2.600
2.599
2.588
2.601
2.591
2.596
2.614
2.601
2.612
2.599
2.610
2.585
2.595
2.593
2.598
2.611
2.591
2.591
2.587
2.608
2.612
2.594
2.587
2.613
2.586
2.610
2.603
2.592
2.590
2.586
2.587
2.592
2.600
2.596
2.609
2.604
2.614
2.588
2.598
2.602
2.610
2.610
2.594
2.613
2.593
2.613
2.591
2.610
2.588
2.614
2.604
2.611
2.601
2.604
2.600
2.591
2.617
2.599
2.599
2.609
2.614
2.615
2.600
2.597
2.597
2.616
2.609
2.612
2.593
2.603
2.600
2.619
2.606
2.619
2.605
2.597
2.622
2.599
2.618
2.593
2.611
2.612
2.620
2.608
2.601
2.616
2.626
2.603
2.609
2.612
2.618
2.601
2.628
2.608
2.603
2.614
2.594
2.628
2.610
2.616
2.597
2.621
2.615
2.598
2.619
2.620
2.622
2.612
2.613
2.626
2.627
2.628
2.623
2.605
2.615
2.623
2.620
2.617
2.603
2.614
2.628
2.628
2.596
2.604
2.599
2.605
2.607
2.632
2.603
2.631
2.619
2.599
2.627
2.612
2.605
2.630
2.629
2.618
2.607
2.613
2.627
2.604
2.629
2.622
2.607
2.616
2.611
2.611
2.621
2.622
2.613
2.608
2.621
2.629
2.615
2.622
2.623
2.623
2.619
2.605
2.620
2.614
2.625
2.611
2.632
2.632
2.625
2.610
2.612
2.622
2.630
2.633
2.615
2.622
2.613
2.629
2.613
2.622
2.612
2.623
2.612
2.612
2.614
2.636
2.610
2.619
2.624
2.607
2.611
2.637
2.635
2.633
2.636
2.625
2.629
2.613
2.641
2.614
2.642
2.632
2.620
2.616
2.615
2.616
2.634
2.624
2.633
2.626
2.643
2.611
2.611
2.641
2.609
2.613
2.629
2.625
2.611
2.638
2.625
2.611
2.618
2.613
2.620
2.635
2.634
2.634
2.631
2.641
2.622
2.615
2.635
2.641
2.641
2.632
2.623
2.618
2.637
2.620
2.614
2.620
2.616
2.634
2.636
2.622
2.633
2.622
2.633
2.617
2.627
2.625
2.636
2.627
2.638
2.644
2.621
2.636
2.614
2.640
2.619
2.637
2.616
2.621
2.623
2.636
2.621
2.634
2.633
2.632
2.621
2.626
2.618
2.617
2.642
2.623
2.635
2.627
2.645
2.618
2.616
2.619
2.643
2.638
2.642
2.637
2.637
2.641
2.629
2.638
2.627
2.633
2.640
2.619
2.632
2.639
2.626
2.643
2.624
2.635
2.642
2.649
2.630
2.628
2.637
2.643
2.642
2.624
2.638
2.635
2.618
2.643
2.629
2.647
2.635
2.638
2.646
2.624
2.634
2.634
2.634
2.634
2.638
2.633
2.617
2.644
2.623
2.628
2.630
2.625
2.626
2.644
2.641
2.646
2.647
2.639
2.620
2.652
2.633
2.642
2.629
2.629
2.653
2.625
2.629
2.633
2.649
2.624
2.624
2.632
2.653
2.644
2.623
2.652
2.630
2.631
2.629
2.656
2.640
2.654
2.637
2.622
2.645
2.645
2.647
2.651
2.640
2.629
2.637
2.636
2.633
2.648
2.635
2.642
2.638
2.649
2.636
2.624
2.631
2.630
2.643
2.642
2.626
2.653
2.632
2.645
2.639
2.644
2.641
2.632
2.630
2.645
2.647
2.629
2.639
2.634
2.626
2.643
2.632
2.652
2.625
2.639
2.624
2.647
2.649
2.624
2.653
2.648
2.650
2.638
2.631
2.643
2.640
2.634
2.631
2.640
2.631
2.637
2.633
2.651
2.637
2.623
2.651
2.649
