6.432
6.704
7.091
7.347
7.710
8.097
8.552
9.022
9.415
9.915
10.414
11.010
11.562
12.180
12.841
13.525
14.235
14.972
15.731
16.520
17.332
18.170
19.021
19.906
20.784
21.661
22.562
23.456
24.352
25.256
26.143
27.008
27.846
28.700
29.528
30.311
31.080
31.846
32.559
33.256
33.925
34.556
35.166
35.744
36.286
36.805
37.296
37.752
38.187
38.592
38.974
39.339
39.672
39.993
40.290
40.572
40.828
41.077
41.306
41.527
41.727
41.920
42.099
42.272
42.430
42.581
42.726
42.855
42.988
43.109
43.215
43.329
43.434
43.536
43.622
43.711
43.801
43.880
43.952
44.028
44.101
44.162
44.229
44.289
44.349
44.403
44.454
44.504
44.554
44.601
44.647
44.691
44.733
44.772
44.812
44.848
44.885
44.918
44.952
44.990
45.016
45.047
45.078
45.101
45.132
45.158
45.183
45.206
45.232
45.254
45.273
45.297
45.320
45.337
45.358
45.377
45.393
45.417
45.432
45.447
45.465
45.478
45.496
45.509
45.526
45.539
45.550
45.564
45.581
45.589
45.608
45.619
45.630
45.636
45.647
45.659
45.675
45.679
45.688
45.698
45.712
45.717
45.729
45.736
45.744
45.754
45.761
45.768
45.775
45.784
45.790
45.798
45.804
45.812
45.816
45.824
45.829
45.838
45.843
45.849
45.857
45.863
45.866
45.870
45.874
45.879
45.886
45.890
45.895
45.903
45.907
45.911
45.913
45.917
45.921
45.928
45.926
45.932
45.940
45.938
45.942
45.943
45.949
45.954
45.960
45.960
45.961
45.963
45.966
45.973
45.975
45.976
45.979
45.982
45.983
45.990
45.989
45.993
45.995
45.996
46.000
45.997
46.002
46.004
46.006
46.007
46.013
46.011
46.012
46.016
46.020
46.018
46.021
46.020
46.023
46.030
46.026
46.029
46.033
46.032
46.033
46.038
46.034
46.039
46.038
46.039
46.040
46.046
46.040
46.046
46.044
46.046
46.049
46.050
46.051
46.051
46.050
46.053
46.058
46.055
46.055
46.056
46.062
46.056
46.059
46.061
46.060
46.065
46.065
46.065
46.067
46.068
46.066
46.070
46.064
46.068
46.068
46.071
46.070
46.068
46.068
46.069
46.072
46.074
46.073
46.075
46.076
46.074
46.077
46.077
46.077
46.079
46.077
46.078
46.079
46.079
46.077
46.080
46.082
46.082
46.082
46.082
46.081
46.081
46.084
46.083
46.085
46.085
46.083
46.082
46.087
46.084
46.087
46.084
46.086
46.088
46.084
46.085
46.086
46.087
46.086
46.088
46.086
46.090
46.087
46.087
46.087
46.086
46.091
46.093
46.089
46.091
46.091
46.091
46.091
46.089
46.090
46.090
46.096
46.090
46.090
46.089
46.092
46.093
46.091
46.093
46.091
46.092
46.092
46.093
46.096
46.089
46.094
46.092
46.095
46.092
46.093
46.094
46.092
46.092
46.094
46.093
46.094
46.096
46.095
46.093
46.095
46.096
46.096
46.095
46.094
46.095
46.095
46.097
46.096
46.097
46.094
46.096
46.095
46.093
46.099
46.094
46.097
46.095
46.094
46.096
46.096
46.098
46.097
46.099
46.097
46.099
46.097
46.097
46.097
46.097
46.095
46.099
46.100
46.098
46.099
46.097
46.096
46.097
46.100
46.101
46.098
46.098
46.100
46.097
46.102
46.096
46.095
46.097
46.100
46.095
46.097
46.100
46.098
46.101
46.099
46.098
46.098
46.099
46.099
46.099
46.098
46.100
46.099
46.097
46.097
46.099
46.097
46.099
46.100
46.096
46.100
46.096
46.097
46.100
46.098
46.098
46.099
46.098
46.095
46.100
46.098
46.100
46.098
46.102
46.096
46.104
46.098
46.101
46.097
46.099
46.099
46.100
46.098
46.099
46.097
46.097
46.096
46.101
46.100
46.100
46.097
46.100
46.097
46.101
46.097
46.097
46.099
46.100
46.099
46.100
46.098
46.101
46.099
46.097
46.099
46.100
46.100
46.099
46.098
46.100
46.102
46.101
46.099
46.099
46.100
46.097
46.100
46.101
46.100
46.097
46.100
46.099
46.099
46.101
46.098
46.099
46.103
46.099
46.097
46.100
46.097
46.102
46.098
46.099
46.098
46.101
46.101
46.096
46.100
46.103
46.100
46.099
46.101
46.098
46.100
46.102
46.101
46.102
46.101
46.101
46.101
46.097
46.099
46.096
46.101
46.099
46.102
46.098
46.098
46.096
46.102
46.102
46.101
46.099
46.098
46.100
46.098
46.101
46.100
46.101
46.096
46.099
46.097
46.099
46.100
46.101
46.099
46.098
46.101
46.100
46.098
46.100
46.103
46.099
46.099
46.101
46.099
46.099
46.100
46.099
46.100
46.101
46.099
46.098
46.100
46.100
46.102
46.098
46.099
46.100
46.100
46.101
46.099
46.097
46.100
46.101
46.099
46.099
46.099
46.102
46.101
46.099
46.098
46.101
46.100
46.100
46.101
46.103
46.099
46.099
46.099
46.096
46.103
46.099
46.098
46.099
46.101
46.096
46.100
46.103
46.101
46.098
46.100
46.100
46.102
46.097
46.100
46.099
46.101
46.097
46.098
46.100
46.097
46.099
46.098
46.100
46.100
46.100
46.102
46.102
46.099
46.100
46.101
46.098
46.103
46.096
46.099
46.098
46.098
46.098
46.099
46.102
46.096
46.102
46.102
46.098
46.097
46.098
46.104
46.102
46.097
46.100
46.098
46.097
46.101
46.103
46.100
46.102
46.101
46.100
46.098
46.101
46.099
46.097
46.100
46.099
46.100
46.098
46.099
46.100
46.100
46.101
46.101
46.099
46.106
46.101
46.099
46.098
46.099
46.100
46.101
46.100
46.101
46.099
46.101
46.098
46.102
46.098
46.102
46.099
46.096
46.098
46.100
46.101
46.101
46.098
46.099
46.098
46.100
46.104
46.099
46.099
46.099
46.099
46.098
46.100
46.099
46.097
46.099
46.101
46.098
46.097
46.099
46.099
46.099
46.095
46.102
46.100
46.102
46.101
46.101
46.102
46.100
46.099
46.100
46.099
46.097
46.100
46.101
46.100
46.097
46.099
46.099
46.104
46.099
46.098
46.102
46.099
46.101
46.099
46.101
46.100
46.102
46.099
46.100
46.102
46.103
46.097
46.100
46.098
46.097
46.102
46.100
46.100
46.098
46.102
46.103
46.099
46.101
46.100
46.100
46.098
46.100
46.096
46.099
46.097
46.100
46.099
46.100
46.103
46.100
46.098
46.095
46.100
46.100
46.098
46.100
46.101
46.100
46.104
46.106
46.099
46.099
46.102
46.100
46.103
46.101
46.101
46.100
46.096
46.099
46.100
46.102
46.098
46.098
46.096
46.101
46.099
46.098
46.099
46.101
46.099
46.099
46.103
46.101
46.100
46.103
46.102
46.097
46.100
46.101
46.099
46.097
46.100
46.100
46.101
46.100
46.100
46.100
46.099
46.099
46.098
46.100
46.096
46.098
46.097
46.098
46.100
46.098
46.098
46.101
46.102
46.101
46.098
46.101
46.099
46.096
46.099
46.101
46.101
46.101
46.097
46.101
46.100
46.101
46.099
46.099
46.100
46.096
46.099
46.102
46.095
46.098
46.099
46.098
46.100
46.100
46.101
46.100
46.103
46.101
46.102
46.099
46.101
46.097
46.099
46.099
46.099
46.100
46.100
46.103
46.099
46.097
46.099
46.098
46.100
46.102
46.097
46.103
46.100
46.096
46.096
46.100
46.099
46.101
46.100
46.101
46.098
46.100
46.101
46.101
46.099
46.101
46.100
46.099
46.102
46.098
46.102
46.100
46.101
46.098
46.098
46.100
46.098
46.101
46.102
46.098
46.099
46.101
46.100
46.100
46.103
46.100
46.096
46.099
46.104
46.098
46.101
46.098
46.098
46.100
46.099
46.099
46.099
46.099
46.101
46.100
46.095
46.100
46.101
46.098
46.101
46.101
46.098
46.100
46.097
46.101
46.102
46.101
46.100
46.100
46.098
46.098
46.098
46.100
46.099
46.101
46.099
46.101
46.100
46.100
46.101
46.098
46.104
46.100
46.101
46.101
46.101
46.099
46.102
46.103
46.098
46.099
46.099
46.100
46.101
46.100
46.100
46.097
46.103
46.102
46.100
46.100
46.098
46.100
46.098
46.103
46.099
46.097
46.099
46.097
46.098
46.099
46.104
46.101
46.097
46.101
46.099
46.100
46.101
46.098
46.102
46.101
46.099
46.100
46.101
46.100
46.102
46.103
46.100
46.102
46.100
46.100
46.099
46.100
46.101
46.097
46.100
46.102
46.100
46.101
46.102
46.099
46.101
46.101
46.103
46.100
46.100
46.098
46.100
46.100
46.100
46.099
46.097
46.100
46.099
46.097
46.101
46.101
46.102
46.098
46.100
46.097
46.097
46.099
46.101
46.101
46.101
46.100
46.100
46.101
46.099
46.098
46.099
46.100
46.101
46.099
46.099
