2.424
2.438
2.445
2.454
2.473
2.494
2.500
2.510
2.527
2.546
2.554
2.561
2.579
2.585
2.599
2.613
2.626
2.644
2.659
2.656
2.674
2.687
2.689
2.711
2.721
2.734
2.750
2.769
2.773
2.782
2.792
2.809
2.811
2.827
2.844
2.856
2.864
2.880
2.893
2.889
2.912
2.921
2.931
2.945
2.950
2.964
2.980
2.989
3.000
3.016
3.021
3.037
3.038
3.058
3.066
3.079
3.094
3.096
3.120
3.124
3.142
3.151
3.158
3.169
3.180
3.189
3.201
3.219
3.237
3.250
3.253
3.277
3.274
3.283
3.299
3.306
3.323
3.327
3.348
3.351
3.375
3.382
3.393
3.408
3.413
3.417
3.443
3.443
3.463
3.470
3.489
3.504
3.505
3.521
3.532
3.543
3.568
3.567
3.586
3.588
3.598
3.616
3.620
3.644
3.645
3.660
3.662
3.683
3.694
3.704
3.717
3.732
3.743
3.751
3.763
3.776
3.782
3.796
3.806
3.824
3.831
3.845
3.845
3.855
3.874
3.879
3.891
3.903
3.904
3.920
3.941
3.942
3.957
3.976
3.982
3.983
3.993
4.007
4.017
4.022
4.032
4.045
4.054
4.071
4.083
4.085
4.093
4.108
4.110
4.123
4.133
4.135
4.139
4.162
4.170
4.180
4.191
4.200
4.205
4.219
4.222
4.235
4.246
4.256
4.254
4.271
4.281
4.286
4.296
4.306
4.309
4.320
4.325
4.346
4.345
4.350
4.361
4.371
4.376
4.390
4.399
4.401
4.404
4.412
4.428
4.434
4.436
4.443
4.451
4.463
4.479
4.479
4.480
4.496
4.498
4.508
4.509
4.512
4.527
4.537
4.546
4.544
4.550
4.560
4.568
4.571
4.581
4.578
4.593
4.602
4.605
4.613
4.622
4.619
4.627
4.641
4.643
4.645
4.652
4.659
4.664
4.673
4.681
4.685
4.693
4.697
4.699
4.707
4.717
4.722
4.725
4.723
4.727
4.744
4.745
4.749
4.761
4.766
4.769
4.769
4.782
4.783
4.787
4.786
4.804
4.801
4.806
4.819
4.818
4.822
4.830
4.823
4.838
4.836
4.842
4.852
4.865
4.862
4.880
4.869
4.871
4.874
4.877
4.891
4.894
4.895
4.898
4.902
4.905
4.912
4.910
4.915
4.925
4.928
4.942
4.927
4.945
4.945
4.949
4.962
4.962
4.966
4.965
4.970
4.971
4.981
4.984
4.980
4.991
4.991
4.993
5.003
4.994
5.006
5.007
5.012
5.021
5.021
5.021
5.025
5.028
5.040
5.036
5.034
5.036
5.043
5.054
5.053
5.051
5.069
5.065
5.063
5.068
5.074
5.075
5.079
5.083
5.078
5.086
5.088
5.094
5.092
5.099
5.106
5.110
5.108
5.112
5.115
5.118
5.112
5.122
5.129
5.131
5.127
5.135
5.133
5.133
5.133
5.138
5.139
5.152
5.154
5.151
5.156
5.155
5.162
5.161
5.171
5.166
5.167
5.178
5.172
5.181
5.182
5.185
5.182
5.192
5.190
5.191
5.192
5.195
5.196
5.205
5.208
5.207
5.206
5.206
5.215
5.216
5.213
5.223
5.222
5.224
5.214
5.228
5.223
5.229
5.231
5.231
5.228
5.238
5.233
5.239
5.237
5.246
5.256
5.256
5.256
5.254
5.256
5.256
5.257
5.260
5.257
5.267
5.267
5.258
5.270
5.268
5.269
5.273
5.284
5.275
5.283
5.291
5.276
5.279
5.288
5.291
5.279
5.296
5.296
5.296
5.295
5.291
5.297
5.302
5.299
5.307
5.300
5.303
5.307
5.306
5.307
5.313
5.312
5.313
5.319
5.322
5.323
5.324
5.325
5.317
5.323
5.330
5.333
5.322
5.341
5.333
5.327
5.338
5.339
5.339
5.332
5.340
5.350
5.342
5.341
5.345
5.344
5.346
5.350
5.348
5.346
5.359
5.355
5.356
5.352
5.360
5.360
5.361
5.362
5.360
5.365
5.363
5.375
5.371
5.360
5.363
5.368
5.366
5.368
5.372
5.374
5.372
5.374
5.371
5.376
5.380
5.374
5.376
5.380
5.384
5.384
5.386
5.395
5.386
5.387
5.392
5.393
5.390
5.398
5.399
5.393
5.396
5.395
5.403
5.397
5.406
5.399
5.396
5.400
5.404
5.408
5.411
5.399
5.405
5.404
5.412
5.405
5.408
5.417
5.417
5.409
5.418
5.410
5.413
5.413
5.410
5.418
5.419
5.419
5.422
5.422
5.426
5.422
5.421
5.428
5.419
5.424
5.425
5.438
5.423
5.423
5.429
5.433
5.433
5.425
5.436
5.429
5.433
5.436
5.435
5.443
5.436
5.432
5.434
5.440
5.438
5.440
5.441
5.442
5.440
5.443
5.448
5.448
5.439
5.446
5.444
5.448
5.450
5.449
5.456
5.453
5.452
5.454
5.445
5.443
5.451
5.457
5.455
5.451
5.454
5.448
5.456
5.451
5.461
5.463
5.457
5.464
5.453
5.468
5.464
5.460
5.465
5.462
5.464
5.467
5.464
5.465
5.466
5.461
5.463
5.467
5.466
5.469
5.473
5.474
5.473
5.468
5.470
5.472
5.478
5.477
5.473
5.475
5.472
5.474
5.473
5.472
5.474
5.473
5.477
5.476
5.483
5.483
5.482
5.479
5.483
5.483
5.481
5.483
5.485
5.476
5.485
5.479
5.482
5.489
5.485
5.487
5.484
5.485
5.485
5.484
5.488
5.487
5.489
5.491
5.492
5.483
5.490
5.484
5.489
5.491
5.488
5.494
5.495
5.498
5.494
5.491
5.489
5.497
5.498
5.501
5.495
5.498
5.503
5.497
5.497
5.497
5.496
5.501
5.504
5.499
5.493
5.496
5.492
5.499
5.503
5.500
5.500
5.504
5.497
5.515
5.498
5.511
5.502
5.504
5.512
5.497
5.510
5.496
5.502
5.500
5.510
5.502
5.500
5.508
5.510
5.505
5.505
5.510
5.517
5.503
5.516
5.509
5.500
5.512
5.505
5.518
5.506
5.510
5.510
5.508
5.507
5.511
5.515
5.512
5.516
5.513
5.516
5.517
5.513
5.516
5.519
5.515
5.521
5.526
5.518
5.522
5.521
5.519
5.517
5.518
5.520
5.520
5.514
5.516
5.513
5.520
5.516
5.529
5.519
5.517
5.521
5.518
5.520
5.518
5.528
5.523
5.520
5.523
5.523
5.518
5.524
5.517
5.518
5.525
5.517
5.528
5.518
5.526
5.519
5.522
5.527
5.532
5.527
5.521
5.525
5.527
5.528
5.525
5.526
5.514
5.531
5.526
5.532
5.524
5.528
5.524
5.523
5.531
5.530
5.528
5.531
5.528
5.525
5.534
5.528
5.534
5.524
5.530
5.535
5.532
5.525
5.539
5.532
5.538
5.535
5.533
5.529
5.537
5.538
5.537
5.535
5.539
5.531
5.536
5.539
5.538
5.537
5.545
5.537
5.538
5.537
5.531
5.543
5.545
5.537
5.540
5.539
5.529
5.534
5.545
5.539
5.543
5.536
5.539
5.537
5.540
5.534
5.531
5.532
5.528
5.537
5.538
5.544
5.544
5.546
5.540
5.535
5.540
5.547
5.547
5.541
5.547
5.546
5.542
5.546
5.541
5.534
5.543
5.541
5.549
5.544
5.536
5.540
5.537
5.547
5.538
5.545
5.546
5.542
5.541
5.545
5.548
5.543
5.549
5.549
5.547
5.540
5.547
5.544
5.541
5.546
5.544
5.538
5.545
5.541
5.544
5.539
5.547
5.548
5.549
5.549
5.552
5.551
5.547
5.553
5.548
5.550
5.548
5.555
5.549
5.557
5.548
5.558
5.552
5.553
5.551
5.549
5.553
5.553
5.543
5.546
5.551
5.545
5.554
5.551
5.552
5.549
5.560
5.550
5.553
5.564
5.552
5.562
5.551
5.549
5.549
5.550
5.564
5.555
5.556
5.548
5.555
5.558
5.550
5.552
5.550
5.556
5.555
5.558
5.554
5.555
5.567
5.549
5.553
5.550
5.554
5.553
5.559
5.554
5.563
5.560
5.554
5.555
5.567
5.562
5.554
5.560
5.549
5.558
5.557
5.555
5.558
5.558
5.558
5.553
5.560
5.558
5.563
5.548
5.561
5.556
5.558
5.551
5.561
5.561
5.562
5.555
5.557
5.554
5.560
5.558
5.560
5.561
5.557
5.560
5.562
5.554
5.562
5.563
5.556
5.559
5.560
5.560
5.563
5.559
5.563
5.549
5.561
5.560
5.566
5.553
5.565
5.557
5.560
5.565
5.555
5.559
5.558
5.566
5.560
5.559
5.557
5.556
5.557
5.557
5.568
5.558
5.564
5.562
5.574
5.567
5.557
5.562
5.571
5.571
5.562
5.564
5.561
5.563
5.554
5.567
5.561
5.559
5.560
5.558
5.559
5.562
5.563
5.574
5.567
