5.618
5.652
5.686
5.720
5.753
5.787
5.821
5.855
5.889
5.924
5.958
5.992
6.026
6.061
6.095
6.130
6.164
6.199
6.233
6.268
6.302
6.337
6.372
6.406
6.441
6.476
6.511
6.546
6.581
6.615
6.650
6.685
6.720
6.755
6.790
6.825
6.860
6.895
6.930
6.965
7.000
7.035
7.070
7.105
7.140
7.175
7.210
7.245
7.280
7.315
7.350
7.385
7.419
7.454
7.489
7.524
7.559
7.594
7.628
7.663
7.698
7.732
7.767
7.801
7.836
7.870
7.905
7.939
7.974
8.008
8.042
8.076
8.111
8.145
8.179
8.213
8.247
8.280
8.314
8.348
8.382
8.415
8.449
8.482
8.516
8.549
8.582
8.615
8.648
8.681
8.714
8.747
8.780
8.813
8.845
8.878
8.910
8.943
8.975
9.007
9.039
9.071
9.103
9.135
9.167
9.198
9.230
9.261
9.292
9.324
9.355
9.386
9.416
9.447
9.478
9.509
9.539
9.569
9.600
9.630
9.660
9.690
9.719
9.749
9.779
9.808
9.837
9.866
9.896
9.924
9.953
9.982
10.011
10.039
10.067
10.096
10.124
10.152
10.180
10.207
10.235
10.262
10.290
10.317
10.344
10.371
10.398
10.424
10.451
10.477
10.504
10.530
10.556
10.582
10.608
10.633
10.659
10.684
10.709
10.734
10.759
10.784
10.809
10.833
10.858
10.882
10.906
10.930
10.954
10.978
11.002
11.025
11.049
11.072
11.095
11.118
11.141
11.163
11.186
11.208
11.231
11.253
11.275
11.297
11.318
11.340
11.361
11.383
11.404
11.425
11.446
11.467
11.488
11.508
11.529
11.549
11.569
11.589
11.609
11.629
11.648
11.668
11.687
11.706
11.725
11.744
11.763
11.782
11.801
11.819
11.837
11.856
11.874
11.892
11.910
11.927
11.945
11.962
11.980
11.997
12.014
12.031
12.048
12.065
12.081
12.098
12.114
12.130
12.147
12.163
12.178
12.194
12.210
12.225
12.241
12.256
12.271
12.287
12.302
12.316
12.331
12.346
12.360
12.375
12.389
12.403
12.417
12.431
12.445
12.459
12.473
12.486
12.500
12.513
12.526
12.539
12.552
12.565
12.578
12.591
12.603
12.616
12.628
12.641
12.653
12.665
12.677
12.689
12.701
12.713
12.724
12.736
12.747
12.759
12.770
12.781
12.792
12.803
12.814
12.825
12.836
12.846
12.857
12.867
12.878
12.888
12.898
12.908
12.918
12.928
12.938
12.948
12.957
12.967
12.977
12.986
12.995
13.005
13.014
13.023
13.032
13.041
13.050
13.059
13.067
13.076
13.085
13.093
13.102
13.110
13.118
13.127
13.135
13.143
13.151
13.159
13.167
13.174
13.182
13.190
13.197
13.205
13.212
13.220
13.227
13.234
13.242
13.249
13.256
13.263
13.270
13.277
13.284
13.290
13.297
13.304
13.310
13.317
13.323
13.330
13.336
13.342
13.349
13.355
13.361
13.367
13.373
13.379
13.385
13.391
13.396
13.402
13.408
13.414
13.419
13.425
13.430
13.436
13.441
13.446
13.452
13.457
13.462
13.467
13.472
13.477
13.482
13.487
13.492
13.497
13.502
13.507
13.512
13.516
13.521
13.525
13.530
13.535
13.539
13.543
13.548
13.552
13.557
13.561
13.565
13.569
13.573
13.578
13.582
13.586
13.590
13.594
13.598
13.601
13.605
13.609
13.613
13.617
13.620
13.624
13.628
13.631
13.635
13.638
13.642
13.645
13.649
13.652
13.656
13.659
13.662
13.666
13.669
13.672
13.675
13.678
13.681
13.685
13.688
13.691
13.694
13.697
13.700
13.703
13.705
13.708
13.711
13.714
13.717
13.720
13.722
13.725
13.728
13.730
13.733
13.736
13.738
13.741
13.743
13.746
13.748
13.751
13.753
13.756
13.758
13.760
13.763
13.765
13.767
13.770
13.772
13.774
13.776
13.778
13.781
13.783
13.785
13.787
13.789
13.791
13.793
13.795
13.797
13.799
13.801
13.803
13.805
13.807
13.809
13.811
13.813
13.814
13.816
13.818
13.820
13.822
13.823
13.825
13.827
13.829
13.830
13.832
13.834
13.835
13.837
13.838
13.840
13.842
13.843
13.845
13.846
13.848
13.849
13.851
13.852
13.854
13.855
13.856
13.858
13.859
13.861
13.862
13.863
13.865
13.866
13.867
13.869
13.870
13.871
13.873
13.874
13.875
13.876
13.878
13.879
13.880
13.881
13.882
13.883
13.885
13.886
13.887
13.888
13.889
13.890
13.891
13.892
13.893
13.894
13.895
13.897
13.898
13.899
13.900
13.901
13.902
13.903
13.903
13.904
13.905
13.906
13.907
13.908
13.909
13.910
13.911
13.912
13.913
13.913
13.914
13.915
13.916
13.917
13.918
13.918
13.919
13.920
13.921
13.922
13.922
13.923
13.924
13.925
13.925
13.926
13.927
13.928
13.928
13.929
13.930
13.930
13.931
13.932
13.933
13.933
13.934
13.934
13.935
13.936
13.936
13.937
13.938
13.938
13.939
13.940
13.940
13.941
13.941
13.942
13.942
13.943
13.944
13.944
13.945
13.945
13.946
13.946
13.947
13.947
13.948
13.948
13.949
13.949
13.950
13.950
13.951
13.951
13.952
13.952
13.953
13.953
13.954
13.954
13.955
13.955
13.956
13.956
13.956
13.957
13.957
13.958
13.958
13.959
13.959
13.959
13.960
13.960
13.961
13.961
13.961
13.962
13.962
13.963
13.963
13.963
13.964
13.964
13.964
13.965
13.965
13.965
13.966
13.966
13.966
13.967
13.967
13.967
13.968
13.968
13.968
13.969
13.969
13.969
13.970
13.970
13.970
13.970
13.971
13.971
13.971
13.972
13.972
13.972
13.972
13.973
13.973
13.973
13.974
13.974
13.974
13.974
13.975
13.975
13.975
13.975
13.976
13.976
13.976
13.976
13.977
13.977
13.977
13.977
13.977
13.978
13.978
13.978
13.978
13.979
13.979
13.979
13.979
13.979
13.980
13.980
13.980
13.980
13.980
13.981
13.981
13.981
13.981
13.981
13.982
13.982
13.982
13.982
13.982
13.982
13.983
13.983
13.983
13.983
13.983
13.983
13.984
13.984
13.984
13.984
13.984
13.984
13.985
13.985
13.985
13.985
13.985
13.985
13.985
13.986
13.986
13.986
13.986
13.986
13.986
13.986
13.987
13.987
13.987
13.987
13.987
13.987
13.987
13.987
13.988
13.988
13.988
13.988
13.988
13.988
13.988
13.988
13.989
13.989
13.989
13.989
13.989
13.989
13.989
13.989
13.989
13.990
13.990
13.990
13.990
13.990
13.990
13.990
13.990
13.990
13.990
13.991
13.991
13.991
13.991
13.991
13.991
13.991
13.991
13.991
13.991
13.991
13.992
13.992
13.992
13.992
13.992
13.992
13.992
13.992
13.992
13.992
13.992
13.992
13.992
13.993
13.993
13.993
13.993
13.993
13.993
13.993
13.993
13.993
13.993
13.993
13.993
13.993
13.993
13.994
13.994
13.994
13.994
13.994
13.994
13.994
13.994
13.994
13.994
13.994
13.994
13.994
13.994
13.994
13.994
13.994
13.995
13.995
13.995
13.995
13.995
13.995
13.995
13.995
13.995
13.995
13.995
13.995
13.995
13.995
13.995
13.995
13.995
13.995
13.995
13.995
13.996
13.996
13.996
13.996
13.996
13.996
13.996
13.996
13.996
13.996
13.996
13.996
13.996
13.996
13.996
13.996
13.996
13.996
13.996
13.996
13.996
13.996
13.996
13.996
13.996
13.997
13.997
13.997
13.997
13.997
13.997
13.997
13.997
13.997
13.997
13.997
13.997
13.997
13.997
13.997
13.997
13.997
13.997
13.997
13.997
13.997
13.997
13.997
13.997
13.997
13.997
13.997
13.997
13.997
13.997
13.997
13.997
13.997
13.997
13.998
13.998
13.998
13.998
13.998
13.998
13.998
13.998
13.998
13.998
13.998
13.998
13.998
13.998
13.998
13.998
13.998
13.998
13.998
13.998
13.998
13.998
13.998
13.998
13.998
13.998
13.998
13.998
13.998
13.998
13.998
13.998
13.998
13.998
13.998
13.998
13.998
13.998
13.998
13.998
13.998
13.998
13.998
13.998
13.998
13.998
13.998
13.998
13.998
13.998
13.998
13.999
13.999
13.999
13.999
13.999
13.999
13.999
13.999
13.999
13.999
13.999
13.999
13.999
13.999
13.999
13.999
13.999
13.999
13.999
13.999
13.999
13.999
13.999
13.999
13.999
13.999
13.999
13.999
13.999
13.999
13.999
13.999
13.999
13.999
13.999
13.999
13.999
13.999
13.999
13.999
13.999
13.999
13.999
13.999
13.999
13.999
13.999
13.999
13.999
13.999
13.999
13.999
13.999
13.999
13.999
13.999
13.999
13.999
13.999
13.999
13.999
13.999
13.999
13.999
13.999
13.999
13.999
13.999
13.999
