4.803
4.853
4.911
4.954
5.007
5.050
5.101
5.166
5.204
5.263
5.323
5.376
5.422
5.468
5.536
5.595
5.647
5.691
5.747
5.810
5.868
5.931
5.980
6.037
6.102
6.156
6.215
6.269
6.339
6.378
6.441
6.499
6.559
6.625
6.692
6.752
6.799
6.856
6.911
6.985
7.043
7.094
7.147
7.211
7.283
7.332
7.385
7.447
7.506
7.562
7.628
7.681
7.745
7.797
7.845
7.906
7.966
8.010
8.064
8.118
8.169
8.234
8.289
8.334
8.399
8.443
8.497
8.552
8.586
8.641
8.694
8.736
8.802
8.835
8.878
8.925
8.973
9.025
9.069
9.103
9.156
9.205
9.243
9.283
9.329
9.385
9.410
9.462
9.500
9.535
9.568
9.607
9.653
9.682
9.736
9.770
9.790
9.833
9.868
9.904
9.945
9.976
10.016
10.045
10.086
10.104
10.139
10.163
10.189
10.227
10.264
10.277
10.317
10.346
10.372
10.401
10.437
10.462
10.493
10.507
10.541
10.557
10.603
10.612
10.624
10.664
10.689
10.717
10.737
10.745
10.773
10.800
10.817
10.830
10.859
10.885
10.906
10.924
10.954
10.979
10.993
11.016
11.037
11.042
11.062
11.091
11.108
11.115
11.144
11.158
11.168
11.198
11.220
11.227
11.241
11.259
11.271
11.306
11.313
11.315
11.344
11.359
11.369
11.391
11.403
11.427
11.431
11.449
11.474
11.481
11.492
11.503
11.526
11.525
11.538
11.563
11.578
11.588
11.601
11.611
11.621
11.639
11.659
11.674
11.686
11.685
11.700
11.706
11.733
11.732
11.747
11.755
11.774
11.770
11.786
11.788
11.824
11.824
11.826
11.842
11.855
11.863
11.884
11.891
11.895
11.913
11.922
11.938
11.925
11.943
11.966
11.969
11.974
11.988
12.001
11.991
12.007
12.027
12.027
12.043
12.056
12.054
12.063
12.068
12.076
12.089
12.103
12.111
12.114
12.110
12.132
12.147
12.153
12.146
12.163
12.172
12.168
12.177
12.195
12.203
12.197
12.221
12.216
12.236
12.230
12.242
12.250
12.249
12.254
12.273
12.271
12.299
12.291
12.311
12.306
12.301
12.311
12.320
12.325
12.331
12.352
12.355
12.364
12.366
12.380
12.365
12.385
12.396
12.399
12.392
12.415
12.412
12.411
12.422
12.418
12.442
12.443
12.454
12.448
12.446
12.457
12.467
12.476
12.466
12.481
12.482
12.493
12.504
12.509
12.513
12.518
12.509
12.540
12.536
12.536
12.544
12.536
12.550
12.549
12.564
12.567
12.569
12.578
12.583
12.584
12.597
12.590
12.602
12.607
12.602
12.613
12.627
12.624
12.619
12.641
12.630
12.633
12.640
12.646
12.643
12.653
12.655
12.659
12.660
12.672
12.684
12.692
12.676
12.679
12.702
12.693
12.695
12.700
12.711
12.704
12.713
12.728
12.722
12.735
12.732
12.731
12.731
12.752
12.752
12.746
12.747
12.763
12.747
12.757
12.775
12.773
12.785
12.766
12.780
12.780
12.799
12.789
12.792
12.792
12.800
12.798
12.812
12.808
12.820
12.821
12.831
12.822
12.821
12.829
12.829
12.834
12.832
12.833
12.849
12.840
12.857
12.865
12.869
12.869
12.871
12.876
12.880
12.871
12.883
12.878
12.875
12.882
12.882
12.888
12.897
12.896
12.914
12.901
12.915
12.903
12.903
12.916
12.910
12.922
12.922
12.931
12.918
12.937
12.927
12.930
12.943
12.940
12.940
12.952
12.951
12.947
12.939
12.961
12.950
12.966
12.957
12.953
12.969
12.965
12.980
12.971
12.971
12.987
12.983
12.974
13.000
12.992
12.988
12.989
12.993
12.993
12.999
13.002
13.009
13.014
13.003
13.011
13.007
13.021
13.029
13.020
13.029
13.029
13.032
13.036
13.038
13.035
13.038
13.042
13.041
13.044
13.034
13.038
13.056
13.048
13.050
13.052
13.061
13.047
13.059
13.069
13.063
13.078
13.074
13.069
13.063
13.068
13.082
13.083
13.078
13.087
13.079
13.077
13.084
13.097
13.079
13.101
13.098
13.093
13.102
13.098
13.108
13.098
13.108
13.108
13.099
13.099
13.111
13.112
13.111
13.130
13.122
13.111
13.128
13.113
13.120
13.120
13.125
13.129
13.131
13.129
13.145
13.137
13.130
13.135
13.138
13.145
13.146
13.142
13.155
13.149
13.151
13.146
13.153
13.165
13.162
13.153
13.164
13.171
13.154
13.167
13.170
13.162
13.168
13.160
13.180
13.168
13.172
13.170
13.185
13.181
13.173
13.172
13.189
13.187
13.184
13.181
13.191
13.190
13.202
13.184
13.194
13.197
13.187
13.198
13.204
13.212
13.202
13.212
13.208
13.202
13.207
13.202
13.207
13.211
13.207
13.219
13.207
13.221
13.218
13.223
13.210
13.212
13.217
13.226
13.222
13.230
13.232
13.237
13.232
13.237
13.237
13.232
13.245
13.229
13.235
13.234
13.232
13.235
13.246
13.253
13.240
13.243
13.250
13.235
13.252
13.236
13.260
13.260
13.261
13.256
13.267
13.265
13.267
13.269
13.253
13.257
13.252
13.267
13.258
13.267
13.259
13.264
13.268
13.274
13.266
13.275
13.270
13.260
13.272
13.266
13.275
13.267
13.287
13.279
13.282
13.280
13.275
13.289
13.288
13.296
13.281
13.277
13.292
13.297
13.282
13.301
13.286
13.292
13.300
13.303
13.306
13.305
13.305
13.300
13.304
13.295
13.299
13.295
13.312
13.307
13.305
13.301
13.299
13.315
13.302
13.317
13.304
13.319
13.308
13.327
13.309
13.315
13.312
13.320
13.318
13.324
13.331
13.311
13.327
13.327
13.322
13.318
13.318
13.331
13.331
13.335
13.319
13.327
13.329
13.342
13.334
13.337
13.325
13.335
13.325
13.338
13.344
13.326
13.346
13.333
13.349
13.339
13.340
13.332
13.344
13.350
13.340
13.333
13.351
13.347
13.345
13.343
13.355
13.338
13.354
13.356
13.349
13.365
13.341
13.355
13.352
13.365
13.350
13.356
13.367
13.354
13.352
13.354
13.361
13.363
13.352
13.354
13.349
13.357
13.371
13.362
13.360
13.362
13.367
13.376
13.368
13.362
13.360
13.383
13.379
13.383
13.380
13.381
13.363
13.383
13.365
13.373
13.390
13.369
13.380
13.388
13.369
13.371
13.379
13.389
13.383
13.375
13.397
13.375
13.381
13.393
13.387
13.391
13.392
13.386
13.385
13.393
13.399
13.389
13.382
13.394
13.390
13.390
13.391
13.396
13.403
13.393
13.400
13.393
13.403
13.390
13.390
13.395
13.407
13.404
13.396
13.393
13.393
13.408
13.402
13.409
13.399
13.412
13.403
13.415
13.405
13.413
13.414
13.413
13.398
13.417
13.412
13.408
13.420
13.421
13.400
13.402
13.407
13.405
13.412
13.410
13.423
13.403
13.422
13.403
13.408
13.422
13.421
13.425
13.423
13.412
13.420
13.411
13.420
13.408
13.431
13.432
13.411
13.434
13.430
13.424
13.425
13.436
13.417
13.426
13.435
13.432
13.436
13.432
13.422
13.423
13.426
13.425
13.421
13.435
13.438
13.426
13.422
13.425
13.428
13.436
13.439
13.430
13.440
13.445
13.438
13.442
13.434
13.432
13.443
13.434
13.442
13.436
13.444
13.440
13.446
13.437
13.442
13.434
13.431
13.445
13.438
13.456
13.435
13.452
13.438
13.457
13.454
13.450
13.442
13.453
13.443
13.446
13.448
13.456
13.453
13.455
13.460
13.442
13.456
13.449
13.454
13.442
13.460
13.463
13.461
13.445
13.449
13.447
13.452
13.450
13.450
13.458
13.452
13.462
13.457
13.452
13.469
13.457
13.452
13.464
13.452
13.467
13.458
13.454
13.449
13.464
13.466
13.459
13.456
13.460
13.469
13.460
13.464
13.475
13.458
13.471
13.458
13.464
13.463
13.457
13.473
13.466
13.468
13.468
13.469
13.465
13.472
13.480
13.465
13.478
13.477
13.477
13.479
13.479
13.466
13.468
13.465
13.464
13.471
13.481
13.461
13.476
13.469
13.481
13.482
13.466
13.485
13.481
13.479
13.468
13.484
13.486
13.480
13.467
13.472
13.487
13.467
13.485
13.483
13.489
13.466
13.481
13.469
13.481
13.492
13.478
13.477
13.478
13.474
13.481
13.493
13.484
13.488
13.489
13.477
13.490
13.483
13.484
13.480
13.486
13.497
13.491
13.494
13.486
13.484
13.499
13.481
13.493
13.483
13.490
13.487
13.489
13.496
13.497
13.489
13.487
13.500
13.494
13.498
13.501
13.490
13.498
13.486
13.506
13.494
13.505
13.492
13.489
13.507
13.487
13.491
13.490
13.496
13.502
13.495
13.498
13.499
13.505
13.499
13.505
13.502
13.503
13.492
13.501
13.510
13.493
13.494
