3.851
3.891
3.901
3.914
3.919
3.909
3.940
3.962
3.962
3.968
3.987
3.995
4.012
4.006
4.034
4.040
4.031
4.064
4.072
4.077
4.073
4.092
4.107
4.104
4.123
4.151
4.139
4.153
4.166
4.168
4.176
4.178
4.190
4.183
4.221
4.216
4.227
4.222
4.230
4.234
4.259
4.268
4.285
4.274
4.279
4.293
4.296
4.312
4.317
4.326
4.313
4.327
4.350
4.348
4.358
4.397
4.385
4.387
4.384
4.404
4.404
4.441
4.436
4.428
4.436
4.426
4.460
4.468
4.481
4.489
4.497
4.525
4.509
4.512
4.527
4.542
4.538
4.536
4.576
4.578
4.559
4.592
4.623
4.622
4.609
4.616
4.636
4.651
4.686
4.656
4.702
4.706
4.699
4.707
4.728
4.744
4.754
4.757
4.760
4.781
4.805
4.819
4.808
4.841
4.830
4.836
4.865
4.880
4.872
4.900
4.930
4.925
4.918
4.945
4.953
4.956
4.969
4.983
4.993
4.997
5.029
5.029
5.045
5.069
5.082
5.079
5.115
5.096
5.140
5.142
5.146
5.164
5.166
5.177
5.189
5.211
5.237
5.233
5.222
5.245
5.256
5.261
5.289
5.293
5.313
5.340
5.355
5.353
5.361
5.368
5.392
5.393
5.422
5.409
5.444
5.451
5.450
5.456
5.479
5.495
5.495
5.515
5.511
5.527
5.529
5.552
5.584
5.574
5.588
5.606
5.610
5.603
5.643
5.645
5.664
5.681
5.676
5.670
5.712
5.720
5.722
5.720
5.741
5.746
5.766
5.784
5.779
5.812
5.805
5.812
5.832
5.832
5.858
5.884
5.891
5.879
5.882
5.894
5.930
5.935
5.940
5.945
5.922
5.965
5.970
5.955
6.018
5.996
6.038
6.032
6.043
6.029
6.061
6.060
6.077
6.095
6.094
6.111
6.092
6.099
6.120
6.146
6.170
6.175
6.183
6.194
6.202
6.188
6.201
6.230
6.217
6.233
6.229
6.236
6.252
6.262
6.284
6.287
6.278
6.321
6.311
6.286
6.321
6.316
6.352
6.361
6.370
6.363
6.375
6.402
6.369
6.398
6.418
6.409
6.437
6.444
6.451
6.437
6.460
6.459
6.446
6.463
6.473
6.482
6.493
6.527
6.508
6.518
6.538
6.536
6.531
6.549
6.565
6.583
6.594
6.593
6.616
6.581
6.621
6.618
6.610
6.627
6.624
6.619
6.642
6.666
6.653
6.665
6.686
6.695
6.675
6.702
6.692
6.699
6.694
6.714
6.750
6.764
6.724
6.747
6.754
6.759
6.757
6.771
6.774
6.807
6.791
6.806
6.806
6.850
6.841
6.821
6.828
6.835
6.838
6.855
6.876
6.852
6.862
6.861
6.866
6.898
6.882
6.898
6.905
6.876
6.903
6.905
6.919
6.925
6.946
6.944
6.945
6.955
6.966
6.945
6.989
6.958
6.967
6.981
6.987
6.989
7.019
6.999
7.015
7.026
7.008
7.038
7.059
7.034
7.051
7.037
7.044
7.053
7.057
7.068
7.079
7.096
7.071
7.085
7.096
7.100
7.120
7.106
7.116
7.093
7.115
7.141
7.128
7.133
7.132
7.150
7.141
7.146
7.156
7.133
7.172
7.155
7.162
7.161
7.165
7.180
7.203
7.197
7.222
7.191
7.201
7.205
7.217
7.212
7.226
7.227
7.242
7.234
7.248
7.234
7.255
7.261
7.253
7.261
7.255
7.272
7.263
7.285
7.302
7.274
7.300
7.287
7.298
7.301
7.313
7.312
7.299
7.316
7.327
7.336
7.332
7.322
7.332
7.348
7.327
7.353
7.341
7.352
7.366
7.357
7.366
7.377
7.373
7.376
7.386
7.381
7.404
7.381
7.395
7.401
7.393
7.417
7.407
7.415
7.426
7.424
7.414
7.408
7.396
7.433
7.418
7.429
7.432
7.439
7.452
7.429
7.443
7.459
7.462
7.456
7.480
7.480
7.474
7.471
7.487
7.480
7.470
7.495
7.479
7.473
7.479
7.506
7.496
7.496
7.489
7.501
7.512
7.493
7.507
7.522
7.532
7.514
7.535
7.534
7.508
7.521
7.519
7.529
7.532
7.528
7.537
7.567
7.554
7.551
7.566
7.571
7.562
7.571
7.576
7.569
7.557
7.589
7.562
7.576
7.608
7.596
7.602
7.576
7.591
7.598
7.578
7.601
7.623
7.607
7.606
7.616
7.611
7.586
7.612
7.613
7.621
7.619
7.652
7.633
7.631
7.639
7.635
7.642
7.637
7.668
7.636
7.637
7.649
7.643
7.665
7.660
7.676
7.660
7.651
7.674
7.680
7.658
7.685
7.672
7.667
7.669
7.674
7.685
7.695
7.677
7.680
7.698
7.678
7.678
7.705
7.698
7.709
7.692
7.699
7.691
7.725
7.691
7.699
7.700
7.712
7.715
7.716
7.722
7.707
7.713
7.722
7.721
7.751
7.736
7.735
7.737
7.728
7.732
7.744
7.745
7.723
7.754
7.755
7.746
7.753
7.756
7.760
7.744
7.757
7.756
7.759
7.773
7.775
7.775
7.769
7.775
7.765
7.766
7.782
7.777
7.781
7.790
7.786
7.791
7.780
7.794
7.787
7.794
7.798
7.788
7.787
7.789
7.807
7.794
7.811
7.809
7.796
7.797
7.809
7.803
7.804
7.828
7.816
7.815
7.826
7.801
7.816
7.831
7.829
7.822
7.816
7.827
7.835
7.835
7.833
7.845
7.826
7.837
7.842
7.848
7.849
7.852
7.849
7.848
7.844
7.839
7.845
7.861
7.856
7.842
7.861
7.865
7.863
7.853
7.893
7.865
7.861
7.859
7.870
7.882
7.878
7.869
7.859
7.890
7.891
7.878
7.860
7.886
7.856
7.874
7.897
7.874
7.887
7.889
7.868
7.887
7.894
7.912
7.899
7.908
7.900
7.894
7.867
7.900
7.911
7.898
7.899
7.901
7.914
7.909
7.920
7.911
7.901
7.910
7.911
7.904
7.899
7.933
7.904
7.917
7.909
7.922
7.911
7.927
7.936
7.913
7.915
7.930
7.912
7.924
7.925
7.950
7.918
7.933
7.934
7.927
7.948
7.936
7.932
7.924
7.939
7.947
7.947
7.921
7.935
7.961
7.947
7.953
7.937
7.954
7.943
7.949
7.960
7.967
7.961
7.949
7.941
7.952
7.930
7.956
7.971
7.959
7.946
7.970
7.975
7.977
7.971
7.981
7.956
7.957
7.959
7.958
7.951
7.968
7.964
7.957
7.961
7.992
7.983
7.977
7.989
7.974
7.997
7.972
7.982
7.969
7.986
7.983
7.991
7.979
7.975
7.988
7.976
7.988
7.981
7.991
7.997
7.994
7.995
7.977
7.999
8.013
7.998
7.990
8.008
7.990
8.007
8.020
8.001
8.000
7.996
8.000
8.014
8.019
8.013
8.004
7.998
8.016
8.019
8.014
8.023
8.023
8.017
8.022
8.001
8.000
8.013
8.018
8.014
8.025
8.023
7.998
8.016
8.023
8.015
8.028
8.020
8.025
8.038
8.009
8.032
8.021
8.029
8.008
8.032
8.035
8.046
8.031
8.035
8.031
8.027
8.035
8.022
8.043
8.019
8.046
8.031
8.048
8.037
8.040
8.041
8.034
8.038
8.029
8.045
8.063
8.064
8.027
8.050
8.043
8.039
8.034
8.044
8.047
8.065
8.050
8.049
8.050
8.047
8.063
8.045
8.061
8.039
8.038
8.070
8.046
8.066
8.058
8.043
8.062
8.055
8.071
8.050
8.063
8.060
8.063
8.058
8.066
8.071
8.063
8.065
8.058
8.078
8.075
8.067
8.082
8.070
8.079
8.067
8.075
8.068
8.071
8.079
8.078
8.074
8.091
8.079
8.071
8.074
8.069
8.088
8.070
8.091
8.072
8.064
8.085
8.081
8.100
8.085
8.081
8.066
8.088
8.071
8.075
8.088
8.102
8.085
8.073
8.094
8.106
8.083
8.078
8.090
8.088
8.094
8.089
8.069
8.084
8.094
8.098
8.091
8.117
8.104
8.114
8.085
8.088
8.078
8.101
8.088
8.093
8.104
8.091
8.097
8.094
8.098
8.099
8.115
8.117
8.110
8.108
8.088
8.116
8.094
8.123
8.094
8.135
8.115
8.115
8.111
8.097
8.106
8.111
8.100
8.120
8.094
8.114
8.103
8.123
8.115
8.103
8.119
8.111
8.127
8.116
8.113
8.105
8.119
8.113
8.130
8.136
8.137
8.113
8.117
8.134
8.103
8.129
8.120
8.124
8.112
8.131
8.110
8.123
8.112
8.134
8.118
8.126
8.115
8.117
8.120
8.124
8.119
8.124
8.137
8.132
8.119
8.145
8.126
8.154
8.128
8.164
8.122
8.155
8.135
8.147
8.128
8.130
8.125
8.124
8.139
8.150
8.133
8.126
8.120
8.132
8.134
8.121
8.137
8.133
