-0.338 -0.335 -0.346 -0.346 -0.318 -0.278 -0.265 -0.282 -0.335 -0.319 -0.285 -0.311 -0.279 -0.301 -0.293 -0.259 -0.330 -0.330 -0.321 -0.315 -0.344 -0.329 -0.335 -0.344 -0.325 -0.313 -0.317 -0.323 -0.323 -0.244 0.112 0.155 0.079 -0.062 -0.194 0.053 0.039 0.070 0.010 0.044 0.019 0.085 0.130 0.211 0.230 0.231 0.104 0.096 0.111 0.131
-0.335 -0.333 -0.344 -0.344 -0.316 -0.277 -0.264 -0.281 -0.332 -0.316 -0.283 -0.309 -0.278 -0.299 -0.291 -0.258 -0.328 -0.328 -0.319 -0.313 -0.341 -0.327 -0.332 -0.342 -0.322 -0.311 -0.315 -0.321 -0.321 -0.244 0.107 0.149 0.074 -0.064 -0.194 0.048 0.035 0.065 0.006 0.040 0.016 0.081 0.124 0.204 0.223 0.224 0.099 0.091 0.106 0.126
-0.346 -0.344 -0.355 -0.355 -0.325 -0.283 -0.269 -0.287 -0.343 -0.326 -0.290 -0.317 -0.284 -0.307 -0.298 -0.262 -0.338 -0.338 -0.328 -0.322 -0.353 -0.337 -0.343 -0.353 -0.332 -0.319 -0.324 -0.330 -0.330 -0.247 0.127 0.172 0.092 -0.056 -0.194 0.064 0.050 0.083 0.020 0.056 0.030 0.099 0.145 0.231 0.252 0.252 0.119 0.110 0.126 0.147
-0.346 -0.344 -0.355 -0.355 -0.325 -0.283 -0.269 -0.287 -0.343 -0.326 -0.290 -0.317 -0.284 -0.307 -0.298 -0.262 -0.338 -0.338 -0.328 -0.322 -0.353 -0.337 -0.343 -0.353 -0.332 -0.319 -0.324 -0.330 -0.330 -0.247 0.127 0.173 0.093 -0.056 -0.194 0.065 0.050 0.083 0.020 0.056 0.030 0.099 0.146 0.232 0.252 0.252 0.119 0.110 0.127 0.147
-0.318 -0.316 -0.325 -0.325 -0.300 -0.265 -0.253 -0.268 -0.315 -0.301 -0.271 -0.294 -0.266 -0.285 -0.278 -0.248 -0.311 -0.311 -0.303 -0.298 -0.323 -0.311 -0.315 -0.323 -0.306 -0.296 -0.300 -0.304 -0.304 -0.235 0.089 0.128 0.059 -0.069 -0.189 0.035 0.022 0.050 -0.004 0.027 0.005 0.064 0.104 0.178 0.195 0.196 0.082 0.074 0.088 0.106
-0.278 -0.277 -0.283 -0.283 -0.265 -0.237 -0.227 -0.239 -0.276 -0.266 -0.241 -0.260 -0.238 -0.253 -0.248 -0.222 -0.273 -0.273 -0.267 -0.263 -0.282 -0.273 -0.276 -0.282 -0.270 -0.262 -0.265 -0.268 -0.268 -0.211 0.059 0.092 0.034 -0.073 -0.174 0.014 0.003 0.027 -0.019 0.008 -0.011 0.039 0.072 0.134 0.148 0.148 0.053 0.047 0.059 0.074
-0.265 -0.264 -0.269 -0.269 -0.253 -0.227 -0.219 -0.230 -0.263 -0.254 -0.231 -0.249 -0.229 -0.243 -0.238 -0.214 -0.261 -0.261 -0.255 -0.251 -0.268 -0.260 -0.263 -0.268 -0.257 -0.250 -0.253 -0.255 -0.255 -0.204 0.049 0.079 0.025 -0.075 -0.169 0.007 -0.004 0.019 -0.024 0.001 -0.017 0.030 0.061 0.118 0.131 0.131 0.043 0.037 0.048 0.062
-0.282 -0.281 -0.287 -0.287 -0.268 -0.239 -0.230 -0.242 -0.280 -0.269 -0.244 -0.264 -0.241 -0.256 -0.251 -0.225 -0.277 -0.277 -0.270 -0.267 -0.286 -0.277 -0.280 -0.286 -0.273 -0.265 -0.268 -0.271 -0.271 -0.214 0.062 0.095 0.036 -0.073 -0.175 0.016 0.005 0.029 -0.017 0.009 -0.010 0.041 0.075 0.138 0.152 0.152 0.056 0.049 0.061 0.077
-0.335 -0.332 -0.343 -0.343 -0.315 -0.276 -0.263 -0.280 -0.332 -0.316 -0.283 -0.308 -0.278 -0.298 -0.291 -0.257 -0.327 -0.327 -0.318 -0.313 -0.340 -0.326 -0.331 -0.341 -0.322 -0.310 -0.315 -0.320 -0.320 -0.243 0.106 0.149 0.074 -0.064 -0.194 0.048 0.034 0.065 0.006 0.040 0.015 0.080 0.123 0.204 0.222 0.223 0.099 0.090 0.106 0.125
-0.319 -0.316 -0.326 -0.326 -0.301 -0.266 -0.254 -0.269 -0.316 -0.302 -0.271 -0.295 -0.267 -0.286 -0.279 -0.248 -0.312 -0.312 -0.304 -0.299 -0.324 -0.311 -0.316 -0.324 -0.307 -0.296 -0.301 -0.305 -0.305 -0.235 0.088 0.127 0.058 -0.070 -0.190 0.034 0.022 0.050 -0.005 0.027 0.004 0.064 0.104 0.178 0.195 0.196 0.081 0.073 0.088 0.106
-0.285 -0.283 -0.290 -0.290 -0.271 -0.241 -0.231 -0.244 -0.283 -0.271 -0.246 -0.266 -0.243 -0.259 -0.253 -0.226 -0.280 -0.280 -0.273 -0.269 -0.289 -0.279 -0.283 -0.289 -0.276 -0.267 -0.271 -0.274 -0.274 -0.215 0.065 0.099 0.039 -0.072 -0.176 0.018 0.007 0.032 -0.015 0.012 -0.008 0.044 0.079 0.142 0.157 0.157 0.059 0.052 0.064 0.080
-0.311 -0.309 -0.317 -0.317 -0.294 -0.260 -0.249 -0.264 -0.308 -0.295 -0.266 -0.288 -0.262 -0.280 -0.273 -0.244 -0.304 -0.305 -0.297 -0.292 -0.316 -0.304 -0.308 -0.316 -0.300 -0.290 -0.294 -0.298 -0.298 -0.231 0.081 0.119 0.052 -0.072 -0.187 0.029 0.016 0.044 -0.009 0.021 -0.000 0.057 0.096 0.167 0.184 0.184 0.074 0.066 0.080 0.097
-0.279 -0.278 -0.284 -0.284 -0.266 -0.238 -0.229 -0.241 -0.278 -0.267 -0.243 -0.262 -0.239 -0.255 -0.249 -0.224 -0.275 -0.275 -0.268 -0.264 -0.283 -0.274 -0.278 -0.283 -0.271 -0.263 -0.266 -0.269 -0.269 -0.213 0.057 0.089 0.032 -0.075 -0.175 0.012 0.001 0.025 -0.021 0.005 -0.013 0.037 0.070 0.131 0.145 0.145 0.051 0.044 0.056 0.071
-0.301 -0.299 -0.307 -0.307 -0.285 -0.253 -0.243 -0.256 -0.298 -0.286 -0.259 -0.280 -0.255 -0.272 -0.266 -0.238 -0.295 -0.295 -0.288 -0.283 -0.305 -0.294 -0.298 -0.305 -0.291 -0.281 -0.285 -0.289 -0.289 -0.225 0.072 0.108 0.044 -0.074 -0.184 0.022 0.010 0.037 -0.014 0.015 -0.005 0.050 0.086 0.154 0.170 0.170 0.065 0.058 0.071 0.088
-0.293 -0.291 -0.298 -0.298 -0.278 -0.248 -0.238 -0.251 -0.291 -0.279 -0.253 -0.273 -0.249 -0.266 -0.260 -0.233 -0.287 -0.287 -0.281 -0.276 -0.297 -0.287 -0.291 -0.297 -0.283 -0.274 -0.278 -0.281 -0.281 -0.221 0.065 0.100 0.039 -0.075 -0.181 0.017 0.006 0.031 -0.017 0.011 -0.009 0.044 0.079 0.144 0.159 0.159 0.059 0.052 0.065 0.080
-0.259 -0.258 -0.262 -0.262 -0.248 -0.222 -0.214 -0.225 -0.257 -0.248 -0.226 -0.244 -0.224 -0.238 -0.233 -0.210 -0.255 -0.255 -0.249 -0.246 -0.262 -0.255 -0.257 -0.262 -0.252 -0.245 -0.248 -0.250 -0.250 -0.199 0.049 0.078 0.025 -0.073 -0.165 0.007 -0.003 0.019 -0.023 0.001 -0.016 0.030 0.060 0.116 0.129 0.129 0.043 0.037 0.048 0.062
-0.330 -0.328 -0.338 -0.338 -0.311 -0.273 -0.261 -0.277 -0.327 -0.312 -0.280 -0.304 -0.275 -0.295 -0.287 -0.255 -0.322 -0.323 -0.314 -0.309 -0.335 -0.322 -0.327 -0.336 -0.317 -0.306 -0.311 -0.315 -0.316 -0.241 0.099 0.140 0.067 -0.067 -0.193 0.042 0.029 0.058 0.001 0.034 0.010 0.073 0.115 0.193 0.212 0.212 0.091 0.083 0.098 0.117
-0.330 -0.328 -0.338 -0.338 -0.311 -0.273 -0.261 -0.277 -0.327 -0.312 -0.280 -0.305 -0.275 -0.295 -0.287 -0.255 -0.323 -0.323 -0.314 -0.309 -0.336 -0.322 -0.327 -0.336 -0.318 -0.306 -0.311 -0.316 -0.316 -0.241 0.101 0.142 0.069 -0.066 -0.193 0.043 0.030 0.060 0.002 0.035 0.012 0.075 0.117 0.195 0.214 0.214 0.093 0.085 0.100 0.119
-0.321 -0.319 -0.328 -0.328 -0.303 -0.267 -0.255 -0.270 -0.318 -0.304 -0.273 -0.297 -0.268 -0.288 -0.281 -0.249 -0.314 -0.314 -0.306 -0.301 -0.327 -0.314 -0.318 -0.327 -0.309 -0.298 -0.303 -0.307 -0.307 -0.236 0.094 0.134 0.064 -0.067 -0.189 0.039 0.026 0.055 -0.001 0.031 0.008 0.069 0.110 0.186 0.203 0.204 0.087 0.079 0.093 0.112
-0.315 -0.313 -0.322 -0.322 -0.298 -0.263 -0.251 -0.267 -0.313 -0.299 -0.269 -0.292 -0.264 -0.283 -0.276 -0.246 -0.309 -0.309 -0.301 -0.296 -0.320 -0.308 -0.312 -0.321 -0.304 -0.294 -0.298 -0.302 -0.302 -0.233 0.087 0.125 0.057 -0.070 -0.188 0.033 0.021 0.049 -0.005 0.026 0.004 0.063 0.102 0.175 0.192 0.193 0.080 0.072 0.086 0.104
-0.344 -0.341 -0.353 -0.353 -0.323 -0.282 -0.268 -0.286 -0.340 -0.324 -0.289 -0.316 -0.283 -0.305 -0.297 -0.262 -0.335 -0.336 -0.327 -0.320 -0.350 -0.335 -0.340 -0.351 -0.330 -0.317 -0.322 -0.328 -0.328 -0.247 0.121 0.165 0.086 -0.059 -0.195 0.059 0.045 0.077 0.015 0.050 0.025 0.093 0.138 0.223 0.243 0.243 0.113 0.103 0.120 0.140
-0.329 -0.327 -0.337 -0.337 -0.311 -0.273 -0.260 -0.277 -0.326 -0.311 -0.279 -0.304 -0.274 -0.294 -0.287 -0.255 -0.322 -0.322 -0.314 -0.308 -0.335 -0.321 -0.326 -0.335 -0.317 -0.306 -0.310 -0.315 -0.315 -0.241 0.099 0.141 0.068 -0.067 -0.193 0.043 0.029 0.059 0.002 0.034 0.011 0.074 0.116 0.194 0.212 0.212 0.092 0.083 0.099 0.118
-0.335 -0.332 -0.343 -0.343 -0.315 -0.276 -0.263 -0.280 -0.331 -0.316 -0.283 -0.308 -0.278 -0.298 -0.291 -0.257 -0.327 -0.327 -0.318 -0.312 -0.340 -0.326 -0.331 -0.341 -0.321 -0.310 -0.314 -0.320 -0.320 -0.243 0.105 0.148 0.073 -0.065 -0.194 0.047 0.033 0.064 0.005 0.039 0.015 0.079 0.122 0.202 0.221 0.221 0.098 0.089 0.105 0.124
-0.344 -0.342 -0.353 -0.353 -0.323 -0.282 -0.268 -0.286 -0.341 -0.324 -0.289 -0.316 -0.283 -0.305 -0.297 -0.262 -0.336 -0.336 -0.327 -0.321 -0.351 -0.335 -0.341 -0.351 -0.330 -0.318 -0.323 -0.328 -0.328 -0.247 0.121 0.166 0.087 -0.059 -0.195 0.059 0.045 0.077 0.015 0.051 0.025 0.093 0.139 0.223 0.243 0.244 0.113 0.104 0.120 0.141
-0.325 -0.322 -0.332 -0.332 -0.306 -0.270 -0.257 -0.273 -0.322 -0.307 -0.276 -0.300 -0.271 -0.291 -0.283 -0.252 -0.317 -0.318 -0.309 -0.304 -0.330 -0.317 -0.321 -0.330 -0.312 -0.301 -0.306 -0.311 -0.311 -0.238 0.094 0.134 0.063 -0.069 -0.192 0.038 0.025 0.054 -0.002 0.030 0.007 0.069 0.110 0.186 0.204 0.204 0.087 0.078 0.093 0.111
-0.313 -0.311 -0.319 -0.319 -0.296 -0.262 -0.250 -0.265 -0.310 -0.296 -0.267 -0.290 -0.263 -0.281 -0.274 -0.245 -0.306 -0.306 -0.298 -0.294 -0.317 -0.306 -0.310 -0.318 -0.301 -0.291 -0.295 -0.300 -0.300 -0.232 0.082 0.120 0.053 -0.072 -0.188 0.030 0.017 0.045 -0.008 0.022 0.000 0.058 0.097 0.169 0.186 0.186 0.075 0.067 0.081 0.099
-0.317 -0.315 -0.324 -0.324 -0.300 -0.265 -0.253 -0.268 -0.315 -0.301 -0.271 -0.294 -0.266 -0.285 -0.278 -0.248 -0.311 -0.311 -0.303 -0.298 -0.322 -0.310 -0.314 -0.323 -0.306 -0.295 -0.300 -0.304 -0.304 -0.235 0.086 0.125 0.057 -0.071 -0.189 0.033 0.020 0.048 -0.006 0.025 0.003 0.062 0.102 0.175 0.192 0.193 0.079 0.071 0.086 0.103
-0.323 -0.321 -0.330 -0.330 -0.304 -0.268 -0.255 -0.271 -0.320 -0.305 -0.274 -0.298 -0.269 -0.289 -0.281 -0.250 -0.315 -0.316 -0.307 -0.302 -0.328 -0.315 -0.320 -0.328 -0.311 -0.300 -0.304 -0.309 -0.309 -0.236 0.098 0.139 0.067 -0.065 -0.189 0.042 0.029 0.058 0.002 0.034 0.011 0.073 0.114 0.191 0.209 0.209 0.091 0.083 0.097 0.116
-0.323 -0.321 -0.330 -0.330 -0.304 -0.268 -0.255 -0.271 -0.320 -0.305 -0.274 -0.298 -0.269 -0.289 -0.281 -0.250 -0.316 -0.316 -0.307 -0.302 -0.328 -0.315 -0.320 -0.328 -0.311 -0.300 -0.304 -0.309 -0.309 -0.236 0.098 0.139 0.067 -0.065 -0.189 0.042 0.029 0.058 0.002 0.034 0.011 0.073 0.114 0.191 0.209 0.209 0.091 0.083 0.097 0.116
-0.244 -0.244 -0.247 -0.247 -0.235 -0.211 -0.204 -0.214 -0.243 -0.235 -0.215 -0.231 -0.213 -0.225 -0.221 -0.199 -0.241 -0.241 -0.236 -0.233 -0.247 -0.241 -0.243 -0.247 -0.238 -0.232 -0.235 -0.236 -0.236 -0.190 0.043 0.071 0.022 -0.071 -0.158 0.004 -0.005 0.016 -0.024 -0.001 -0.017 0.026 0.054 0.107 0.118 0.119 0.038 0.033 0.043 0.056
0.112 0.107 0.127 0.127 0.089 0.059 0.049 0.062 0.106 0.088 0.065 0.081 0.057 0.072 0.065 0.049 0.099 0.101 0.094 0.087 0.121 0.099 0.105 0.121 0.094 0.082 0.086 0.098 0.098 0.043 -0.097 -0.117 -0.084 -0.031 0.021 -0.073 -0.070 -0.080 -0.058 -0.070 -0.060 -0.087 -0.105 -0.144 -0.155 -0.156 -0.095 -0.090 -0.097 -0.106
0.155 0.149 0.172 0.173 0.128 0.092 0.079 0.095 0.149 0.127 0.099 0.119 0.089 0.108 0.100 0.078 0.140 0.142 0.134 0.125 0.165 0.141 0.148 0.166 0.134 0.120 0.125 0.139 0.139 0.071 -0.117 -0.143 -0.100 -0.028 0.042 -0.085 -0.081 -0.094 -0.064 -0.080 -0.067 -0.103 -0.127 -0.177 -0.191 -0.192 -0.113 -0.107 -0.117 -0.128
0.079 0.074 0.092 0.093 0.059 0.034 0.025 0.036 0.074 0.058 0.039 0.052 0.032 0.044 0.039 0.025 0.067 0.069 0.064 0.057 0.086 0.068 0.073 0.087 0.063 0.053 0.057 0.067 0.067 0.022 -0.084 -0.100 -0.075 -0.035 0.005 -0.066 -0.065 -0.072 -0.055 -0.064 -0.056 -0.077 -0.090 -0.121 -0.129 -0.130 -0.082 -0.079 -0.084 -0.091
-0.062 -0.064 -0.056 -0.056 -0.069 -0.073 -0.075 -0.073 -0.064 -0.070 -0.072 -0.072 -0.075 -0.074 -0.075 -0.073 -0.067 -0.066 -0.067 -0.070 -0.059 -0.067 -0.065 -0.059 -0.069 -0.072 -0.071 -0.065 -0.065 -0.071 -0.031 -0.028 -0.035 -0.053 -0.067 -0.038 -0.041 -0.036 -0.043 -0.039 -0.041 -0.034 -0.030 -0.025 -0.025 -0.025 -0.032 -0.033 -0.032 -0.030
-0.194 -0.194 -0.194 -0.194 -0.189 -0.174 -0.169 -0.175 -0.194 -0.190 -0.176 -0.187 -0.175 -0.184 -0.181 -0.165 -0.193 -0.193 -0.189 -0.188 -0.195 -0.193 -0.194 -0.195 -0.192 -0.188 -0.189 -0.189 -0.189 -0.158 0.021 0.042 0.005 -0.067 -0.133 -0.008 -0.016 0.000 -0.030 -0.013 -0.025 0.008 0.030 0.069 0.077 0.077 0.017 0.013 0.021 0.030
0.053 0.048 0.064 0.065 0.035 0.014 0.007 0.016 0.048 0.034 0.018 0.029 0.012 0.022 0.017 0.007 0.042 0.043 0.039 0.033 0.059 0.043 0.047 0.059 0.038 0.030 0.033 0.042 0.042 0.004 -0.073 -0.085 -0.066 -0.038 -0.008 -0.059 -0.059 -0.064 -0.051 -0.058 -0.052 -0.067 -0.078 -0.101 -0.108 -0.109 -0.072 -0.069 -0.073 -0.078
0.039 0.035 0.050 0.050 0.022 0.003 -0.004 0.005 0.034 0.022 0.007 0.016 0.001 0.010 0.006 -0.003 0.029 0.030 0.026 0.021 0.045 0.029 0.033 0.045 0.025 0.017 0.020 0.029 0.029 -0.005 -0.070 -0.081 -0.065 -0.041 -0.016 -0.059 -0.059 -0.063 -0.052 -0.058 -0.053 -0.066 -0.074 -0.095 -0.101 -0.102 -0.069 -0.067 -0.071 -0.075
0.070 0.065 0.083 0.083 0.050 0.027 0.019 0.029 0.065 0.050 0.032 0.044 0.025 0.037 0.031 0.019 0.058 0.060 0.055 0.049 0.077 0.059 0.064 0.077 0.054 0.045 0.048 0.058 0.058 0.016 -0.080 -0.094 -0.072 -0.036 0.000 -0.064 -0.063 -0.069 -0.054 -0.062 -0.055 -0.073 -0.086 -0.114 -0.122 -0.123 -0.079 -0.075 -0.080 -0.086
0.010 0.006 0.020 0.020 -0.004 -0.019 -0.024 -0.017 0.006 -0.005 -0.015 -0.009 -0.021 -0.014 -0.017 -0.023 0.001 0.002 -0.001 -0.005 0.015 0.002 0.005 0.015 -0.002 -0.008 -0.006 0.002 0.002 -0.024 -0.058 -0.064 -0.055 -0.043 -0.030 -0.051 -0.052 -0.054 -0.049 -0.051 -0.048 -0.055 -0.060 -0.073 -0.077 -0.078 -0.057 -0.055 -0.058 -0.060
0.044 0.040 0.056 0.056 0.027 0.008 0.001 0.009 0.040 0.027 0.012 0.021 0.005 0.015 0.011 0.001 0.034 0.035 0.031 0.026 0.050 0.034 0.039 0.051 0.030 0.022 0.025 0.034 0.034 -0.001 -0.070 -0.080 -0.064 -0.039 -0.013 -0.058 -0.058 -0.062 -0.051 -0.056 -0.051 -0.065 -0.074 -0.095 -0.102 -0.103 -0.069 -0.066 -0.070 -0.074
0.019 0.016 0.030 0.030 0.005 -0.011 -0.017 -0.010 0.015 0.004 -0.008 -0.000 -0.013 -0.005 -0.009 -0.016 0.010 0.012 0.008 0.004 0.025 0.011 0.015 0.025 0.007 0.000 0.003 0.011 0.011 -0.017 -0.060 -0.067 -0.056 -0.041 -0.025 -0.052 -0.053 -0.055 -0.048 -0.051 -0.048 -0.057 -0.063 -0.078 -0.083 -0.083 -0.059 -0.057 -0.060 -0.063
0.085 0.081 0.099 0.099 0.064 0.039 0.030 0.041 0.080 0.064 0.044 0.057 0.037 0.050 0.044 0.030 0.073 0.075 0.069 0.063 0.093 0.074 0.079 0.093 0.069 0.058 0.062 0.073 0.073 0.026 -0.087 -0.103 -0.077 -0.034 0.008 -0.067 -0.066 -0.073 -0.055 -0.065 -0.057 -0.078 -0.093 -0.125 -0.134 -0.135 -0.085 -0.081 -0.087 -0.094
0.130 0.124 0.145 0.146 0.104 0.072 0.061 0.075 0.123 0.104 0.079 0.096 0.070 0.086 0.079 0.060 0.115 0.117 0.110 0.102 0.138 0.116 0.122 0.139 0.110 0.097 0.102 0.114 0.114 0.054 -0.105 -0.127 -0.090 -0.030 0.030 -0.078 -0.074 -0.086 -0.060 -0.074 -0.063 -0.093 -0.114 -0.157 -0.169 -0.170 -0.102 -0.097 -0.105 -0.115
0.211 0.204 0.231 0.232 0.178 0.134 0.118 0.138 0.204 0.178 0.142 0.167 0.131 0.154 0.144 0.116 0.193 0.195 0.186 0.175 0.223 0.194 0.202 0.223 0.186 0.169 0.175 0.191 0.191 0.107 -0.144 -0.177 -0.121 -0.025 0.069 -0.101 -0.095 -0.114 -0.073 -0.095 -0.078 -0.125 -0.157 -0.222 -0.240 -0.241 -0.139 -0.131 -0.144 -0.158
0.230 0.223 0.252 0.252 0.195 0.148 0.131 0.152 0.222 0.195 0.157 0.184 0.145 0.170 0.159 0.129 0.212 0.214 0.203 0.192 0.243 0.212 0.221 0.243 0.204 0.186 0.192 0.209 0.209 0.118 -0.155 -0.191 -0.129 -0.025 0.077 -0.108 -0.101 -0.122 -0.077 -0.102 -0.083 -0.134 -0.169 -0.240 -0.259 -0.260 -0.149 -0.141 -0.154 -0.170
0.231 0.224 0.252 0.252 0.196 0.148 0.131 0.152 0.223 0.196 0.157 0.184 0.145 0.170 0.159 0.129 0.212 0.214 0.204 0.193 0.243 0.212 0.221 0.244 0.204 0.186 0.193 0.209 0.209 0.119 -0.156 -0.192 -0.130 -0.025 0.077 -0.109 -0.102 -0.123 -0.078 -0.103 -0.083 -0.135 -0.170 -0.241 -0.260 -0.262 -0.150 -0.142 -0.155 -0.172
0.104 0.099 0.119 0.119 0.082 0.053 0.043 0.056 0.099 0.081 0.059 0.074 0.051 0.065 0.059 0.043 0.091 0.093 0.087 0.080 0.113 0.092 0.098 0.113 0.087 0.075 0.079 0.091 0.091 0.038 -0.095 -0.113 -0.082 -0.032 0.017 -0.072 -0.069 -0.079 -0.057 -0.069 -0.059 -0.085 -0.102 -0.139 -0.149 -0.150 -0.092 -0.088 -0.095 -0.103
0.096 0.091 0.110 0.110 0.074 0.047 0.037 0.049 0.090 0.073 0.052 0.066 0.044 0.058 0.052 0.037 0.083 0.085 0.079 0.072 0.103 0.083 0.089 0.104 0.078 0.067 0.071 0.083 0.083 0.033 -0.090 -0.107 -0.079 -0.033 0.013 -0.069 -0.067 -0.075 -0.055 -0.066 -0.057 -0.081 -0.097 -0.131 -0.141 -0.142 -0.088 -0.083 -0.090 -0.097
0.111 0.106 0.126 0.127 0.088 0.059 0.048 0.061 0.106 0.088 0.064 0.080 0.056 0.071 0.065 0.048 0.098 0.100 0.093 0.086 0.120 0.099 0.105 0.120 0.093 0.081 0.086 0.097 0.097 0.043 -0.097 -0.117 -0.084 -0.032 0.021 -0.073 -0.071 -0.080 -0.058 -0.070 -0.060 -0.087 -0.105 -0.144 -0.154 -0.155 -0.095 -0.090 -0.097 -0.106
0.131 0.126 0.147 0.147 0.106 0.074 0.062 0.077 0.125 0.106 0.080 0.097 0.071 0.088 0.080 0.062 0.117 0.119 0.112 0.104 0.140 0.118 0.124 0.141 0.111 0.099 0.103 0.116 0.116 0.056 -0.106 -0.128 -0.091 -0.030 0.030 -0.078 -0.075 -0.086 -0.060 -0.074 -0.063 -0.094 -0.115 -0.158 -0.170 -0.172 -0.103 -0.097 -0.106 -0.115
