0.0	0.8	0.6	0.0	0.8	0.7	0.4	0.1	-0.1	0.8
0.0	0.8	0.6	0.0	0.8	0.7	0.4	0.1	-0.1	0.8
-34.24902 -143.56939 29.55579 0.00000 101.74220 19.78620 1.87004 -6.51138 -100.64347 -13.86690 
-75.37461 -160.14990 26.72363 40.10498 209.19217 36.85731 0.43872 -11.40508 -100.64347 -37.62422 
-117.83810 -181.72210 31.63175 126.71767 271.40331 54.47076 -0.21069 -11.00653 -100.64347 -55.69398 
-160.70335 -225.91256 9.46880 146.10864 315.67183 64.39371 -11.49916 -9.04979 -100.64347 -75.09869 
-196.25730 -227.11177 12.26240 142.65244 352.63038 90.57206 -13.27288 -16.78872 -138.38290 -84.69361 
-229.14854 -227.81870 -21.27766 145.61948 386.88274 108.58862 -13.69954 -20.13921 -334.37639 -104.95214 
-241.75048 -231.07608 -24.68108 139.25068 420.46475 118.64251 -10.15591 -19.11515 -331.09770 -120.92992 
-264.24051 -232.57428 -37.38987 124.97728 442.53161 147.11030 -7.39142 -17.10279 -332.91617 -135.39723 
-276.18638 -233.05189 -40.70976 133.84908 466.67151 176.18981 -4.46908 -17.70738 -329.90880 -142.89499 
-287.51271 -234.67173 -47.45243 128.47566 484.48115 178.70519 -1.91203 -22.62056 -332.13099 -149.86939 
-293.82300 -236.48319 -37.83002 134.60532 500.30073 200.28434 -3.88775 -25.28587 -331.02423 -162.39661 
-300.31537 -238.24579 -32.27584 123.34452 516.91411 200.81417 -3.01645 -25.62743 -326.62937 -176.12045 
-303.53841 -237.80363 -33.14395 115.41137 534.25997 198.95918 -0.79474 -27.64744 -318.98462 -181.61136 
-304.30329 -236.19304 -34.65155 111.21864 546.00640 217.94581 -11.17756 -26.60460 -313.30707 -186.07500 
-303.15845 -237.73501 -36.08419 108.42894 560.16847 217.94581 -11.07004 -30.15311 -316.53658 -185.91345 
-306.49807 -236.34590 -43.52075 104.23397 570.94363 219.61887 -9.20038 -31.73787 -311.86144 -184.98369 
-315.43865 -242.83721 -53.04948 111.37018 584.36798 233.28165 -6.91390 -30.44138 -309.93354 -189.91088 
-323.81148 -256.44181 -54.19277 111.60859 594.52263 263.68834 -8.09303 -28.46674 -304.85251 -192.86778 
-326.42114 -257.37679 -56.63026 107.04957 605.41505 263.68834 -9.55109 -29.22922 -301.75163 -192.21887 
-326.55243 -255.25300 -50.83754 103.48488 614.73477 295.09399 -7.40801 -22.95219 -297.02008 -194.93795 
-328.45005 -253.52461 -47.80137 100.35136 624.15345 300.27692 -9.59561 -21.48019 -295.85748 -192.43650 
-331.68905 -254.02113 -46.59011 91.72825 631.69815 300.27692 -13.95510 -23.07166 -300.87456 -190.63865 
-330.26719 -256.17843 -48.19414 89.77105 639.82224 300.27692 -13.73786 -22.95797 -298.18127 -191.97477 
-329.75659 -262.30638 -42.29498 93.26724 651.25744 299.92746 -12.94788 -24.97243 -297.48892 -195.40368 
-337.24677 -265.22740 -50.30629 85.54408 659.80798 300.40976 -13.86369 -20.94093 -294.84627 -196.47011 
-335.98863 -265.39688 -51.92058 86.20700 669.24499 295.96970 -12.35262 -20.50495 -296.30611 -196.43108 
-331.69582 -270.81993 -52.99640 80.71435 676.51049 295.97685 -11.59517 -18.97839 -305.56515 -198.28906 
-334.11518 -269.10470 -58.83406 73.64578 681.69934 298.22544 -12.71896 -19.41634 -300.53621 -200.24177 
-331.90974 -265.62460 -54.31374 80.52085 687.80058 324.20272 -10.23962 -20.56933 -311.11229 -212.66748 
-329.33398 -265.19540 -55.38137 78.26414 696.15648 324.62080 -10.83334 -18.33350 -314.76676 -210.45020 
-331.67541 -265.93248 -56.31267 83.95369 700.60109 349.73915 -10.67248 -19.16725 -314.75141 -210.52025 
-330.44168 -264.39426 -58.16048 80.67149 706.67363 346.70222 -11.22994 -16.31865 -316.41525 -207.73506 
-330.29726 -271.15232 -59.01047 79.55849 714.24166 357.08081 -10.28161 -13.19141 -319.95696 -208.25412 
-330.33746 -268.09315 -60.44637 74.66439 721.66631 360.88605 -16.01121 -12.25263 -317.71604 -207.16706 
-332.33386 -271.83426 -68.71579 71.95148 728.71504 362.51620 -15.74061 -9.36223 -311.50812 -205.43270 
-338.81394 -273.26591 -75.99471 71.75276 735.50896 376.66923 -16.61655 -10.07968 -319.03038 -209.05587 
-339.51534 -274.99637 -77.62224 68.59664 740.91707 400.95547 -21.10227 -13.00780 -318.82782 -208.46289 
-335.90745 -282.44444 -71.90253 65.47309 745.04603 423.68771 -20.86930 -12.77608 -320.80450 -206.13796 
-336.76615 -283.48610 -67.98559 66.35907 751.64457 420.56825 -18.95063 -15.23813 -323.55416 -204.85039 
-336.37564 -283.30820 -69.09757 63.40574 757.76208 418.92068 -19.06687 -9.00357 -317.89984 -207.00878 
-342.01350 -285.00716 -70.07964 79.74197 760.86042 415.50178 -30.46863 -11.26557 -319.06918 -208.51028 
-337.22731 -283.65457 -73.88851 76.02438 766.18624 416.42910 -26.37885 -9.43521 -314.74221 -210.12596 
-337.42880 -282.48369 -77.25097 79.12696 771.88680 420.27637 -25.25162 -9.78470 -312.35349 -209.33481 
-335.40221 -289.35959 -74.92024 83.53676 776.38062 422.16722 -31.41221 -7.78992 -309.89039 -207.56541 
-336.59408 -291.39897 -80.11133 82.52454 780.35485 422.13900 -28.44352 -8.39436 -308.46279 -210.21315 
-341.90126 -293.22275 -82.11010 81.39852 781.66514 425.35574 -26.06008 -9.11999 -307.82995 -204.34593 
-337.32315 -293.75023 -86.97892 79.51898 784.39028 418.95162 -24.37383 -11.15295 -302.74032 -209.85343 
-330.97222 -295.29865 -79.80636 84.89343 787.96574 418.95162 -22.35525 -10.72484 -296.82756 -206.29504 
-330.86741 -296.93228 -77.89817 80.96606 792.56182 419.23487 -27.42793 -12.22034 -299.47556 -209.26096 
-333.51322 -294.26160 -76.90394 78.52436 796.56703 419.95291 -27.11686 -10.96131 -297.74779 -205.67949 
-329.92184 -293.70711 -78.64856 76.34043 800.97509 416.37281 -26.56861 -10.96481 -294.52860 -204.11250 
-333.43346 -306.51242 -84.98968 82.69389 806.76618 421.20014 -29.79168 -12.94918 -288.59643 -205.93642 
-330.57375 -307.06524 -88.64995 82.01363 808.03936 416.95399 -28.23079 -14.57033 -294.32723 -207.29769 
-331.53905 -306.44509 -89.13533 78.47784 810.24194 425.75681 -25.26633 -13.46989 -291.25756 -208.25734 
-332.53715 -303.51832 -87.32012 79.58725 812.09087 449.02989 -27.32926 -12.62251 -293.71596 -204.72937 
-331.31120 -302.67303 -91.70052 78.35499 815.58742 456.44935 -27.22274 -13.22799 -295.39852 -205.69289 
-333.03804 -304.12858 -86.64958 72.01747 817.73517 452.14386 -29.39677 -11.87954 -293.06430 -208.27720 
-330.85249 -303.01218 -93.27253 75.32402 819.41613 446.09260 -29.66753 -12.64346 -297.85899 -203.19249 
-331.91675 -307.16054 -86.75846 75.30927 822.98743 441.01387 -29.67388 -12.14116 -301.72469 -205.11837 
-333.18272 -308.95765 -82.28471 78.20407 826.14304 440.49837 -28.07681 -13.17636 -330.88395 -211.83652 
-330.15424 -309.83754 -79.12760 80.36976 828.25772 449.66926 -29.27346 -13.81478 -333.51428 -210.38700 
-333.26077 -309.39183 -78.61049 77.26294 829.56979 445.68919 -34.30996 -12.27918 -330.45260 -205.50754 
-334.37070 -307.59082 -79.57849 73.58279 831.35264 441.06346 -38.85323 -8.38850 -326.65131 -202.53390 
-331.74508 -305.63567 -86.22616 72.68368 832.61018 435.63931 -38.77748 -9.81259 -322.74293 -200.11313 
-328.95013 -303.08681 -86.45004 72.00869 834.94232 433.80287 -42.60930 -8.79663 -319.06888 -199.03787 
-329.98562 -302.44872 -88.19104 71.81542 837.48504 432.59794 -42.50196 -7.36315 -319.20952 -199.87917 
-326.72246 -303.46490 -78.82489 73.27540 839.13361 429.93940 -41.87969 -8.05755 -348.36563 -200.95081 
-327.73107 -305.96456 -77.03407 75.36312 838.62229 451.42156 -37.34471 -7.76948 -346.32629 -196.11962 
-331.18356 -304.52942 -70.87624 69.86915 840.17711 447.93276 -35.79191 -6.18168 -340.81717 -197.64910 
-334.85780 -303.17285 -72.58888 72.67351 843.23244 443.85084 -32.01880 -3.22680 -342.57032 -203.27178 
-337.36247 -307.84002 -70.93956 78.65132 845.48804 439.49103 -32.01468 -2.79078 -338.35023 -202.37320 
-338.62832 -312.75423 -80.05319 73.00677 848.16363 438.41387 -31.84813 -1.97318 -338.71136 -208.69684 
-344.03384 -310.07098 -75.73119 94.70809 849.32465 443.08015 -30.34969 -4.60723 -340.97151 -215.83270 
-343.60245 -310.46259 -71.15016 91.87649 850.52506 450.48675 -32.73147 -2.55430 -339.21115 -212.20524 
-346.92219 -309.13591 -70.89854 86.18619 852.27902 448.67795 -29.48539 -5.16758 -336.26281 -211.61068 
-343.32328 -308.38090 -66.26593 86.98459 853.64766 443.63352 -30.17806 -5.84372 -335.37887 -208.06005 
-340.31907 -312.79837 -66.39787 87.24325 855.07137 478.09394 -32.87751 -6.77778 -349.53567 -220.37813 
-338.06460 -310.80662 -74.03843 90.72083 856.58525 504.85948 -33.05168 -7.17276 -348.94918 -224.42353 
-334.23595 -309.48817 -70.58205 91.99053 858.00934 509.43360 -33.91822 -5.41463 -346.69104 -225.67396 
-331.63846 -309.39556 -71.32260 88.05534 859.93644 512.42558 -34.36809 -1.57691 -342.84342 -222.72749 
-331.67288 -306.21350 -69.36895 87.17786 862.06152 506.67423 -30.98386 -0.98729 -337.84487 -217.29932 
-328.02797 -303.76637 -66.79987 86.63658 865.63097 501.05393 -34.05725 -0.45493 -334.23937 -215.49198 
-325.13669 -305.40022 -72.06051 89.00104 867.30801 500.97096 -41.00957 0.01770 -328.62359 -212.33395 
-327.82924 -311.49514 -62.60801 86.27731 868.37527 495.05929 -46.34510 1.14841 -334.51822 -211.85476 
-332.01124 -308.33225 -69.42888 83.78885 871.08973 491.89162 -45.34393 1.96045 -333.16751 -210.77154 
-329.40815 -308.28288 -68.11913 83.16071 873.78547 489.16204 -47.89443 -0.24244 -329.23280 -207.35844 
-334.98841 -310.65807 -73.86089 89.18354 875.14407 486.91053 -44.21933 -0.19223 -323.93688 -206.54503 
-335.33537 -311.15343 -72.89051 87.36823 875.29987 483.87406 -46.94864 -3.06810 -319.32229 -203.21605 
-337.41284 -310.55753 -73.70038 89.77942 875.78600 478.80718 -45.60709 -5.28863 -314.69142 -202.09130 
-337.08368 -307.90309 -70.36156 85.98850 875.64702 475.01552 -48.65477 -2.72866 -311.65451 -201.33543 
-337.59196 -308.23914 -66.20155 91.80738 876.43330 481.73111 -45.96319 -2.76830 -312.57333 -203.46657 
-334.44956 -308.08049 -70.42462 93.42537 877.60191 503.42978 -48.15929 -3.65123 -320.12650 -205.58589 
-333.41093 -307.30900 -75.55459 97.23397 879.24557 499.50046 -47.24068 -4.72776 -323.25820 -209.03190 
-335.73677 -307.21691 -76.71144 104.08434 880.47186 508.82448 -48.01282 -3.23934 -321.64829 -214.44350 
-332.54923 -305.83610 -76.35233 100.97491 880.46956 509.60604 -54.77047 -5.19555 -325.15428 -210.95191 
-329.59485 -305.37667 -81.52805 100.76021 882.13401 509.65587 -59.58702 -0.10395 -323.47267 -209.95134 
-328.70812 -303.27018 -77.42724 94.86601 884.12185 510.32973 -62.28730 1.55465 -320.91668 -209.33492 
-333.55115 -313.37393 -78.30022 92.70543 884.72332 502.80630 -62.26739 1.01606 -317.10787 -207.69648 
-332.24274 -312.07249 -80.50348 92.05353 886.18589 500.92927 -61.51818 -0.71485 -319.48145 -203.35757 
-328.90182 -310.83487 -78.22936 93.30245 886.47656 504.64172 -56.52824 -2.59224 -317.16813 -201.13360 
