0.2080074909615683
0.18932088799165
0.16575030784409436
0.15569469515469647
0.14474014583049855
0.13348316731109838
0.12459315498462911
0.11382917056080281
0.1118251519839017
0.09491342617277941
0.08928148921696642
0.08618824086480732
0.08737119092820898
0.06779070038491176
0.07390991417457088
0.06585656523311981
0.07724711962264987
0.06697324914798398
0.06482452259647521
0.05631302720147241
0.056423729436855016
0.04886766623207262
0.0488068726361657
0.06191080278388198
0.056453043033429566
0.056613163206049165
0.05737491749990594
0.03426833551463364
0.046349965502741494
0.05142467568694522
0.030071551454944292
0.0446175305368488
0.04368018579102215
0.05103876493012464
0.0546816763041851
0.04732186661796132
0.03181565783913421
0.04149805832629653
0.038767516504883935
0.03970917114340435
0.032321653317094634
0.056372987115944545
0.03326749084451063
0.02519744125343819
0.02418303346653931
0.02956832762509854
0.03936013876648441
0.05345318575855777
0.026028762236643195
0.030297926243983843
0.041792731020684114
0.03757219724340428
0.025104262623602405
0.016408017982754937
0.014518237946795333
0.02627439853670585
0.020274746501883007
0.023617597781410676
0.0227743831216871
0.02434080289672861
0.02475122141032178
0.029519276690440393
0.022471902992977084
0.029747753688610958
0.033683511114491485
0.015397181294188291
0.03689077612434258
0.02641912349863554
0.020680116362169848
0.028802870563041406
0.024792333849796944
0.02197751928444627
0.027343955102536146
0.01617575482027761
0.0212405948907555
0.05316806961780999
0.026971376454190184
0.02334397272611018
0.033471017196296915
0.0332221031367056
0.029988569196472897
0.039738557148694814
0.033574818223657286
0.017461909926294275
0.02852461638837091
0.03442524542428918
0.03196085506119369
0.020197678325558684
0.016989049507906914
0.014306179877588714
0.010740868245737495
0.027205926450564993
0.018359844711914604
0.017847305136231405
0.04584830264834776
0.030275672060188157
0.021789042323674925
0.030218465422890098
0.019459371633674036
0.029739552019036233
